JDTDB,Calendar Date (TDB),X,Y,Z,
2451085.888437500, A.D. 1998-Sep-29 09:19:21.0000,  3.963388504843261E+08, -4.691663902315845E+07, -7.893467197930270E+07,
2451086.888437500, A.D. 1998-Sep-30 09:19:21.0000,  3.963847466138114E+08, -4.543156678409072E+07, -7.957179753074130E+07,
2451087.888437500, A.D. 1998-Oct-01 09:19:21.0000,  3.964248170646889E+08, -4.394582653890759E+07, -8.020775096105281E+07,
2451088.888437500, A.D. 1998-Oct-02 09:19:21.0000,  3.964590612670604E+08, -4.245944015234170E+07, -8.084252290820119E+07,
2451089.888437500, A.D. 1998-Oct-03 09:19:21.0000,  3.964874787555037E+08, -4.097242950057158E+07, -8.147610403166336E+07,
2451090.888437500, A.D. 1998-Oct-04 09:19:21.0000,  3.965100691690919E+08, -3.948481647067085E+07, -8.210848501265776E+07,
2451091.888437500, A.D. 1998-Oct-05 09:19:21.0000,  3.965268322514043E+08, -3.799662296005843E+07, -8.273965655437213E+07,
2451092.888437500, A.D. 1998-Oct-06 09:19:21.0000,  3.965377678505337E+08, -3.650787087594946E+07, -8.336960938219027E+07,
2451093.888437500, A.D. 1998-Oct-07 09:19:21.0000,  3.965428759190871E+08, -3.501858213480730E+07, -8.399833424391778E+07,
2451094.888437500, A.D. 1998-Oct-08 09:19:21.0000,  3.965421565141811E+08, -3.352877866179635E+07, -8.462582191000700E+07,
2451095.888437500, A.D. 1998-Oct-09 09:19:21.0000,  3.965356097974346E+08, -3.203848239023593E+07, -8.525206317378107E+07,
2451096.888437500, A.D. 1998-Oct-10 09:19:21.0000,  3.965232360349537E+08, -3.054771526105481E+07, -8.587704885165690E+07,
2451097.888437500, A.D. 1998-Oct-11 09:19:21.0000,  3.965050355973148E+08, -2.905649922224680E+07, -8.650076978336741E+07,
2451098.888437500, A.D. 1998-Oct-12 09:19:21.0000,  3.964810089595428E+08, -2.756485622832694E+07, -8.712321683218277E+07,
2451099.888437500, A.D. 1998-Oct-13 09:19:21.0000,  3.964511567010838E+08, -2.607280823978861E+07, -8.774438088513060E+07,
2451100.888437500, A.D. 1998-Oct-14 09:19:21.0000,  3.964154795057756E+08, -2.458037722256127E+07, -8.836425285321566E+07,
2451101.888437500, A.D. 1998-Oct-15 09:19:21.0000,  3.963739781618131E+08, -2.308758514746882E+07, -8.898282367163806E+07,
2451102.888437500, A.D. 1998-Oct-16 09:19:21.0000,  3.963266535617102E+08, -2.159445398968881E+07, -8.960008430001085E+07,
2451103.888437500, A.D. 1998-Oct-17 09:19:21.0000,  3.962735067022567E+08, -2.010100572821214E+07, -9.021602572257666E+07,
2451104.888437500, A.D. 1998-Oct-18 09:19:21.0000,  3.962145386844737E+08, -1.860726234530346E+07, -9.083063894842312E+07,
2451105.888437500, A.D. 1998-Oct-19 09:19:21.0000,  3.961497507135623E+08, -1.711324582596215E+07, -9.144391501169762E+07,
2451106.888437500, A.D. 1998-Oct-20 09:19:21.0000,  3.960791440988510E+08, -1.561897815738403E+07, -9.205584497182079E+07,
2451107.888437500, A.D. 1998-Oct-21 09:19:21.0000,  3.960027202537372E+08, -1.412448132842384E+07, -9.266641991369924E+07,
2451108.888437500, A.D. 1998-Oct-22 09:19:21.0000,  3.959204806956265E+08, -1.262977732905789E+07, -9.327563094793700E+07,
2451109.888437500, A.D. 1998-Oct-23 09:19:21.0000,  3.958324270458674E+08, -1.113488814984810E+07, -9.388346921104620E+07,
2451110.888437500, A.D. 1998-Oct-24 09:19:21.0000,  3.957385610296824E+08, -9.639835781406298E+06, -9.448992586565661E+07,
2451111.888437500, A.D. 1998-Oct-25 09:19:21.0000,  3.956388844760954E+08, -8.144642213859491E+06, -9.509499210072409E+07,
2451112.888437500, A.D. 1998-Oct-26 09:19:21.0000,  3.955333993178553E+08, -6.649329436316002E+06, -9.569865913173792E+07,
2451113.888437500, A.D. 1998-Oct-27 09:19:21.0000,  3.954221075913556E+08, -5.153919436332397E+06, -9.630091820092747E+07,
2451114.888437500, A.D. 1998-Oct-28 09:19:21.0000,  3.953050114365511E+08, -3.658434199381493E+06, -9.690176057746729E+07,
2451115.888437500, A.D. 1998-Oct-29 09:19:21.0000,  3.951821130968699E+08, -2.162895708321445E+06, -9.750117755768149E+07,
2451116.888437500, A.D. 1998-Oct-30 09:19:21.0000,  3.950534149191222E+08, -6.673259428659454E+05, -9.809916046524692E+07,
2451117.888437500, A.D. 1998-Oct-31 09:19:21.0000,  3.949189193534060E+08,  8.282531209442765E+05, -9.869570065139525E+07,
2451118.888437500, A.D. 1998-Nov-01 09:19:21.0000,  3.947786289530078E+08,  2.323819511268571E+06, -9.929078949511415E+07,
2451119.888437500, A.D. 1998-Nov-02 09:19:21.0000,  3.946325463743014E+08,  3.819351260991901E+06, -9.988441840334724E+07,
2451120.888437500, A.D. 1998-Nov-03 09:19:21.0000,  3.944806743766423E+08,  5.314826408248797E+06, -1.004765788111931E+08,
2451121.888437500, A.D. 1998-Nov-04 09:19:21.0000,  3.943230158222597E+08,  6.810222996945247E+06, -1.010672621821032E+08,
2451122.888437500, A.D. 1998-Nov-05 09:19:21.0000,  3.941595736761439E+08,  8.305519077279188E+06, -1.016564600080787E+08,
2451123.888437500, A.D. 1998-Nov-06 09:19:21.0000,  3.939903510059329E+08,  9.800692706257686E+06, -1.022441638098666E+08,
2451124.888437500, A.D. 1998-Nov-07 09:19:21.0000,  3.938153509817942E+08,  1.129572194821292E+07, -1.028303651371547E+08,
2451125.888437500, A.D. 1998-Nov-08 09:19:21.0000,  3.936345768763063E+08,  1.279058487531501E+07, -1.034150555687651E+08,
2451126.888437500, A.D. 1998-Nov-09 09:19:21.0000,  3.934480320643365E+08,  1.428525956808215E+07, -1.039982267128480E+08,
2451127.888437500, A.D. 1998-Nov-10 09:19:21.0000,  3.932557200229186E+08,  1.577972411588842E+07, -1.045798702070739E+08,
2451128.888437500, A.D. 1998-Nov-11 09:19:21.0000,  3.930576443311293E+08,  1.727395661746756E+07, -1.051599777188243E+08,
2451129.888437500, A.D. 1998-Nov-12 09:19:21.0000,  3.928538086699635E+08,  1.876793518141507E+07, -1.057385409453834E+08,
2451130.888437500, A.D. 1998-Nov-13 09:19:21.0000,  3.926442168222123E+08,  2.026163792668673E+07, -1.063155516141273E+08,
2451131.888437500, A.D. 1998-Nov-14 09:19:21.0000,  3.924288726723407E+08,  2.175504298309483E+07, -1.068910014827138E+08,
2451132.888437500, A.D. 1998-Nov-15 09:19:21.0000,  3.922077802063698E+08,  2.324812849180245E+07, -1.074648823392713E+08,
2451133.888437500, A.D. 1998-Nov-16 09:19:21.0000,  3.919809435117597E+08,  2.474087260581595E+07, -1.080371860025863E+08,
2451134.888437500, A.D. 1998-Nov-17 09:19:21.0000,  3.917483667773019E+08,  2.623325349047798E+07, -1.086079043222916E+08,
2451135.888437500, A.D. 1998-Nov-18 09:19:21.0000,  3.915100542930139E+08,  2.772524932396170E+07, -1.091770291790528E+08,
2451136.888437500, A.D. 1998-Nov-19 09:19:21.0000,  3.912660104500431E+08,  2.921683829776888E+07, -1.097445524847552E+08,
2451137.888437500, A.D. 1998-Nov-20 09:19:21.0000,  3.910162397405788E+08,  3.070799861723418E+07, -1.103104661826886E+08,
2451138.888437500, A.D. 1998-Nov-21 09:19:21.0000,  3.907607467577707E+08,  3.219870850203983E+07, -1.108747622477317E+08,
2451139.888437500, A.D. 1998-Nov-22 09:19:21.0000,  3.904995361956547E+08,  3.368894618674398E+07, -1.114374326865346E+08,
2451140.888437500, A.D. 1998-Nov-23 09:19:21.0000,  3.902326128490859E+08,  3.517868992132653E+07, -1.119984695376993E+08,
2451141.888437500, A.D. 1998-Nov-24 09:19:21.0000,  3.899599816136715E+08,  3.666791797175982E+07, -1.125578648719574E+08,
2451142.888437500, A.D. 1998-Nov-25 09:19:21.0000,  3.896816474856988E+08,  3.815660862060372E+07, -1.131156107923439E+08,
2451143.888437500, A.D. 1998-Nov-26 09:19:21.0000,  3.893976155620552E+08,  3.964474016763121E+07, -1.136716994343664E+08,
2451144.888437500, A.D. 1998-Nov-27 09:19:21.0000,  3.891078910401248E+08,  4.113229093048364E+07, -1.142261229661692E+08,
2451145.888437500, A.D. 1998-Nov-28 09:19:21.0000,  3.888124792176579E+08,  4.261923924535403E+07, -1.147788735886910E+08,
2451146.888437500, A.D. 1998-Nov-29 09:19:21.0000,  3.885113854925968E+08,  4.410556346769206E+07, -1.153299435358156E+08,
2451147.888437500, A.D. 1998-Nov-30 09:19:21.0000,  3.882046153628547E+08,  4.559124197292054E+07, -1.158793250745165E+08,
2451148.888437500, A.D. 1998-Dec-01 09:19:21.0000,  3.878921744260380E+08,  4.707625315715060E+07, -1.164270105049951E+08,
2451149.888437500, A.D. 1998-Dec-02 09:19:21.0000,  3.875740683791142E+08,  4.856057543787894E+07, -1.169729921608136E+08,
2451150.888437500, A.D. 1998-Dec-03 09:19:21.0000,  3.872503030180272E+08,  5.004418725465164E+07, -1.175172624090259E+08,
2451151.888437500, A.D. 1998-Dec-04 09:19:21.0000,  3.869208842372711E+08,  5.152706706967976E+07, -1.180598136503061E+08,
2451152.888437500, A.D. 1998-Dec-05 09:19:21.0000,  3.865858180294389E+08,  5.300919336839626E+07, -1.186006383190791E+08,
2451153.888437500, A.D. 1998-Dec-06 09:19:21.0000,  3.862451104847642E+08,  5.449054465995172E+07, -1.191397288836538E+08,
2451154.888437500, A.D. 1998-Dec-07 09:19:21.0000,  3.858987677906703E+08,  5.597109947764932E+07, -1.196770778463614E+08,
2451155.888437500, A.D. 1998-Dec-08 09:19:21.0000,  3.855467962313476E+08,  5.745083637932840E+07, -1.202126777436985E+08,
2451156.888437500, A.D. 1998-Dec-09 09:19:21.0000,  3.851892021873668E+08,  5.892973394770991E+07, -1.207465211464758E+08,
2451157.888437500, A.D. 1998-Dec-10 09:19:21.0000,  3.848259921353360E+08,  6.040777079071711E+07, -1.212786006599714E+08,
2451158.888437500, A.D. 1998-Dec-11 09:19:21.0000,  3.844571726476012E+08,  6.188492554178656E+07, -1.218089089240879E+08,
2451159.888437500, A.D. 1998-Dec-12 09:19:21.0000,  3.840827503919879E+08,  6.336117686018299E+07, -1.223374386135111E+08,
2451160.888437500, A.D. 1998-Dec-13 09:19:21.0000,  3.837027321315759E+08,  6.483650343132690E+07, -1.228641824378701E+08,
2451161.888437500, A.D. 1998-Dec-14 09:19:21.0000,  3.833171247245005E+08,  6.631088396714154E+07, -1.233891331418962E+08,
2451162.888437500, A.D. 1998-Dec-15 09:19:21.0000,  3.829259351237704E+08,  6.778429720642269E+07, -1.239122835055808E+08,
2451163.888437500, A.D. 1998-Dec-16 09:19:21.0000,  3.825291703770945E+08,  6.925672191523144E+07, -1.244336263443307E+08,
2451164.888437500, A.D. 1998-Dec-17 09:19:21.0000,  3.821268376267133E+08,  7.072813688730989E+07, -1.249531545091203E+08,
2451165.888437500, A.D. 1998-Dec-18 09:19:21.0000,  3.817189441092253E+08,  7.219852094451573E+07, -1.254708608866408E+08,
2451166.888437500, A.D. 1998-Dec-19 09:19:21.0000,  3.813054971554090E+08,  7.366785293727347E+07, -1.259867383994462E+08,
2451167.888437500, A.D. 1998-Dec-20 09:19:21.0000,  3.808865041900357E+08,  7.513611174503848E+07, -1.265007800060963E+08,
2451168.888437500, A.D. 1998-Dec-21 09:19:21.0000,  3.804619727316719E+08,  7.660327627677141E+07, -1.270129787012958E+08,
2451169.888437500, A.D. 1998-Dec-22 09:19:21.0000,  3.800319103924710E+08,  7.806932547141957E+07, -1.275233275160313E+08,
2451170.888437500, A.D. 1998-Dec-23 09:19:21.0000,  3.795963248779547E+08,  7.953423829840243E+07, -1.280318195177053E+08,
2451171.888437500, A.D. 1998-Dec-24 09:19:21.0000,  3.791552239867834E+08,  8.099799375810021E+07, -1.285384478102673E+08,
2451172.888437500, A.D. 1998-Dec-25 09:19:21.0000,  3.787086156105170E+08,  8.246057088234320E+07, -1.290432055343432E+08,
2451173.888437500, A.D. 1998-Dec-26 09:19:21.0000,  3.782565077333661E+08,  8.392194873490080E+07, -1.295460858673618E+08,
2451174.888437500, A.D. 1998-Dec-27 09:19:21.0000,  3.777989084319359E+08,  8.538210641196936E+07, -1.300470820236794E+08,
2451175.888437500, A.D. 1998-Dec-28 09:19:21.0000,  3.773358258749614E+08,  8.684102304265788E+07, -1.305461872547031E+08,
2451176.888437500, A.D. 1998-Dec-29 09:19:21.0000,  3.768672683230356E+08,  8.829867778947133E+07, -1.310433948490114E+08,
2451177.888437500, A.D. 1998-Dec-30 09:19:21.0000,  3.763932441283327E+08,  8.975504984879127E+07, -1.315386981324734E+08,
2451178.888437500, A.D. 1998-Dec-31 09:19:21.0000,  3.759137617343237E+08,  9.121011845135355E+07, -1.320320904683663E+08,
2451179.888437500, A.D. 1999-Jan-01 09:19:21.0000,  3.754288296754884E+08,  9.266386286272226E+07, -1.325235652574911E+08,
2451180.888437500, A.D. 1999-Jan-02 09:19:21.0000,  3.749384565770218E+08,  9.411626238376135E+07, -1.330131159382870E+08,
2451181.888437500, A.D. 1999-Jan-03 09:19:21.0000,  3.744426511545360E+08,  9.556729635110229E+07, -1.335007359869439E+08,
2451182.888437500, A.D. 1999-Jan-04 09:19:21.0000,  3.739414222137583E+08,  9.701694413760893E+07, -1.339864189175135E+08,
2451183.888437500, A.D. 1999-Jan-05 09:19:21.0000,  3.734347786502257E+08,  9.846518515283892E+07, -1.344701582820188E+08,
2451184.888437500, A.D. 1999-Jan-06 09:19:21.0000,  3.729227294489749E+08,  9.991199884350219E+07, -1.349519476705619E+08,
2451185.888437500, A.D. 1999-Jan-07 09:19:21.0000,  3.724052836842300E+08,  1.013573646939161E+08, -1.354317807114310E+08,
2451186.888437500, A.D. 1999-Jan-08 09:19:21.0000,  3.718824505190860E+08,  1.028012622264577E+08, -1.359096510712049E+08,
2451187.888437500, A.D. 1999-Jan-09 09:19:21.0000,  3.713542392051901E+08,  1.042436710020129E+08, -1.363855524548565E+08,
2451188.888437500, A.D. 1999-Jan-10 09:19:21.0000,  3.708206590824187E+08,  1.056845706204227E+08, -1.368594786058549E+08,
2451189.888437500, A.D. 1999-Jan-11 09:19:21.0000,  3.702817195785531E+08,  1.071239407209266E+08, -1.373314233062657E+08,
2451190.888437500, A.D. 1999-Jan-12 09:19:21.0000,  3.697374302089509E+08,  1.085617609826026E+08, -1.378013803768501E+08,
2451191.888437500, A.D. 1999-Jan-13 09:19:21.0000,  3.691878005762157E+08,  1.099980111248051E+08, -1.382693436771623E+08,
2451192.888437500, A.D. 1999-Jan-14 09:19:21.0000,  3.686328403698634E+08,  1.114326709075996E+08, -1.387353071056450E+08,
2451193.888437500, A.D. 1999-Jan-15 09:19:21.0000,  3.680725593659860E+08,  1.128657201321940E+08, -1.391992645997247E+08,
2451194.888437500, A.D. 1999-Jan-16 09:19:21.0000,  3.675069674269133E+08,  1.142971386413679E+08, -1.396612101359037E+08,
2451195.888437500, A.D. 1999-Jan-17 09:19:21.0000,  3.669360745008712E+08,  1.157269063198988E+08, -1.401211377298521E+08,
2451196.888437500, A.D. 1999-Jan-18 09:19:21.0000,  3.663598906216378E+08,  1.171550030949847E+08, -1.405790414364972E+08,
2451197.888437500, A.D. 1999-Jan-19 09:19:21.0000,  3.657784259081980E+08,  1.185814089366654E+08, -1.410349153501127E+08,
2451198.888437500, A.D. 1999-Jan-20 09:19:21.0000,  3.651916905643933E+08,  1.200061038582389E+08, -1.414887536044047E+08,
2451199.888437500, A.D. 1999-Jan-21 09:19:21.0000,  3.645996948785711E+08,  1.214290679166764E+08, -1.419405503725974E+08,
2451200.888437500, A.D. 1999-Jan-22 09:19:21.0000,  3.640024492232314E+08,  1.228502812130337E+08, -1.423902998675171E+08,
2451201.888437500, A.D. 1999-Jan-23 09:19:21.0000,  3.633999640546703E+08,  1.242697238928591E+08, -1.428379963416745E+08,
2451202.888437500, A.D. 1999-Jan-24 09:19:21.0000,  3.627922499126214E+08,  1.256873761465994E+08, -1.432836340873455E+08,
2451203.888437500, A.D. 1999-Jan-25 09:19:21.0000,  3.621793174198957E+08,  1.271032182100013E+08, -1.437272074366507E+08,
2451204.888437500, A.D. 1999-Jan-26 09:19:21.0000,  3.615611772820178E+08,  1.285172303645104E+08, -1.441687107616330E+08,
2451205.888437500, A.D. 1999-Jan-27 09:19:21.0000,  3.609378402868610E+08,  1.299293929376664E+08, -1.446081384743345E+08,
2451206.888437500, A.D. 1999-Jan-28 09:19:21.0000,  3.603093173042808E+08,  1.313396863034957E+08, -1.450454850268709E+08,
2451207.888437500, A.D. 1999-Jan-29 09:19:21.0000,  3.596756192857444E+08,  1.327480908828972E+08, -1.454807449115055E+08,
2451208.888437500, A.D. 1999-Jan-30 09:19:21.0000,  3.590367572639598E+08,  1.341545871440304E+08, -1.459139126607209E+08,
2451209.888437500, A.D. 1999-Jan-31 09:19:21.0000,  3.583927423525037E+08,  1.355591556026934E+08, -1.463449828472897E+08,
2451210.888437500, A.D. 1999-Feb-01 09:19:21.0000,  3.577435857454457E+08,  1.369617768227001E+08, -1.467739500843441E+08,
2451211.888437500, A.D. 1999-Feb-02 09:19:21.0000,  3.570892987169732E+08,  1.383624314162523E+08, -1.472008090254433E+08,
2451212.888437500, A.D. 1999-Feb-03 09:19:21.0000,  3.564298926210144E+08,  1.397611000443079E+08, -1.476255543646405E+08,
2451213.888437500, A.D. 1999-Feb-04 09:19:21.0000,  3.557653788908604E+08,  1.411577634169440E+08, -1.480481808365476E+08,
2451214.888437500, A.D. 1999-Feb-05 09:19:21.0000,  3.550957690387872E+08,  1.425524022937152E+08, -1.484686832164001E+08,
2451215.888437500, A.D. 1999-Feb-06 09:19:21.0000,  3.544210746556780E+08,  1.439449974840083E+08, -1.488870563201193E+08,
2451216.888437500, A.D. 1999-Feb-07 09:19:21.0000,  3.537413074106463E+08,  1.453355298473901E+08, -1.493032950043741E+08,
2451217.888437500, A.D. 1999-Feb-08 09:19:21.0000,  3.530564790506600E+08,  1.467239802939524E+08, -1.497173941666422E+08,
2451218.888437500, A.D. 1999-Feb-09 09:19:21.0000,  3.523666014001688E+08,  1.481103297846510E+08, -1.501293487452691E+08,
2451219.888437500, A.D. 1999-Feb-10 09:19:21.0000,  3.516716863607341E+08,  1.494945593316399E+08, -1.505391537195271E+08,
2451220.888437500, A.D. 1999-Feb-11 09:19:21.0000,  3.509717459106638E+08,  1.508766499986036E+08, -1.509468041096732E+08,
2451221.888437500, A.D. 1999-Feb-12 09:19:21.0000,  3.502667921046520E+08,  1.522565829010838E+08, -1.513522949770061E+08,
2451222.888437500, A.D. 1999-Feb-13 09:19:21.0000,  3.495568370734269E+08,  1.536343392068058E+08, -1.517556214239224E+08,
2451223.888437500, A.D. 1999-Feb-14 09:19:21.0000,  3.488418930234052E+08,  1.550099001360043E+08, -1.521567785939716E+08,
2451224.888437500, A.D. 1999-Feb-15 09:19:21.0000,  3.481219722363566E+08,  1.563832469617507E+08, -1.525557616719108E+08,
2451225.888437500, A.D. 1999-Feb-16 09:19:21.0000,  3.473970870690771E+08,  1.577543610102863E+08, -1.529525658837581E+08,
2451226.888437500, A.D. 1999-Feb-17 09:19:21.0000,  3.466672499530730E+08,  1.591232236613619E+08, -1.533471864968435E+08,
2451227.888437500, A.D. 1999-Feb-18 09:19:21.0000,  3.459324733942534E+08,  1.604898163485918E+08, -1.537396188198602E+08,
2451228.888437500, A.D. 1999-Feb-19 09:19:21.0000,  3.451927699726295E+08,  1.618541205598226E+08, -1.541298582029111E+08,
2451229.888437500, A.D. 1999-Feb-20 09:19:21.0000,  3.444481523420175E+08,  1.632161178375245E+08, -1.545179000375543E+08,
2451230.888437500, A.D. 1999-Feb-21 09:19:21.0000,  3.436986332297392E+08,  1.645757897792066E+08, -1.549037397568431E+08,
2451231.888437500, A.D. 1999-Feb-22 09:19:21.0000,  3.429442254363131E+08,  1.659331180378603E+08, -1.552873728353622E+08,
2451232.888437500, A.D. 1999-Feb-23 09:19:21.0000,  3.421849418351272E+08,  1.672880843224310E+08, -1.556687947892582E+08,
2451233.888437500, A.D. 1999-Feb-24 09:19:21.0000,  3.414207953720824E+08,  1.686406703983159E+08, -1.560480011762630E+08,
2451234.888437500, A.D. 1999-Feb-25 09:19:21.0000,  3.406517990651984E+08,  1.699908580878809E+08, -1.564249875957112E+08,
2451235.888437500, A.D. 1999-Feb-26 09:19:21.0000,  3.398779660041701E+08,  1.713386292709889E+08, -1.567997496885504E+08,
2451236.888437500, A.D. 1999-Feb-27 09:19:21.0000,  3.390993093498725E+08,  1.726839658855217E+08, -1.571722831373447E+08,
2451237.888437500, A.D. 1999-Feb-28 09:19:21.0000,  3.383158423338097E+08,  1.740268499278848E+08, -1.575425836662745E+08,
2451238.888437500, A.D. 1999-Mar-01 09:19:21.0000,  3.375275782575170E+08,  1.753672634534752E+08, -1.579106470411318E+08,
2451239.888437500, A.D. 1999-Mar-02 09:19:21.0000,  3.367345304919223E+08,  1.767051885770997E+08, -1.582764690693155E+08,
2451240.888437500, A.D. 1999-Mar-03 09:19:21.0000,  3.359367124766843E+08,  1.780406074733320E+08, -1.586400455998272E+08,
2451241.888437500, A.D. 1999-Mar-04 09:19:21.0000,  3.351341377195268E+08,  1.793735023768074E+08, -1.590013725232704E+08,
2451242.888437500, A.D. 1999-Mar-05 09:19:21.0000,  3.343268197955840E+08,  1.807038555824561E+08, -1.593604457718545E+08,
2451243.888437500, A.D. 1999-Mar-06 09:19:21.0000,  3.335147723467753E+08,  1.820316494456840E+08, -1.597172613194034E+08,
2451244.888437500, A.D. 1999-Mar-07 09:19:21.0000,  3.326980090812188E+08,  1.833568663825139E+08, -1.600718151813709E+08,
2451245.888437500, A.D. 1999-Mar-08 09:19:21.0000,  3.318765437726904E+08,  1.846794888696995E+08, -1.604241034148588E+08,
2451246.888437500, A.D. 1999-Mar-09 09:19:21.0000,  3.310503902601288E+08,  1.859994994448319E+08, -1.607741221186401E+08,
2451247.888437500, A.D. 1999-Mar-10 09:19:21.0000,  3.302195624471849E+08,  1.873168807064474E+08, -1.611218674331844E+08,
2451248.888437500, A.D. 1999-Mar-11 09:19:21.0000,  3.293840743018029E+08,  1.886316153141457E+08, -1.614673355406821E+08,
2451249.888437500, A.D. 1999-Mar-12 09:19:21.0000,  3.285439398558329E+08,  1.899436859887279E+08, -1.618105226650708E+08,
2451250.888437500, A.D. 1999-Mar-13 09:19:21.0000,  3.276991732046614E+08,  1.912530755123554E+08, -1.621514250720583E+08,
2451251.888437500, A.D. 1999-Mar-14 09:19:21.0000,  3.268497885068517E+08,  1.925597667287309E+08, -1.624900390691438E+08,
2451252.888437500, A.D. 1999-Mar-15 09:19:21.0000,  3.259957999837909E+08,  1.938637425433002E+08, -1.628263610056364E+08,
2451253.888437500, A.D. 1999-Mar-16 09:19:21.0000,  3.251372219193359E+08,  1.951649859234712E+08, -1.631603872726705E+08,
2451254.888437500, A.D. 1999-Mar-17 09:19:21.0000,  3.242740686594547E+08,  1.964634798988497E+08, -1.634921143032182E+08,
2451255.888437500, A.D. 1999-Mar-18 09:19:21.0000,  3.234063546118623E+08,  1.977592075614854E+08, -1.638215385720978E+08,
2451256.888437500, A.D. 1999-Mar-19 09:19:21.0000,  3.225340942456474E+08,  1.990521520661269E+08, -1.641486565959809E+08,
2451257.888437500, A.D. 1999-Mar-20 09:19:21.0000,  3.216573020908915E+08,  2.003422966304824E+08, -1.644734649333945E+08,
2451258.888437500, A.D. 1999-Mar-21 09:19:21.0000,  3.207759927382793E+08,  2.016296245354843E+08, -1.647959601847229E+08,
2451259.888437500, A.D. 1999-Mar-22 09:19:21.0000,  3.198901808387007E+08,  2.029141191255541E+08, -1.651161389922052E+08,
2451260.888437500, A.D. 1999-Mar-23 09:19:21.0000,  3.189998811028451E+08,  2.041957638088678E+08, -1.654339980399321E+08,
2451261.888437500, A.D. 1999-Mar-24 09:19:21.0000,  3.181051083007894E+08,  2.054745420576192E+08, -1.657495340538394E+08,
2451262.888437500, A.D. 1999-Mar-25 09:19:21.0000,  3.172058772615796E+08,  2.067504374082811E+08, -1.660627438017008E+08,
2451263.888437500, A.D. 1999-Mar-26 09:19:21.0000,  3.163022028728065E+08,  2.080234334618638E+08, -1.663736240931180E+08,
2451264.888437500, A.D. 1999-Mar-27 09:19:21.0000,  3.153941000801786E+08,  2.092935138841685E+08, -1.666821717795094E+08,
2451265.888437500, A.D. 1999-Mar-28 09:19:21.0000,  3.144815838870879E+08,  2.105606624060389E+08, -1.669883837540976E+08,
2451266.888437500, A.D. 1999-Mar-29 09:19:21.0000,  3.135646693541758E+08,  2.118248628236070E+08, -1.672922569518952E+08,
2451267.888437500, A.D. 1999-Mar-30 09:19:21.0000,  3.126433715988936E+08,  2.130860989985358E+08, -1.675937883496890E+08,
2451268.888437500, A.D. 1999-Mar-31 09:19:21.0000,  3.117177057950615E+08,  2.143443548582570E+08, -1.678929749660228E+08,
2451269.888437500, A.D. 1999-Apr-01 09:19:21.0000,  3.107876871724254E+08,  2.155996143962045E+08, -1.681898138611789E+08,
2451270.888437500, A.D. 1999-Apr-02 09:19:21.0000,  3.098533310162122E+08,  2.168518616720446E+08, -1.684843021371589E+08,
2451271.888437500, A.D. 1999-Apr-03 09:19:21.0000,  3.089146526666831E+08,  2.181010808119009E+08, -1.687764369376622E+08,
2451272.888437500, A.D. 1999-Apr-04 09:19:21.0000,  3.079716675186859E+08,  2.193472560085758E+08, -1.690662154480637E+08,
2451273.888437500, A.D. 1999-Apr-05 09:19:21.0000,  3.070243910212062E+08,  2.205903715217681E+08, -1.693536348953905E+08,
2451274.888437500, A.D. 1999-Apr-06 09:19:21.0000,  3.060728386769181E+08,  2.218304116782853E+08, -1.696386925482967E+08,
2451275.888437500, A.D. 1999-Apr-07 09:19:21.0000,  3.051170260417334E+08,  2.230673608722542E+08, -1.699213857170377E+08,
2451276.888437500, A.D. 1999-Apr-08 09:19:21.0000,  3.041569687243508E+08,  2.243012035653261E+08, -1.702017117534432E+08,
2451277.888437500, A.D. 1999-Apr-09 09:19:21.0000,  3.031926823858042E+08,  2.255319242868781E+08, -1.704796680508876E+08,
2451278.888437500, A.D. 1999-Apr-10 09:19:21.0000,  3.022241827390109E+08,  2.267595076342122E+08, -1.707552520442618E+08,
2451279.888437500, A.D. 1999-Apr-11 09:19:21.0000,  3.012514855483192E+08,  2.279839382727492E+08, -1.710284612099411E+08,
2451280.888437500, A.D. 1999-Apr-12 09:19:21.0000,  3.002746066290548E+08,  2.292052009362195E+08, -1.712992930657539E+08,
2451281.888437500, A.D. 1999-Apr-13 09:19:21.0000,  2.992935618470695E+08,  2.304232804268508E+08, -1.715677451709480E+08,
2451282.888437500, A.D. 1999-Apr-14 09:19:21.0000,  2.983083671182864E+08,  2.316381616155515E+08, -1.718338151261563E+08,
2451283.888437500, A.D. 1999-Apr-15 09:19:21.0000,  2.973190384082472E+08,  2.328498294420914E+08, -1.720975005733613E+08,
2451284.888437500, A.D. 1999-Apr-16 09:19:21.0000,  2.963255917316586E+08,  2.340582689152774E+08, -1.723587991958583E+08,
2451285.888437500, A.D. 1999-Apr-17 09:19:21.0000,  2.953280431519390E+08,  2.352634651131276E+08, -1.726177087182172E+08,
2451286.888437500, A.D. 1999-Apr-18 09:19:21.0000,  2.943264087807639E+08,  2.364654031830409E+08, -1.728742269062437E+08,
2451287.888437500, A.D. 1999-Apr-19 09:19:21.0000,  2.933207047776129E+08,  2.376640683419622E+08, -1.731283515669392E+08,
2451288.888437500, A.D. 1999-Apr-20 09:19:21.0000,  2.923109473493158E+08,  2.388594458765460E+08, -1.733800805484590E+08,
2451289.888437500, A.D. 1999-Apr-21 09:19:21.0000,  2.912971527495987E+08,  2.400515211433147E+08, -1.736294117400703E+08,
2451290.888437500, A.D. 1999-Apr-22 09:19:21.0000,  2.902793372786306E+08,  2.412402795688143E+08, -1.738763430721085E+08,
2451291.888437500, A.D. 1999-Apr-23 09:19:21.0000,  2.892575172825695E+08,  2.424257066497660E+08, -1.741208725159325E+08,
2451292.888437500, A.D. 1999-Apr-24 09:19:21.0000,  2.882317091531093E+08,  2.436077879532136E+08, -1.743629980838788E+08,
2451293.888437500, A.D. 1999-Apr-25 09:19:21.0000,  2.872019293270265E+08,  2.447865091166687E+08, -1.746027178292154E+08,
2451294.888437500, A.D. 1999-Apr-26 09:19:21.0000,  2.861681942857280E+08,  2.459618558482500E+08, -1.748400298460931E+08,
2451295.888437500, A.D. 1999-Apr-27 09:19:21.0000,  2.851305205547978E+08,  2.471338139268198E+08, -1.750749322694973E+08,
2451296.888437500, A.D. 1999-Apr-28 09:19:21.0000,  2.840889247035457E+08,  2.483023692021163E+08, -1.753074232751980E+08,
2451297.888437500, A.D. 1999-Apr-29 09:19:21.0000,  2.830434233445560E+08,  2.494675075948817E+08, -1.755375010796992E+08,
2451298.888437500, A.D. 1999-Apr-30 09:19:21.0000,  2.819940331332374E+08,  2.506292150969849E+08, -1.757651639401869E+08,
2451299.888437500, A.D. 1999-May-01 09:19:21.0000,  2.809407707673732E+08,  2.517874777715420E+08, -1.759904101544770E+08,
2451300.888437500, A.D. 1999-May-02 09:19:21.0000,  2.798836529866742E+08,  2.529422817530296E+08, -1.762132380609613E+08,
2451301.888437500, A.D. 1999-May-03 09:19:21.0000,  2.788226965723321E+08,  2.540936132473948E+08, -1.764336460385540E+08,
2451302.888437500, A.D. 1999-May-04 09:19:21.0000,  2.777579183465756E+08,  2.552414585321607E+08, -1.766516325066365E+08,
2451303.888437500, A.D. 1999-May-05 09:19:21.0000,  2.766893351722291E+08,  2.563858039565253E+08, -1.768671959250015E+08,
2451304.888437500, A.D. 1999-May-06 09:19:21.0000,  2.756169639522743E+08,  2.575266359414572E+08, -1.770803347937973E+08,
2451305.888437500, A.D. 1999-May-07 09:19:21.0000,  2.745408216294167E+08,  2.586639409797847E+08, -1.772910476534709E+08,
2451306.888437500, A.D. 1999-May-08 09:19:21.0000,  2.734609251856555E+08,  2.597977056362819E+08, -1.774993330847110E+08,
2451307.888437500, A.D. 1999-May-09 09:19:21.0000,  2.723772916418607E+08,  2.609279165477487E+08, -1.777051897083901E+08,
2451308.888437500, A.D. 1999-May-10 09:19:21.0000,  2.712899380573562E+08,  2.620545604230867E+08, -1.779086161855069E+08,
2451309.888437500, A.D. 1999-May-11 09:19:21.0000,  2.701988815295097E+08,  2.631776240433759E+08, -1.781096112171276E+08,
2451310.888437500, A.D. 1999-May-12 09:19:21.0000,  2.691041391933364E+08,  2.642970942619427E+08, -1.783081735443286E+08,
2451311.888437500, A.D. 1999-May-13 09:19:21.0000,  2.680057282211079E+08,  2.654129580044336E+08, -1.785043019481368E+08,
2451312.888437500, A.D. 1999-May-14 09:19:21.0000,  2.669036658219750E+08,  2.665252022688889E+08, -1.786979952494710E+08,
2451313.888437500, A.D. 1999-May-15 09:19:21.0000,  2.657979692416027E+08,  2.676338141258215E+08, -1.788892523090822E+08,
2451314.888437500, A.D. 1999-May-16 09:19:21.0000,  2.646886557618174E+08,  2.687387807183039E+08, -1.790780720274931E+08,
2451315.888437500, A.D. 1999-May-17 09:19:21.0000,  2.635757427002636E+08,  2.698400892620686E+08, -1.792644533449367E+08,
2451316.888437500, A.D. 1999-May-18 09:19:21.0000,  2.624592474100731E+08,  2.709377270456240E+08, -1.794483952412929E+08,
2451317.888437500, A.D. 1999-May-19 09:19:21.0000,  2.613391872795373E+08,  2.720316814303931E+08, -1.796298967360225E+08,
2451318.888437500, A.D. 1999-May-20 09:19:21.0000,  2.602155797317798E+08,  2.731219398508772E+08, -1.798089568880985E+08,
2451319.888437500, A.D. 1999-May-21 09:19:21.0000,  2.590884422244222E+08,  2.742084898148468E+08, -1.799855747959323E+08,
2451320.888437500, A.D. 1999-May-22 09:19:21.0000,  2.579577922492339E+08,  2.752913189035616E+08, -1.801597495972959E+08,
2451321.888437500, A.D. 1999-May-23 09:19:21.0000,  2.568236473317542E+08,  2.763704147720170E+08, -1.803314804692376E+08,
2451322.888437500, A.D. 1999-May-24 09:19:21.0000,  2.556860250308779E+08,  2.774457651492091E+08, -1.805007666279914E+08,
2451323.888437500, A.D. 1999-May-25 09:19:21.0000,  2.545449429383950E+08,  2.785173578384104E+08, -1.806676073288810E+08,
2451324.888437500, A.D. 1999-May-26 09:19:21.0000,  2.534004186784802E+08,  2.795851807174414E+08, -1.808320018662172E+08,
2451325.888437500, A.D. 1999-May-27 09:19:21.0000,  2.522524699071301E+08,  2.806492217389218E+08, -1.809939495731919E+08,
2451326.888437500, A.D. 1999-May-28 09:19:21.0000,  2.511011143115534E+08,  2.817094689304865E+08, -1.811534498217689E+08,
2451327.888437500, A.D. 1999-May-29 09:19:21.0000,  2.499463696095249E+08,  2.827659103949510E+08, -1.813105020225747E+08,
2451328.888437500, A.D. 1999-May-30 09:19:21.0000,  2.487882535487195E+08,  2.838185343104169E+08, -1.814651056247909E+08,
2451329.888437500, A.D. 1999-May-31 09:19:21.0000,  2.476267839060432E+08,  2.848673289303153E+08, -1.816172601160509E+08,
2451330.888437500, A.D. 1999-Jun-01 09:19:21.0000,  2.464619784869789E+08,  2.859122825833876E+08, -1.817669650223409E+08,
2451331.888437500, A.D. 1999-Jun-02 09:19:21.0000,  2.452938551249638E+08,  2.869533836736168E+08, -1.819142199079078E+08,
2451332.888437500, A.D. 1999-Jun-03 09:19:21.0000,  2.441224316808081E+08,  2.879906206801186E+08, -1.820590243751729E+08,
2451333.888437500, A.D. 1999-Jun-04 09:19:21.0000,  2.429477260421617E+08,  2.890239821570090E+08, -1.822013780646501E+08,
2451334.888437500, A.D. 1999-Jun-05 09:19:21.0000,  2.417697561230289E+08,  2.900534567332615E+08, -1.823412806548691E+08,
2451335.888437500, A.D. 1999-Jun-06 09:19:21.0000,  2.405885398633275E+08,  2.910790331125690E+08, -1.824787318623014E+08,
2451336.888437500, A.D. 1999-Jun-07 09:19:21.0000,  2.394040952284851E+08,  2.921007000732169E+08, -1.826137314412867E+08,
2451337.888437500, A.D. 1999-Jun-08 09:19:21.0000,  2.382164402090656E+08,  2.931184464679766E+08, -1.827462791839605E+08,
2451338.888437500, A.D. 1999-Jun-09 09:19:21.0000,  2.370255928204159E+08,  2.941322612240193E+08, -1.828763749201802E+08,
2451339.888437500, A.D. 1999-Jun-10 09:19:21.0000,  2.358315711023256E+08,  2.951421333428549E+08, -1.830040185174499E+08,
2451340.888437500, A.D. 1999-Jun-11 09:19:21.0000,  2.346343931186944E+08,  2.961480519002895E+08, -1.831292098808421E+08,
2451341.888437500, A.D. 1999-Jun-12 09:19:21.0000,  2.334340769571995E+08,  2.971500060464042E+08, -1.832519489529186E+08,
2451342.888437500, A.D. 1999-Jun-13 09:19:21.0000,  2.322306407289621E+08,  2.981479850055479E+08, -1.833722357136472E+08,
2451343.888437500, A.D. 1999-Jun-14 09:19:21.0000,  2.310241025682076E+08,  2.991419780763429E+08, -1.834900701803173E+08,
2451344.888437500, A.D. 1999-Jun-15 09:19:21.0000,  2.298144806319220E+08,  3.001319746316995E+08, -1.836054524074523E+08,
2451345.888437500, A.D. 1999-Jun-16 09:19:21.0000,  2.286017930994996E+08,  3.011179641188381E+08, -1.837183824867202E+08,
2451346.888437500, A.D. 1999-Jun-17 09:19:21.0000,  2.273860581723851E+08,  3.020999360593137E+08, -1.838288605468425E+08,
2451347.888437500, A.D. 1999-Jun-18 09:19:21.0000,  2.261672940737094E+08,  3.030778800490435E+08, -1.839368867535011E+08,
2451348.888437500, A.D. 1999-Jun-19 09:19:21.0000,  2.249455190479195E+08,  3.040517857583352E+08, -1.840424613092434E+08,
2451349.888437500, A.D. 1999-Jun-20 09:19:21.0000,  2.237207513604033E+08,  3.050216429319134E+08, -1.841455844533870E+08,
2451350.888437500, A.D. 1999-Jun-21 09:19:21.0000,  2.224930092971101E+08,  3.059874413889459E+08, -1.842462564619220E+08,
2451351.888437500, A.D. 1999-Jun-22 09:19:21.0000,  2.212623111641684E+08,  3.069491710230665E+08, -1.843444776474129E+08,
2451352.888437500, A.D. 1999-Jun-23 09:19:21.0000,  2.200286752874993E+08,  3.079068218023959E+08, -1.844402483588997E+08,
2451353.888437500, A.D. 1999-Jun-24 09:19:21.0000,  2.187921200124294E+08,  3.088603837695593E+08, -1.845335689817975E+08,
2451354.888437500, A.D. 1999-Jun-25 09:19:21.0000,  2.175526637033006E+08,  3.098098470417003E+08, -1.846244399377955E+08,
2451355.888437500, A.D. 1999-Jun-26 09:19:21.0000,  2.163103247430798E+08,  3.107552018104933E+08, -1.847128616847561E+08,
2451356.888437500, A.D. 1999-Jun-27 09:19:21.0000,  2.150651215329672E+08,  3.116964383421501E+08, -1.847988347166116E+08,
2451357.888437500, A.D. 1999-Jun-28 09:19:21.0000,  2.138170724920039E+08,  3.126335469774256E+08, -1.848823595632616E+08,
2451358.888437500, A.D. 1999-Jun-29 09:19:21.0000,  2.125661960566809E+08,  3.135665181316181E+08, -1.849634367904697E+08,
2451359.888437500, A.D. 1999-Jun-30 09:19:21.0000,  2.113125106805465E+08,  3.144953422945687E+08, -1.850420669997588E+08,
2451360.888437500, A.D. 1999-Jul-01 09:19:21.0000,  2.100560348338145E+08,  3.154200100306559E+08, -1.851182508283064E+08,
2451361.888437500, A.D. 1999-Jul-02 09:19:21.0000,  2.087967870029743E+08,  3.163405119787871E+08, -1.851919889488397E+08,
2451362.888437500, A.D. 1999-Jul-03 09:19:21.0000,  2.075347856903993E+08,  3.172568388523896E+08, -1.852632820695288E+08,
2451363.888437500, A.D. 1999-Jul-04 09:19:21.0000,  2.062700494139581E+08,  3.181689814393951E+08, -1.853321309338810E+08,
2451364.888437500, A.D. 1999-Jul-05 09:19:21.0000,  2.050025967066260E+08,  3.190769306022246E+08, -1.853985363206336E+08,
2451365.888437500, A.D. 1999-Jul-06 09:19:21.0000,  2.037324461160968E+08,  3.199806772777687E+08, -1.854624990436463E+08,
2451366.888437500, A.D. 1999-Jul-07 09:19:21.0000,  2.024596162043965E+08,  3.208802124773662E+08, -1.855240199517936E+08,
2451367.888437500, A.D. 1999-Jul-08 09:19:21.0000,  2.011841255474976E+08,  3.217755272867796E+08, -1.855830999288557E+08,
2451368.888437500, A.D. 1999-Jul-09 09:19:21.0000,  1.999059927349347E+08,  3.226666128661684E+08, -1.856397398934099E+08,
2451369.888437500, A.D. 1999-Jul-10 09:19:21.0000,  1.986252363694214E+08,  3.235534604500602E+08, -1.856939407987215E+08,
2451370.888437500, A.D. 1999-Jul-11 09:19:21.0000,  1.973418750664676E+08,  3.244360613473179E+08, -1.857457036326332E+08,
2451371.888437500, A.D. 1999-Jul-12 09:19:21.0000,  1.960559274539994E+08,  3.253144069411069E+08, -1.857950294174553E+08,
2451372.888437500, A.D. 1999-Jul-13 09:19:21.0000,  1.947674121719787E+08,  3.261884886888574E+08, -1.858419192098544E+08,
2451373.888437500, A.D. 1999-Jul-14 09:19:21.0000,  1.934763478720252E+08,  3.270582981222259E+08, -1.858863741007425E+08,
2451374.888437500, A.D. 1999-Jul-15 09:19:21.0000,  1.921827532170389E+08,  3.279238268470541E+08, -1.859283952151652E+08,
2451375.888437500, A.D. 1999-Jul-16 09:19:21.0000,  1.908866468808242E+08,  3.287850665433246E+08, -1.859679837121894E+08,
2451376.888437500, A.D. 1999-Jul-17 09:19:21.0000,  1.895880475477153E+08,  3.296420089651147E+08, -1.860051407847911E+08,
2451377.888437500, A.D. 1999-Jul-18 09:19:21.0000,  1.882869739122027E+08,  3.304946459405486E+08, -1.860398676597419E+08,
2451378.888437500, A.D. 1999-Jul-19 09:19:21.0000,  1.869834446785612E+08,  3.313429693717456E+08, -1.860721655974964E+08,
2451379.888437500, A.D. 1999-Jul-20 09:19:21.0000,  1.856774785604788E+08,  3.321869712347664E+08, -1.861020358920777E+08,
2451380.888437500, A.D. 1999-Jul-21 09:19:21.0000,  1.843690942806881E+08,  3.330266435795574E+08, -1.861294798709638E+08,
2451381.888437500, A.D. 1999-Jul-22 09:19:21.0000,  1.830583105705974E+08,  3.338619785298917E+08, -1.861544988949735E+08,
2451382.888437500, A.D. 1999-Jul-23 09:19:21.0000,  1.817451461699247E+08,  3.346929682833074E+08, -1.861770943581505E+08,
2451383.888437500, A.D. 1999-Jul-24 09:19:21.0000,  1.804296198263330E+08,  3.355196051110435E+08, -1.861972676876498E+08,
2451384.888437500, A.D. 1999-Jul-25 09:19:21.0000,  1.791117502950664E+08,  3.363418813579720E+08, -1.862150203436215E+08,
2451385.888437500, A.D. 1999-Jul-26 09:19:21.0000,  1.777915563385892E+08,  3.371597894425282E+08, -1.862303538190953E+08,
2451386.888437500, A.D. 1999-Jul-27 09:19:21.0000,  1.764690567262262E+08,  3.379733218566371E+08, -1.862432696398651E+08,
2451387.888437500, A.D. 1999-Jul-28 09:19:21.0000,  1.751442702338048E+08,  3.387824711656362E+08, -1.862537693643732E+08,
2451388.888437500, A.D. 1999-Jul-29 09:19:21.0000,  1.738172156433013E+08,  3.395872300081950E+08, -1.862618545835931E+08,
2451389.888437500, A.D. 1999-Jul-30 09:19:21.0000,  1.724879117424875E+08,  3.403875910962321E+08, -1.862675269209149E+08,
2451390.888437500, A.D. 1999-Jul-31 09:19:21.0000,  1.711563773245820E+08,  3.411835472148268E+08, -1.862707880320286E+08,
2451391.888437500, A.D. 1999-Aug-01 09:19:21.0000,  1.698226311879050E+08,  3.419750912221280E+08, -1.862716396048075E+08,
2451392.888437500, A.D. 1999-Aug-02 09:19:21.0000,  1.684866921355374E+08,  3.427622160492589E+08, -1.862700833591929E+08,
2451393.888437500, A.D. 1999-Aug-03 09:19:21.0000,  1.671485789749835E+08,  3.435449147002186E+08, -1.862661210470777E+08,
2451394.888437500, A.D. 1999-Aug-04 09:19:21.0000,  1.658083105178419E+08,  3.443231802517782E+08, -1.862597544521913E+08,
2451395.888437500, A.D. 1999-Aug-05 09:19:21.0000,  1.644659055794809E+08,  3.450970058533769E+08, -1.862509853899844E+08,
2451396.888437500, A.D. 1999-Aug-06 09:19:21.0000,  1.631213829787226E+08,  3.458663847270108E+08, -1.862398157075122E+08,
2451397.888437500, A.D. 1999-Aug-07 09:19:21.0000,  1.617747615375363E+08,  3.466313101671259E+08, -1.862262472833237E+08,
2451398.888437500, A.D. 1999-Aug-08 09:19:21.0000,  1.604260600807417E+08,  3.473917755405045E+08, -1.862102820273447E+08,
2451399.888437500, A.D. 1999-Aug-09 09:19:21.0000,  1.590752974357232E+08,  3.481477742861561E+08, -1.861919218807651E+08,
2451400.888437500, A.D. 1999-Aug-10 09:19:21.0000,  1.577224924321567E+08,  3.488992999152109E+08, -1.861711688159256E+08,
2451401.888437500, A.D. 1999-Aug-11 09:19:21.0000,  1.563676639017496E+08,  3.496463460108202E+08, -1.861480248362046E+08,
2451402.888437500, A.D. 1999-Aug-12 09:19:21.0000,  1.550108306779933E+08,  3.503889062280648E+08, -1.861224919759048E+08,
2451403.888437500, A.D. 1999-Aug-13 09:19:21.0000,  1.536520115959283E+08,  3.511269742938794E+08, -1.860945723001399E+08,
2451404.888437500, A.D. 1999-Aug-14 09:19:21.0000,  1.522912254919189E+08,  3.518605440069943E+08, -1.860642679047197E+08,
2451405.888437500, A.D. 1999-Aug-15 09:19:21.0000,  1.509284912034337E+08,  3.525896092378996E+08, -1.860315809160330E+08,
2451406.888437500, A.D. 1999-Aug-16 09:19:21.0000,  1.495638275688276E+08,  3.533141639288360E+08, -1.859965134909292E+08,
2451407.888437500, A.D. 1999-Aug-17 09:19:21.0000,  1.481972534271165E+08,  3.540342020938160E+08, -1.859590678165953E+08,
2451408.888437500, A.D. 1999-Aug-18 09:19:21.0000,  1.468287876177357E+08,  3.547497178186732E+08, -1.859192461104290E+08,
2451409.888437500, A.D. 1999-Aug-19 09:19:21.0000,  1.454584489802721E+08,  3.554607052611396E+08, -1.858770506199064E+08,
2451410.888437500, A.D. 1999-Aug-20 09:19:21.0000,  1.440862563541604E+08,  3.561671586509429E+08, -1.858324836224450E+08,
2451411.888437500, A.D. 1999-Aug-21 09:19:21.0000,  1.427122285783347E+08,  3.568690722899158E+08, -1.857855474252597E+08,
2451412.888437500, A.D. 1999-Aug-22 09:19:21.0000,  1.413363844908273E+08,  3.575664405521004E+08, -1.857362443652162E+08,
2451413.888437500, A.D. 1999-Aug-23 09:19:21.0000,  1.399587429283195E+08,  3.582592578838337E+08, -1.856845768086784E+08,
2451414.888437500, A.D. 1999-Aug-24 09:19:21.0000,  1.385793227256448E+08,  3.589475188037990E+08, -1.856305471513560E+08,
2451415.888437500, A.D. 1999-Aug-25 09:19:21.0000,  1.371981427152575E+08,  3.596312179030264E+08, -1.855741578181505E+08,
2451416.888437500, A.D. 1999-Aug-26 09:19:21.0000,  1.358152217266807E+08,  3.603103498448362E+08, -1.855154112630064E+08,
2451417.888437500, A.D. 1999-Aug-27 09:19:21.0000,  1.344305785859545E+08,  3.609849093647179E+08, -1.854543099687644E+08,
2451418.888437500, A.D. 1999-Aug-28 09:19:21.0000,  1.330442321150995E+08,  3.616548912701519E+08, -1.853908564470212E+08,
2451419.888437500, A.D. 1999-Aug-29 09:19:21.0000,  1.316562011316124E+08,  3.623202904403811E+08, -1.853250532379972E+08,
2451420.888437500, A.D. 1999-Aug-30 09:19:21.0000,  1.302665044480042E+08,  3.629811018261435E+08, -1.852569029104090E+08,
2451421.888437500, A.D. 1999-Aug-31 09:19:21.0000,  1.288751608713862E+08,  3.636373204493836E+08, -1.851864080613490E+08,
2451422.888437500, A.D. 1999-Sep-01 09:19:21.0000,  1.274821892031049E+08,  3.642889414029545E+08, -1.851135713161694E+08,
2451423.888437500, A.D. 1999-Sep-02 09:19:21.0000,  1.260876082384224E+08,  3.649359598503274E+08, -1.850383953283691E+08,
2451424.888437500, A.D. 1999-Sep-03 09:19:21.0000,  1.246914367662330E+08,  3.655783710253128E+08, -1.849608827794837E+08,
2451425.888437500, A.D. 1999-Sep-04 09:19:21.0000,  1.232936935688105E+08,  3.662161702318012E+08, -1.848810363789752E+08,
2451426.888437500, A.D. 1999-Sep-05 09:19:21.0000,  1.218943974215765E+08,  3.668493528435310E+08, -1.847988588641218E+08,
2451427.888437500, A.D. 1999-Sep-06 09:19:21.0000,  1.204935670928823E+08,  3.674779143038761E+08, -1.847143529999068E+08,
2451428.888437500, A.D. 1999-Sep-07 09:19:21.0000,  1.190912213437970E+08,  3.681018501256582E+08, -1.846275215789061E+08,
2451429.888437500, A.D. 1999-Sep-08 09:19:21.0000,  1.176873789278974E+08,  3.687211558909786E+08, -1.845383674211733E+08,
2451430.888437500, A.D. 1999-Sep-09 09:19:21.0000,  1.162820585910574E+08,  3.693358272510656E+08, -1.844468933741237E+08,
2451431.888437500, A.D. 1999-Sep-10 09:19:21.0000,  1.148752790712310E+08,  3.699458599261369E+08, -1.843531023124162E+08,
2451432.888437500, A.D. 1999-Sep-11 09:19:21.0000,  1.134670590982315E+08,  3.705512497052712E+08, -1.842569971378335E+08,
2451433.888437500, A.D. 1999-Sep-12 09:19:21.0000,  1.120574173935034E+08,  3.711519924462876E+08, -1.841585807791613E+08,
2451434.888437500, A.D. 1999-Sep-13 09:19:21.0000,  1.106463726698885E+08,  3.717480840756299E+08, -1.840578561920651E+08,
2451435.888437500, A.D. 1999-Sep-14 09:19:21.0000,  1.092339436313862E+08,  3.723395205882547E+08, -1.839548263589677E+08,
2451436.888437500, A.D. 1999-Sep-15 09:19:21.0000,  1.078201489729079E+08,  3.729262980475199E+08, -1.838494942889238E+08,
2451437.888437500, A.D. 1999-Sep-16 09:19:21.0000,  1.064050073800279E+08,  3.735084125850744E+08, -1.837418630174958E+08,
2451438.888437500, A.D. 1999-Sep-17 09:19:21.0000,  1.049885375287291E+08,  3.740858604007478E+08, -1.836319356066278E+08,
2451439.888437500, A.D. 1999-Sep-18 09:19:21.0000,  1.035707580851466E+08,  3.746586377624375E+08, -1.835197151445193E+08,
2451440.888437500, A.D. 1999-Sep-19 09:19:21.0000,  1.021516877053083E+08,  3.752267410059953E+08, -1.834052047454992E+08,
2451441.888437500, A.D. 1999-Sep-20 09:19:21.0000,  1.007313450348738E+08,  3.757901665351118E+08, -1.832884075498990E+08,
2451442.888437500, A.D. 1999-Sep-21 09:19:21.0000,  9.930974870887174E+07,  3.763489108211987E+08, -1.831693267239258E+08,
2451443.888437500, A.D. 1999-Sep-22 09:19:21.0000,  9.788691735143681E+07,  3.769029704032689E+08, -1.830479654595356E+08,
2451444.888437500, A.D. 1999-Sep-23 09:19:21.0000,  9.646286957554570E+07,  3.774523418878143E+08, -1.829243269743063E+08,
2451445.888437500, A.D. 1999-Sep-24 09:19:21.0000,  9.503762398275328E+07,  3.779970219486820E+08, -1.827984145113101E+08,
2451446.888437500, A.D. 1999-Sep-25 09:19:21.0000,  9.361119916292895E+07,  3.785370073269472E+08, -1.826702313389876E+08,
2451447.888437500, A.D. 1999-Sep-26 09:19:21.0000,  9.218361369399342E+07,  3.790722948307858E+08, -1.825397807510194E+08,
2451448.888437500, A.D. 1999-Sep-27 09:19:21.0000,  9.075488614165585E+07,  3.796028813353429E+08, -1.824070660662004E+08,
2451449.888437500, A.D. 1999-Sep-28 09:19:21.0000,  8.932503505915239E+07,  3.801287637826009E+08, -1.822720906283117E+08,
2451450.888437500, A.D. 1999-Sep-29 09:19:21.0000,  8.789407898698489E+07,  3.806499391812452E+08, -1.821348578059947E+08,
2451451.888437500, A.D. 1999-Sep-30 09:19:21.0000,  8.646203645266120E+07,  3.811664046065282E+08, -1.819953709926239E+08,
2451452.888437500, A.D. 1999-Oct-01 09:19:21.0000,  8.502892597043644E+07,  3.816781572001318E+08, -1.818536336061801E+08,
2451453.888437500, A.D. 1999-Oct-02 09:19:21.0000,  8.359476604105534E+07,  3.821851941700274E+08, -1.817096490891240E+08,
2451454.888437500, A.D. 1999-Oct-03 09:19:21.0000,  8.215957515149601E+07,  3.826875127903358E+08, -1.815634209082698E+08,
2451455.888437500, A.D. 1999-Oct-04 09:19:21.0000,  8.072337177471484E+07,  3.831851104011838E+08, -1.814149525546585E+08,
2451456.888437500, A.D. 1999-Oct-05 09:19:21.0000,  7.928617436939290E+07,  3.836779844085615E+08, -1.812642475434318E+08,
2451457.888437500, A.D. 1999-Oct-06 09:19:21.0000,  7.784800137968349E+07,  3.841661322841755E+08, -1.811113094137058E+08,
2451458.888437500, A.D. 1999-Oct-07 09:19:21.0000,  7.640887123496126E+07,  3.846495515653031E+08, -1.809561417284453E+08,
2451459.888437500, A.D. 1999-Oct-08 09:19:21.0000,  7.496880234957252E+07,  3.851282398546439E+08, -1.807987480743375E+08,
2451460.888437500, A.D. 1999-Oct-09 09:19:21.0000,  7.352781312258713E+07,  3.856021948201698E+08, -1.806391320616664E+08,
2451461.888437500, A.D. 1999-Oct-10 09:19:21.0000,  7.208592193755165E+07,  3.860714141949745E+08, -1.804772973241870E+08,
2451462.888437500, A.D. 1999-Oct-11 09:19:21.0000,  7.064314716224395E+07,  3.865358957771209E+08, -1.803132475189998E+08,
2451463.888437500, A.D. 1999-Oct-12 09:19:21.0000,  6.919950714842930E+07,  3.869956374294875E+08, -1.801469863264255E+08,
2451464.888437500, A.D. 1999-Oct-13 09:19:21.0000,  6.775502023161773E+07,  3.874506370796133E+08, -1.799785174498799E+08,
2451465.888437500, A.D. 1999-Oct-14 09:19:21.0000,  6.630970473082296E+07,  3.879008927195407E+08, -1.798078446157484E+08,
2451466.888437500, A.D. 1999-Oct-15 09:19:21.0000,  6.486357894832273E+07,  3.883464024056584E+08, -1.796349715732615E+08,
2451467.888437500, A.D. 1999-Oct-16 09:19:21.0000,  6.341666116942061E+07,  3.887871642585406E+08, -1.794599020943699E+08,
2451468.888437500, A.D. 1999-Oct-17 09:19:21.0000,  6.196896966220935E+07,  3.892231764627866E+08, -1.792826399736200E+08,
2451469.888437500, A.D. 1999-Oct-18 09:19:21.0000,  6.052052267733568E+07,  3.896544372668579E+08, -1.791031890280294E+08,
2451470.888437500, A.D. 1999-Oct-19 09:19:21.0000,  5.907133844776675E+07,  3.900809449829128E+08, -1.789215530969630E+08,
2451471.888437500, A.D. 1999-Oct-20 09:19:21.0000,  5.762143518855835E+07,  3.905026979866406E+08, -1.787377360420091E+08,
2451472.888437500, A.D. 1999-Oct-21 09:19:21.0000,  5.617083109662469E+07,  3.909196947170929E+08, -1.785517417468554E+08,
2451473.888437500, A.D. 1999-Oct-22 09:19:21.0000,  5.471954435051028E+07,  3.913319336765127E+08, -1.783635741171661E+08,
2451474.888437500, A.D. 1999-Oct-23 09:19:21.0000,  5.326759311016367E+07,  3.917394134301618E+08, -1.781732370804586E+08,
2451475.888437500, A.D. 1999-Oct-24 09:19:21.0000,  5.181499551671366E+07,  3.921421326061455E+08, -1.779807345859807E+08,
2451476.888437500, A.D. 1999-Oct-25 09:19:21.0000,  5.036176969224779E+07,  3.925400898952348E+08, -1.777860706045887E+08,
2451477.888437500, A.D. 1999-Oct-26 09:19:21.0000,  4.890793373959389E+07,  3.929332840506857E+08, -1.775892491286248E+08,
2451478.888437500, A.D. 1999-Oct-27 09:19:21.0000,  4.745350574210471E+07,  3.933217138880565E+08, -1.773902741717962E+08,
2451479.888437500, A.D. 1999-Oct-28 09:19:21.0000,  4.599850376344625E+07,  3.937053782850210E+08, -1.771891497690541E+08,
2451480.888437500, A.D. 1999-Oct-29 09:19:21.0000,  4.454294584739061E+07,  3.940842761811801E+08, -1.769858799764733E+08,
2451481.888437500, A.D. 1999-Oct-30 09:19:21.0000,  4.308685001761364E+07,  3.944584065778697E+08, -1.767804688711323E+08,
2451482.888437500, A.D. 1999-Oct-31 09:19:21.0000,  4.163023427749848E+07,  3.948277685379653E+08, -1.765729205509949E+08,
2451483.888437500, A.D. 1999-Nov-01 09:19:21.0000,  4.017311660994600E+07,  3.951923611856862E+08, -1.763632391347916E+08,
2451484.888437500, A.D. 1999-Nov-02 09:19:21.0000,  3.871551497719293E+07,  3.955521837063959E+08, -1.761514287619024E+08,
2451485.888437500, A.D. 1999-Nov-03 09:19:21.0000,  3.725744732063922E+07,  3.959072353464024E+08, -1.759374935922404E+08,
2451486.888437500, A.D. 1999-Nov-04 09:19:21.0000,  3.579893156068548E+07,  3.962575154127590E+08, -1.757214378061363E+08,
2451487.888437500, A.D. 1999-Nov-05 09:19:21.0000,  3.433998559658180E+07,  3.966030232730668E+08, -1.755032656042236E+08,
2451488.888437500, A.D. 1999-Nov-06 09:19:21.0000,  3.288062730628895E+07,  3.969437583552817E+08, -1.752829812073251E+08,
2451489.888437500, A.D. 1999-Nov-07 09:19:21.0000,  3.142087454635270E+07,  3.972797201475278E+08, -1.750605888563389E+08,
2451490.888437500, A.D. 1999-Nov-08 09:19:21.0000,  2.996074515179097E+07,  3.976109081979240E+08, -1.748360928121262E+08,
2451491.888437500, A.D. 1999-Nov-09 09:19:21.0000,  2.850025693599204E+07,  3.979373221144220E+08, -1.746094973553976E+08,
2451492.888437500, A.D. 1999-Nov-10 09:19:21.0000,  2.703942769062484E+07,  3.982589615646665E+08, -1.743808067866001E+08,
2451493.888437500, A.D. 1999-Nov-11 09:19:21.0000,  2.557827518555316E+07,  3.985758262758777E+08, -1.741500254258013E+08,
2451494.888437500, A.D. 1999-Nov-12 09:19:21.0000,  2.411681716875071E+07,  3.988879160347616E+08, -1.739171576125729E+08,
2451495.888437500, A.D. 1999-Nov-13 09:19:21.0000,  2.265507136620957E+07,  3.991952306874508E+08, -1.736822077058699E+08,
2451496.888437500, A.D. 1999-Nov-14 09:19:21.0000,  2.119305548183224E+07,  3.994977701394750E+08, -1.734451800839066E+08,
2451497.888437500, A.D. 1999-Nov-15 09:19:21.0000,  1.973078719729687E+07,  3.997955343557606E+08, -1.732060791440279E+08,
2451498.888437500, A.D. 1999-Nov-16 09:19:21.0000,  1.826828417188529E+07,  4.000885233606503E+08, -1.729649093025751E+08,
2451499.888437500, A.D. 1999-Nov-17 09:19:21.0000,  1.680556404226653E+07,  4.003767372379348E+08, -1.727216749947473E+08,
2451500.888437500, A.D. 1999-Nov-18 09:19:21.0000,  1.534264442222876E+07,  4.006601761308813E+08, -1.724763806744581E+08,
2451501.888437500, A.D. 1999-Nov-19 09:19:21.0000,  1.387954290236199E+07,  4.009388402422422E+08, -1.722290308141889E+08,
2451502.888437500, A.D. 1999-Nov-20 09:19:21.0000,  1.241627704969374E+07,  4.012127298342311E+08, -1.719796299048421E+08,
2451503.888437500, A.D. 1999-Nov-21 09:19:21.0000,  1.095286440728984E+07,  4.014818452284475E+08, -1.717281824555936E+08,
2451504.888437500, A.D. 1999-Nov-22 09:19:21.0000,  9.489322493837258E+06,  4.017461868057454E+08, -1.714746929937497E+08,
2451505.888437500, A.D. 1999-Nov-23 09:19:21.0000,  8.025668803225972E+06,  4.020057550060391E+08, -1.712191660646081E+08,
2451506.888437500, A.D. 1999-Nov-24 09:19:21.0000,  6.561920804146249E+06,  4.022605503280513E+08, -1.709616062313259E+08,
2451507.888437500, A.D. 1999-Nov-25 09:19:21.0000,  5.098095939719892E+06,  4.025105733290125E+08, -1.707020180747939E+08,
2451508.888437500, A.D. 1999-Nov-26 09:19:21.0000,  3.634211627173452E+06,  4.027558246243239E+08, -1.704404061935189E+08,
2451509.888437500, A.D. 1999-Nov-27 09:19:21.0000,  2.170285257559832E+06,  4.029963048871987E+08, -1.701767752035110E+08,
2451510.888437500, A.D. 1999-Nov-28 09:19:21.0000,  7.063341955285784E+05,  4.032320148482977E+08, -1.699111297381772E+08,
2451511.888437500, A.D. 1999-Nov-29 09:19:21.0000, -7.576242208595405E+05,  4.034629552953695E+08, -1.696434744482182E+08,
2451512.888437500, A.D. 1999-Nov-30 09:19:21.0000, -2.221572680280233E+06,  4.036891270729070E+08, -1.693738140015269E+08,
2451513.888437500, A.D. 1999-Dec-01 09:19:21.0000, -3.685493898264250E+06,  4.039105310818247E+08, -1.691021530830896E+08,
2451514.888437500, A.D. 1999-Dec-02 09:19:21.0000, -5.149370617294906E+06,  4.041271682791598E+08, -1.688284963948853E+08,
2451515.888437500, A.D. 1999-Dec-03 09:19:21.0000, -6.613185606892549E+06,  4.043390396777984E+08, -1.685528486557863E+08,
2451516.888437500, A.D. 1999-Dec-04 09:19:21.0000, -8.076921663692375E+06,  4.045461463462252E+08, -1.682752146014563E+08,
2451517.888437500, A.D. 1999-Dec-05 09:19:21.0000, -9.540561611520689E+06,  4.047484894082929E+08, -1.679955989842473E+08,
2451518.888437500, A.D. 1999-Dec-06 09:19:21.0000, -1.100408830147310E+07,  4.049460700430101E+08, -1.677140065730960E+08,
2451519.888437500, A.D. 1999-Dec-07 09:19:21.0000, -1.246748461199698E+07,  4.051388894843421E+08, -1.674304421534175E+08,
2451520.888437500, A.D. 1999-Dec-08 09:19:21.0000, -1.393073344897960E+07,  4.053269490210242E+08, -1.671449105269989E+08,
2451521.888437500, A.D. 1999-Dec-09 09:19:21.0000, -1.539381774584292E+07,  4.055102499963819E+08, -1.668574165118909E+08,
2451522.888437500, A.D. 1999-Dec-10 09:19:21.0000, -1.685672046364395E+07,  4.056887938081577E+08, -1.665679649422989E+08,
2451523.888437500, A.D. 1999-Dec-11 09:19:21.0000, -1.831942459118149E+07,  4.058625819083418E+08, -1.662765606684740E+08,
2451524.888437500, A.D. 1999-Dec-12 09:19:21.0000, -1.978191314510795E+07,  4.060316158030048E+08, -1.659832085566018E+08,
2451525.888437500, A.D. 1999-Dec-13 09:19:21.0000, -2.124416917004592E+07,  4.061958970521324E+08, -1.656879134886932E+08,
2451526.888437500, A.D. 1999-Dec-14 09:19:21.0000, -2.270617573870832E+07,  4.063554272694590E+08, -1.653906803624728E+08,
2451527.888437500, A.D. 1999-Dec-15 09:19:21.0000, -2.416791595202218E+07,  4.065102081223029E+08, -1.650915140912684E+08,
2451528.888437500, A.D. 1999-Dec-16 09:19:21.0000, -2.562937293925443E+07,  4.066602413313989E+08, -1.647904196039004E+08,
2451529.888437500, A.D. 1999-Dec-17 09:19:21.0000, -2.709052985813981E+07,  4.068055286707307E+08, -1.644874018445708E+08,
2451530.888437500, A.D. 1999-Dec-18 09:19:21.0000, -2.855136989501008E+07,  4.069460719673626E+08, -1.641824657727531E+08,
2451531.888437500, A.D. 1999-Dec-19 09:19:21.0000, -3.001187626492416E+07,  4.070818731012683E+08, -1.638756163630813E+08,
2451532.888437500, A.D. 1999-Dec-20 09:19:21.0000, -3.147203221179857E+07,  4.072129340051606E+08, -1.635668586052406E+08,
2451533.888437500, A.D. 1999-Dec-21 09:19:21.0000, -3.293182100853823E+07,  4.073392566643174E+08, -1.632561975038569E+08,
2451534.888437500, A.D. 1999-Dec-22 09:19:21.0000, -3.439122595716690E+07,  4.074608431164079E+08, -1.629436380783875E+08,
2451535.888437500, A.D. 1999-Dec-23 09:19:21.0000, -3.585023038895739E+07,  4.075776954513178E+08, -1.626291853630123E+08,
2451536.888437500, A.D. 1999-Dec-24 09:19:21.0000, -3.730881766456108E+07,  4.076898158109717E+08, -1.623128444065242E+08,
2451537.888437500, A.D. 1999-Dec-25 09:19:21.0000, -3.876697117413680E+07,  4.077972063891565E+08, -1.619946202722209E+08,
2451538.888437500, A.D. 1999-Dec-26 09:19:21.0000, -4.022467433747876E+07,  4.078998694313421E+08, -1.616745180377972E+08,
2451539.888437500, A.D. 1999-Dec-27 09:19:21.0000, -4.168191060414355E+07,  4.079978072345023E+08, -1.613525427952359E+08,
2451540.888437500, A.D. 1999-Dec-28 09:19:21.0000, -4.313866345357611E+07,  4.080910221469343E+08, -1.610286996507017E+08,
2451541.888437500, A.D. 1999-Dec-29 09:19:21.0000, -4.459491639523454E+07,  4.081795165680777E+08, -1.607029937244333E+08,
2451542.888437500, A.D. 1999-Dec-30 09:19:21.0000, -4.605065296871386E+07,  4.082632929483328E+08, -1.603754301506367E+08,
