JDTDB,Calendar Date (TDB),X,Y,Z,
2451031.993715278, A.D. 1998-Aug-06 11:50:57.0000, -4.400765169762786E+07,  3.774333773666512E+08,  3.331430170697638E+07,
2451032.993715278, A.D. 1998-Aug-07 11:50:57.0000, -4.572850929816189E+07,  3.774042301781707E+08,  3.368924448626511E+07,
2451033.993715278, A.D. 1998-Aug-08 11:50:57.0000, -4.744855286016182E+07,  3.773683568740174E+08,  3.406358686628897E+07,
2451034.993715278, A.D. 1998-Aug-09 11:50:57.0000, -4.916775310922819E+07,  3.773257690564572E+08,  3.443732316525042E+07,
2451035.993715278, A.D. 1998-Aug-10 11:50:57.0000, -5.088608089109720E+07,  3.772764784846324E+08,  3.481044773749645E+07,
2451036.993715278, A.D. 1998-Aug-11 11:50:57.0000, -5.260350717254397E+07,  3.772204970730886E+08,  3.518295497362295E+07,
2451037.993715278, A.D. 1998-Aug-12 11:50:57.0000, -5.432000304226682E+07,  3.771578368902982E+08,  3.555483930057451E+07,
2451038.993715278, A.D. 1998-Aug-13 11:50:57.0000, -5.603553971175214E+07,  3.770885101571750E+08,  3.592609518174031E+07,
2451039.993715278, A.D. 1998-Aug-14 11:50:57.0000, -5.775008851611934E+07,  3.770125292455860E+08,  3.629671711704475E+07,
2451040.993715278, A.D. 1998-Aug-15 11:50:57.0000, -5.946362091494553E+07,  3.769299066768563E+08,  3.666669964303425E+07,
2451041.993715278, A.D. 1998-Aug-16 11:50:57.0000, -6.117610849306897E+07,  3.768406551202683E+08,  3.703603733295935E+07,
2451042.993715278, A.D. 1998-Aug-17 11:50:57.0000, -6.288752296137086E+07,  3.767447873915574E+08,  3.740472479685210E+07,
2451043.993715278, A.D. 1998-Aug-18 11:50:57.0000, -6.459783615753413E+07,  3.766423164514023E+08,  3.777275668159884E+07,
2451044.993715278, A.D. 1998-Aug-19 11:50:57.0000, -6.630702004677883E+07,  3.765332554039124E+08,  3.814012767100838E+07,
2451045.993715278, A.D. 1998-Aug-20 11:50:57.0000, -6.801504672257230E+07,  3.764176174951122E+08,  3.850683248587562E+07,
2451046.993715278, A.D. 1998-Aug-21 11:50:57.0000, -6.972188840731357E+07,  3.762954161114255E+08,  3.887286588404059E+07,
2451047.993715278, A.D. 1998-Aug-22 11:50:57.0000, -7.142751745299058E+07,  3.761666647781591E+08,  3.923822266044220E+07,
2451048.993715278, A.D. 1998-Aug-23 11:50:57.0000, -7.313190634180939E+07,  3.760313771579919E+08,  3.960289764716862E+07,
2451049.993715278, A.D. 1998-Aug-24 11:50:57.0000, -7.483502768679486E+07,  3.758895670494686E+08,  3.996688571350275E+07,
2451050.993715278, A.D. 1998-Aug-25 11:50:57.0000, -7.653685423236278E+07,  3.757412483855047E+08,  4.033018176596369E+07,
2451051.993715278, A.D. 1998-Aug-26 11:50:57.0000, -7.823735885486434E+07,  3.755864352319057E+08,  4.069278074834499E+07,
2451052.993715278, A.D. 1998-Aug-27 11:50:57.0000, -7.993651456310527E+07,  3.754251417859051E+08,  4.105467764174980E+07,
2451053.993715278, A.D. 1998-Aug-28 11:50:57.0000, -8.163429449884367E+07,  3.752573823747268E+08,  4.141586746462412E+07,
2451054.993715278, A.D. 1998-Aug-29 11:50:57.0000, -8.333067193727142E+07,  3.750831714541751E+08,  4.177634527278814E+07,
2451055.993715278, A.D. 1998-Aug-30 11:50:57.0000, -8.502562028748748E+07,  3.749025236072546E+08,  4.213610615946797E+07,
2451056.993715278, A.D. 1998-Aug-31 11:50:57.0000, -8.671911309297162E+07,  3.747154535428233E+08,  4.249514525532706E+07,
2451057.993715278, A.D. 1998-Sep-01 11:50:57.0000, -8.841112403207028E+07,  3.745219760942734E+08,  4.285345772849965E+07,
2451058.993715278, A.D. 1998-Sep-02 11:50:57.0000, -9.010162691850214E+07,  3.743221062182352E+08,  4.321103878462557E+07,
2451059.993715278, A.D. 1998-Sep-03 11:50:57.0000, -9.179059570189495E+07,  3.741158589932961E+08,  4.356788366688664E+07,
2451060.993715278, A.D. 1998-Sep-04 11:50:57.0000, -9.347800446835834E+07,  3.739032496187157E+08,  4.392398765604465E+07,
2451061.993715278, A.D. 1998-Sep-05 11:50:57.0000, -9.516382744109178E+07,  3.736842934131278E+08,  4.427934607047904E+07,
2451062.993715278, A.D. 1998-Sep-06 11:50:57.0000, -9.684803898102437E+07,  3.734590058132095E+08,  4.463395426622267E+07,
2451063.993715278, A.D. 1998-Sep-07 11:50:57.0000, -9.853061358747604E+07,  3.732274023723040E+08,  4.498780763699369E+07,
2451064.993715278, A.D. 1998-Sep-08 11:50:57.0000, -1.002115258988238E+08,  3.729894987589875E+08,  4.534090161422208E+07,
2451065.993715278, A.D. 1998-Sep-09 11:50:57.0000, -1.018907506931550E+08,  3.727453107555784E+08,  4.569323166706668E+07,
2451066.993715278, A.D. 1998-Sep-10 11:50:57.0000, -1.035682628888907E+08,  3.724948542565904E+08,  4.604479330242433E+07,
2451067.993715278, A.D. 1998-Sep-11 11:50:57.0000, -1.052440375453628E+08,  3.722381452671388E+08,  4.639558206492826E+07,
2451068.993715278, A.D. 1998-Sep-12 11:50:57.0000, -1.069180498633355E+08,  3.719751999013137E+08,  4.674559353693634E+07,
2451069.993715278, A.D. 1998-Sep-13 11:50:57.0000, -1.085902751854644E+08,  3.717060343805320E+08,  4.709482333851095E+07,
2451070.993715278, A.D. 1998-Sep-14 11:50:57.0000, -1.102606889966924E+08,  3.714306650318882E+08,  4.744326712738982E+07,
2451071.993715278, A.D. 1998-Sep-15 11:50:57.0000, -1.119292669245878E+08,  3.711491082865142E+08,  4.779092059895080E+07,
2451072.993715278, A.D. 1998-Sep-16 11:50:57.0000, -1.135959847396314E+08,  3.708613806779545E+08,  4.813777948617139E+07,
2451073.993715278, A.D. 1998-Sep-17 11:50:57.0000, -1.152608183554595E+08,  3.705674988405686E+08,  4.848383955958435E+07,
2451074.993715278, A.D. 1998-Sep-18 11:50:57.0000, -1.169237438290725E+08,  3.702674795079618E+08,  4.882909662723039E+07,
2451075.993715278, A.D. 1998-Sep-19 11:50:57.0000, -1.185847373610176E+08,  3.699613395114439E+08,  4.917354653460900E+07,
2451076.993715278, A.D. 1998-Sep-20 11:50:57.0000, -1.202437752955503E+08,  3.696490957785150E+08,  4.951718516462772E+07,
2451077.993715278, A.D. 1998-Sep-21 11:50:57.0000, -1.219008341207825E+08,  3.693307653313788E+08,  4.986000843755014E+07,
2451078.993715278, A.D. 1998-Sep-22 11:50:57.0000, -1.235558904688180E+08,  3.690063652854752E+08,  5.020201231094302E+07,
2451079.993715278, A.D. 1998-Sep-23 11:50:57.0000, -1.252089211158812E+08,  3.686759128480347E+08,  5.054319277962223E+07,
2451080.993715278, A.D. 1998-Sep-24 11:50:57.0000, -1.268599029824373E+08,  3.683394253166469E+08,  5.088354587559731E+07,
2451081.993715278, A.D. 1998-Sep-25 11:50:57.0000, -1.285088131333074E+08,  3.679969200778435E+08,  5.122306766801493E+07,
2451082.993715278, A.D. 1998-Sep-26 11:50:57.0000, -1.301556287777766E+08,  3.676484146056921E+08,  5.156175426310082E+07,
2451083.993715278, A.D. 1998-Sep-27 11:50:57.0000, -1.318003272696965E+08,  3.672939264603999E+08,  5.189960180410013E+07,
2451084.993715278, A.D. 1998-Sep-28 11:50:57.0000, -1.334428861075805E+08,  3.669334732869241E+08,  5.223660647121568E+07,
2451085.993715278, A.D. 1998-Sep-29 11:50:57.0000, -1.350832829346912E+08,  3.665670728135905E+08,  5.257276448154493E+07,
2451086.993715278, A.D. 1998-Sep-30 11:50:57.0000, -1.367214955391212E+08,  3.661947428507169E+08,  5.290807208901401E+07,
2451087.993715278, A.D. 1998-Oct-01 11:50:57.0000, -1.383575018538641E+08,  3.658165012892433E+08,  5.324252558431056E+07,
2451088.993715278, A.D. 1998-Oct-02 11:50:57.0000, -1.399912799568765E+08,  3.654323660993656E+08,  5.357612129481398E+07,
2451089.993715278, A.D. 1998-Oct-03 11:50:57.0000, -1.416228080711313E+08,  3.650423553291758E+08,  5.390885558452331E+07,
2451090.993715278, A.D. 1998-Oct-04 11:50:57.0000, -1.432520645646600E+08,  3.646464871033061E+08,  5.424072485398319E+07,
2451091.993715278, A.D. 1998-Oct-05 11:50:57.0000, -1.448790279505851E+08,  3.642447796215788E+08,  5.457172554020733E+07,
2451092.993715278, A.D. 1998-Oct-06 11:50:57.0000, -1.465036768871419E+08,  3.638372511576598E+08,  5.490185411660011E+07,
2451093.993715278, A.D. 1998-Oct-07 11:50:57.0000, -1.481259901776896E+08,  3.634239200577188E+08,  5.523110709287517E+07,
2451094.993715278, A.D. 1998-Oct-08 11:50:57.0000, -1.497459467707106E+08,  3.630048047390933E+08,  5.555948101497269E+07,
2451095.993715278, A.D. 1998-Oct-09 11:50:57.0000, -1.513635257598002E+08,  3.625799236889590E+08,  5.588697246497346E+07,
2451096.993715278, A.D. 1998-Oct-10 11:50:57.0000, -1.529787063836434E+08,  3.621492954630053E+08,  5.621357806101176E+07,
2451097.993715278, A.D. 1998-Oct-11 11:50:57.0000, -1.545914680259822E+08,  3.617129386841165E+08,  5.653929445718513E+07,
2451098.993715278, A.D. 1998-Oct-12 11:50:57.0000, -1.562017902155704E+08,  3.612708720410587E+08,  5.686411834346284E+07,
2451099.993715278, A.D. 1998-Oct-13 11:50:57.0000, -1.578096526261183E+08,  3.608231142871734E+08,  5.718804644559133E+07,
2451100.993715278, A.D. 1998-Oct-14 11:50:57.0000, -1.594150350762253E+08,  3.603696842390769E+08,  5.751107552499853E+07,
2451101.993715278, A.D. 1998-Oct-15 11:50:57.0000, -1.610179175293024E+08,  3.599106007753656E+08,  5.783320237869529E+07,
2451102.993715278, A.D. 1998-Oct-16 11:50:57.0000, -1.626182800934834E+08,  3.594458828353285E+08,  5.815442383917539E+07,
2451103.993715278, A.D. 1998-Oct-17 11:50:57.0000, -1.642161030215251E+08,  3.589755494176657E+08,  5.847473677431321E+07,
2451104.993715278, A.D. 1998-Oct-18 11:50:57.0000, -1.658113667106969E+08,  3.584996195792146E+08,  5.879413808725972E+07,
2451105.993715278, A.D. 1998-Oct-19 11:50:57.0000, -1.674040517026601E+08,  3.580181124336815E+08,  5.911262471633621E+07,
2451106.993715278, A.D. 1998-Oct-20 11:50:57.0000, -1.689941386833364E+08,  3.575310471503814E+08,  5.943019363492657E+07,
2451107.993715278, A.D. 1998-Oct-21 11:50:57.0000, -1.705816084827660E+08,  3.570384429529841E+08,  5.974684185136738E+07,
2451108.993715278, A.D. 1998-Oct-22 11:50:57.0000, -1.721664420749556E+08,  3.565403191182677E+08,  6.006256640883660E+07,
2451109.993715278, A.D. 1998-Oct-23 11:50:57.0000, -1.737486205777166E+08,  3.560366949748791E+08,  6.037736438523974E+07,
2451110.993715278, A.D. 1998-Oct-24 11:50:57.0000, -1.753281252524929E+08,  3.555275899021024E+08,  6.069123289309531E+07,
2451111.993715278, A.D. 1998-Oct-25 11:50:57.0000, -1.769049375041791E+08,  3.550130233286326E+08,  6.100416907941775E+07,
2451112.993715278, A.D. 1998-Oct-26 11:50:57.0000, -1.784790388809290E+08,  3.544930147313597E+08,  6.131617012559900E+07,
2451113.993715278, A.D. 1998-Oct-27 11:50:57.0000, -1.800504110739543E+08,  3.539675836341574E+08,  6.162723324728841E+07,
2451114.993715278, A.D. 1998-Oct-28 11:50:57.0000, -1.816190359173149E+08,  3.534367496066805E+08,  6.193735569427121E+07,
2451115.993715278, A.D. 1998-Oct-29 11:50:57.0000, -1.831848953876983E+08,  3.529005322631690E+08,  6.224653475034483E+07,
2451116.993715278, A.D. 1998-Oct-30 11:50:57.0000, -1.847479716041911E+08,  3.523589512612607E+08,  6.255476773319447E+07,
2451117.993715278, A.D. 1998-Oct-31 11:50:57.0000, -1.863082468280409E+08,  3.518120263008090E+08,  6.286205199426645E+07,
2451118.993715278, A.D. 1998-Nov-01 11:50:57.0000, -1.878657034624092E+08,  3.512597771227105E+08,  6.316838491864018E+07,
2451119.993715278, A.D. 1998-Nov-02 11:50:57.0000, -1.894203240521156E+08,  3.507022235077373E+08,  6.347376392489916E+07,
2451120.993715278, A.D. 1998-Nov-03 11:50:57.0000, -1.909720912833729E+08,  3.501393852753782E+08,  6.377818646499959E+07,
2451121.993715278, A.D. 1998-Nov-04 11:50:57.0000, -1.925209879835130E+08,  3.495712822826868E+08,  6.408165002413827E+07,
2451122.993715278, A.D. 1998-Nov-05 11:50:57.0000, -1.940669971207050E+08,  3.489979344231344E+08,  6.438415212061879E+07,
2451123.993715278, A.D. 1998-Nov-06 11:50:57.0000, -1.956101018036630E+08,  3.484193616254737E+08,  6.468569030571605E+07,
2451124.993715278, A.D. 1998-Nov-07 11:50:57.0000, -1.971502852813458E+08,  3.478355838526044E+08,  6.498626216353944E+07,
2451125.993715278, A.D. 1998-Nov-08 11:50:57.0000, -1.986875309426467E+08,  3.472466211004498E+08,  6.528586531089479E+07,
2451126.993715278, A.D. 1998-Nov-09 11:50:57.0000, -2.002218223160745E+08,  3.466524933968365E+08,  6.558449739714429E+07,
2451127.993715278, A.D. 1998-Nov-10 11:50:57.0000, -2.017531430694234E+08,  3.460532208003827E+08,  6.588215610406543E+07,
2451128.993715278, A.D. 1998-Nov-11 11:50:57.0000, -2.032814770094343E+08,  3.454488233993922E+08,  6.617883914570808E+07,
2451129.993715278, A.D. 1998-Nov-12 11:50:57.0000, -2.048068080814436E+08,  3.448393213107542E+08,  6.647454426825002E+07,
2451130.993715278, A.D. 1998-Nov-13 11:50:57.0000, -2.063291203690211E+08,  3.442247346788505E+08,  6.676926924985088E+07,
2451131.993715278, A.D. 1998-Nov-14 11:50:57.0000, -2.078483980935956E+08,  3.436050836744699E+08,  6.706301190050474E+07,
2451132.993715278, A.D. 1998-Nov-15 11:50:57.0000, -2.093646256140669E+08,  3.429803884937293E+08,  6.735577006189023E+07,
2451133.993715278, A.D. 1998-Nov-16 11:50:57.0000, -2.108777874264037E+08,  3.423506693570036E+08,  6.764754160722002E+07,
2451134.993715278, A.D. 1998-Nov-17 11:50:57.0000, -2.123878681632253E+08,  3.417159465078658E+08,  6.793832444108790E+07,
2451135.993715278, A.D. 1998-Nov-18 11:50:57.0000, -2.138948525933682E+08,  3.410762402120377E+08,  6.822811649931453E+07,
2451136.993715278, A.D. 1998-Nov-19 11:50:57.0000, -2.153987256214338E+08,  3.404315707563545E+08,  6.851691574879192E+07,
2451137.993715278, A.D. 1998-Nov-20 11:50:57.0000, -2.168994722873194E+08,  3.397819584477465E+08,  6.880472018732604E+07,
2451138.993715278, A.D. 1998-Nov-21 11:50:57.0000, -2.183970777657312E+08,  3.391274236122403E+08,  6.909152784347902E+07,
2451139.993715278, A.D. 1998-Nov-22 11:50:57.0000, -2.198915273656809E+08,  3.384679865939843E+08,  6.937733677641129E+07,
2451140.993715278, A.D. 1998-Nov-23 11:50:57.0000, -2.213828065299673E+08,  3.378036677543028E+08,  6.966214507572216E+07,
2451141.993715278, A.D. 1998-Nov-24 11:50:57.0000, -2.228709008346480E+08,  3.371344874707835E+08,  6.994595086129317E+07,
2451142.993715278, A.D. 1998-Nov-25 11:50:57.0000, -2.243557959885066E+08,  3.364604661364017E+08,  7.022875228313206E+07,
2451143.993715278, A.D. 1998-Nov-26 11:50:57.0000, -2.258374778325227E+08,  3.357816241586824E+08,  7.051054752121924E+07,
2451144.993715278, A.D. 1998-Nov-27 11:50:57.0000, -2.273159323393534E+08,  3.350979819589062E+08,  7.079133478535847E+07,
2451145.993715278, A.D. 1998-Nov-28 11:50:57.0000, -2.287911456128379E+08,  3.344095599713478E+08,  7.107111231503110E+07,
2451146.993715278, A.D. 1998-Nov-29 11:50:57.0000, -2.302631038875363E+08,  3.337163786425489E+08,  7.134987837925553E+07,
2451147.993715278, A.D. 1998-Nov-30 11:50:57.0000, -2.317317935283079E+08,  3.330184584306096E+08,  7.162763127645111E+07,
2451148.993715278, A.D. 1998-Dec-01 11:50:57.0000, -2.331972010299385E+08,  3.323158198044874E+08,  7.190436933430620E+07,
2451149.993715278, A.D. 1998-Dec-02 11:50:57.0000, -2.346593130168130E+08,  3.316084832432872E+08,  7.218009090964891E+07,
2451150.993715278, A.D. 1998-Dec-03 11:50:57.0000, -2.361181162426334E+08,  3.308964692355252E+08,  7.245479438831918E+07,
2451151.993715278, A.D. 1998-Dec-04 11:50:57.0000, -2.375735975901667E+08,  3.301797982783545E+08,  7.272847818503955E+07,
2451152.993715278, A.D. 1998-Dec-05 11:50:57.0000, -2.390257440710098E+08,  3.294584908767406E+08,  7.300114074328272E+07,
2451153.993715278, A.D. 1998-Dec-06 11:50:57.0000, -2.404745428253520E+08,  3.287325675425864E+08,  7.327278053513432E+07,
2451154.993715278, A.D. 1998-Dec-07 11:50:57.0000, -2.419199811217199E+08,  3.280020487938075E+08,  7.354339606114876E+07,
2451155.993715278, A.D. 1998-Dec-08 11:50:57.0000, -2.433620463566851E+08,  3.272669551533660E+08,  7.381298585019797E+07,
2451156.993715278, A.D. 1998-Dec-09 11:50:57.0000, -2.448007260545285E+08,  3.265273071482799E+08,  7.408154845931335E+07,
2451157.993715278, A.D. 1998-Dec-10 11:50:57.0000, -2.462360078668533E+08,  3.257831253086179E+08,  7.434908247352113E+07,
2451158.993715278, A.D. 1998-Dec-11 11:50:57.0000, -2.476678795721464E+08,  3.250344301664969E+08,  7.461558650567251E+07,
2451159.993715278, A.D. 1998-Dec-12 11:50:57.0000, -2.490963290752937E+08,  3.242812422550945E+08,  7.488105919627018E+07,
2451160.993715278, A.D. 1998-Dec-13 11:50:57.0000, -2.505213444070556E+08,  3.235235821076853E+08,  7.514549921329269E+07,
2451161.993715278, A.D. 1998-Dec-14 11:50:57.0000, -2.519429137235101E+08,  3.227614702567068E+08,  7.540890525201711E+07,
2451162.993715278, A.D. 1998-Dec-15 11:50:57.0000, -2.533610253054737E+08,  3.219949272328594E+08,  7.567127603484248E+07,
2451163.993715278, A.D. 1998-Dec-16 11:50:57.0000, -2.547756675579075E+08,  3.212239735642384E+08,  7.593261031111319E+07,
2451164.993715278, A.D. 1998-Dec-17 11:50:57.0000, -2.561868290093138E+08,  3.204486297754996E+08,  7.619290685694472E+07,
2451165.993715278, A.D. 1998-Dec-18 11:50:57.0000, -2.575944983111306E+08,  3.196689163870531E+08,  7.645216447504945E+07,
2451166.993715278, A.D. 1998-Dec-19 11:50:57.0000, -2.589986642371259E+08,  3.188848539142845E+08,  7.671038199456555E+07,
2451167.993715278, A.D. 1998-Dec-20 11:50:57.0000, -2.603993156827946E+08,  3.180964628667969E+08,  7.696755827088633E+07,
2451168.993715278, A.D. 1998-Dec-21 11:50:57.0000, -2.617964416647610E+08,  3.173037637476754E+08,  7.722369218549204E+07,
2451169.993715278, A.D. 1998-Dec-22 11:50:57.0000, -2.631900313201855E+08,  3.165067770527671E+08,  7.747878264578216E+07,
2451170.993715278, A.D. 1998-Dec-23 11:50:57.0000, -2.645800739061761E+08,  3.157055232699748E+08,  7.773282858490928E+07,
2451171.993715278, A.D. 1998-Dec-24 11:50:57.0000, -2.659665587992062E+08,  3.149000228785650E+08,  7.798582896161436E+07,
2451172.993715278, A.D. 1998-Dec-25 11:50:57.0000, -2.673494754945354E+08,  3.140902963484858E+08,  7.823778276006167E+07,
2451173.993715278, A.D. 1998-Dec-26 11:50:57.0000, -2.687288136056346E+08,  3.132763641396945E+08,  7.848868898967564E+07,
2451174.993715278, A.D. 1998-Dec-27 11:50:57.0000, -2.701045628636150E+08,  3.124582467014946E+08,  7.873854668497761E+07,
2451175.993715278, A.D. 1998-Dec-28 11:50:57.0000, -2.714767131166580E+08,  3.116359644718801E+08,  7.898735490542315E+07,
2451176.993715278, A.D. 1998-Dec-29 11:50:57.0000, -2.728452543294492E+08,  3.108095378768880E+08,  7.923511273523976E+07,
2451177.993715278, A.D. 1998-Dec-30 11:50:57.0000, -2.742101765826116E+08,  3.099789873299578E+08,  7.948181928326498E+07,
2451178.993715278, A.D. 1998-Dec-31 11:50:57.0000, -2.755714700721417E+08,  3.091443332312979E+08,  7.972747368278459E+07,
2451179.993715278, A.D. 1999-Jan-01 11:50:57.0000, -2.769291251088446E+08,  3.083055959672595E+08,  7.997207509137131E+07,
2451180.993715278, A.D. 1999-Jan-02 11:50:57.0000, -2.782831321177705E+08,  3.074627959097161E+08,  8.021562269072323E+07,
2451181.993715278, A.D. 1999-Jan-03 11:50:57.0000, -2.796334816376505E+08,  3.066159534154516E+08,  8.045811568650292E+07,
2451182.993715278, A.D. 1999-Jan-04 11:50:57.0000, -2.809801643203329E+08,  3.057650888255534E+08,  8.069955330817661E+07,
2451183.993715278, A.D. 1999-Jan-05 11:50:57.0000, -2.823231709302179E+08,  3.049102224648134E+08,  8.093993480885319E+07,
2451184.993715278, A.D. 1999-Jan-06 11:50:57.0000, -2.836624923436933E+08,  3.040513746411346E+08,  8.117925946512388E+07,
2451185.993715278, A.D. 1999-Jan-07 11:50:57.0000, -2.849981195485684E+08,  3.031885656449469E+08,  8.141752657690157E+07,
2451186.993715278, A.D. 1999-Jan-08 11:50:57.0000, -2.863300436435084E+08,  3.023218157486266E+08,  8.165473546726097E+07,
2451187.993715278, A.D. 1999-Jan-09 11:50:57.0000, -2.876582558374665E+08,  3.014511452059253E+08,  8.189088548227839E+07,
2451188.993715278, A.D. 1999-Jan-10 11:50:57.0000, -2.889827474491175E+08,  3.005765742514048E+08,  8.212597599087194E+07,
2451189.993715278, A.D. 1999-Jan-11 11:50:57.0000, -2.903035099062883E+08,  2.996981230998783E+08,  8.236000638464196E+07,
2451190.993715278, A.D. 1999-Jan-12 11:50:57.0000, -2.916205347453901E+08,  2.988158119458594E+08,  8.259297607771194E+07,
2451191.993715278, A.D. 1999-Jan-13 11:50:57.0000, -2.929338136108484E+08,  2.979296609630182E+08,  8.282488450656907E+07,
2451192.993715278, A.D. 1999-Jan-14 11:50:57.0000, -2.942433382545327E+08,  2.970396903036429E+08,  8.305573112990551E+07,
2451193.993715278, A.D. 1999-Jan-15 11:50:57.0000, -2.955491005351862E+08,  2.961459200981098E+08,  8.328551542846006E+07,
2451194.993715278, A.D. 1999-Jan-16 11:50:57.0000, -2.968510924178545E+08,  2.952483704543596E+08,  8.351423690485945E+07,
2451195.993715278, A.D. 1999-Jan-17 11:50:57.0000, -2.981493059733142E+08,  2.943470614573801E+08,  8.374189508346067E+07,
2451196.993715278, A.D. 1999-Jan-18 11:50:57.0000, -2.994437333775009E+08,  2.934420131686959E+08,  8.396848951019329E+07,
2451197.993715278, A.D. 1999-Jan-19 11:50:57.0000, -3.007343669109367E+08,  2.925332456258661E+08,  8.419401975240178E+07,
2451198.993715278, A.D. 1999-Jan-20 11:50:57.0000, -3.020211989581583E+08,  2.916207788419863E+08,  8.441848539868861E+07,
2451199.993715278, A.D. 1999-Jan-21 11:50:57.0000, -3.033042220071437E+08,  2.907046328051991E+08,  8.464188605875787E+07,
2451200.993715278, A.D. 1999-Jan-22 11:50:57.0000, -3.045834286487396E+08,  2.897848274782101E+08,  8.486422136325824E+07,
2451201.993715278, A.D. 1999-Jan-23 11:50:57.0000, -3.058588115760886E+08,  2.888613827978114E+08,  8.508549096362747E+07,
2451202.993715278, A.D. 1999-Jan-24 11:50:57.0000, -3.071303635840565E+08,  2.879343186744100E+08,  8.530569453193647E+07,
2451203.993715278, A.D. 1999-Jan-25 11:50:57.0000, -3.083980775686585E+08,  2.870036549915637E+08,  8.552483176073401E+07,
2451204.993715278, A.D. 1999-Jan-26 11:50:57.0000, -3.096619465264872E+08,  2.860694116055224E+08,  8.574290236289178E+07,
2451205.993715278, A.D. 1999-Jan-27 11:50:57.0000, -3.109219635541394E+08,  2.851316083447756E+08,  8.595990607144961E+07,
2451206.993715278, A.D. 1999-Jan-28 11:50:57.0000, -3.121781218476427E+08,  2.841902650096056E+08,  8.617584263946146E+07,
2451207.993715278, A.D. 1999-Jan-29 11:50:57.0000, -3.134304147018840E+08,  2.832454013716471E+08,  8.639071183984122E+07,
2451208.993715278, A.D. 1999-Jan-30 11:50:57.0000, -3.146788355100355E+08,  2.822970371734505E+08,  8.660451346520928E+07,
2451209.993715278, A.D. 1999-Jan-31 11:50:57.0000, -3.159233777629826E+08,  2.813451921280528E+08,  8.681724732773915E+07,
2451210.993715278, A.D. 1999-Feb-01 11:50:57.0000, -3.171640350487506E+08,  2.803898859185519E+08,  8.702891325900446E+07,
2451211.993715278, A.D. 1999-Feb-02 11:50:57.0000, -3.184008010519314E+08,  2.794311381976869E+08,  8.723951110982631E+07,
2451212.993715278, A.D. 1999-Feb-03 11:50:57.0000, -3.196336695531093E+08,  2.784689685874218E+08,  8.744904075012088E+07,
2451213.993715278, A.D. 1999-Feb-04 11:50:57.0000, -3.208626344282872E+08,  2.775033966785356E+08,  8.765750206874700E+07,
2451214.993715278, A.D. 1999-Feb-05 11:50:57.0000, -3.220876896483094E+08,  2.765344420302150E+08,  8.786489497335432E+07,
2451215.993715278, A.D. 1999-Feb-06 11:50:57.0000, -3.233088292782853E+08,  2.755621241696522E+08,  8.807121939023104E+07,
2451216.993715278, A.D. 1999-Feb-07 11:50:57.0000, -3.245260474770093E+08,  2.745864625916462E+08,  8.827647526415241E+07,
2451217.993715278, A.D. 1999-Feb-08 11:50:57.0000, -3.257393384963784E+08,  2.736074767582092E+08,  8.848066255822867E+07,
2451218.993715278, A.D. 1999-Feb-09 11:50:57.0000, -3.269486966808063E+08,  2.726251860981758E+08,  8.868378125375333E+07,
2451219.993715278, A.D. 1999-Feb-10 11:50:57.0000, -3.281541164666328E+08,  2.716396100068176E+08,  8.888583135005106E+07,
2451220.993715278, A.D. 1999-Feb-11 11:50:57.0000, -3.293555923815280E+08,  2.706507678454626E+08,  8.908681286432579E+07,
2451221.993715278, A.D. 1999-Feb-12 11:50:57.0000, -3.305531190438898E+08,  2.696586789411200E+08,  8.928672583150838E+07,
2451222.993715278, A.D. 1999-Feb-13 11:50:57.0000, -3.317466911622327E+08,  2.686633625861123E+08,  8.948557030410410E+07,
2451223.993715278, A.D. 1999-Feb-14 11:50:57.0000, -3.329363035345694E+08,  2.676648380377158E+08,  8.968334635204045E+07,
2451224.993715278, A.D. 1999-Feb-15 11:50:57.0000, -3.341219510477812E+08,  2.666631245178127E+08,  8.988005406251423E+07,
2451225.993715278, A.D. 1999-Feb-16 11:50:57.0000, -3.353036286769783E+08,  2.656582412125555E+08,  9.007569353983937E+07,
2451226.993715278, A.D. 1999-Feb-17 11:50:57.0000, -3.364813314848510E+08,  2.646502072720498E+08,  9.027026490529507E+07,
2451227.993715278, A.D. 1999-Feb-18 11:50:57.0000, -3.376550546210082E+08,  2.636390418100586E+08,  9.046376829697487E+07,
2451228.993715278, A.D. 1999-Feb-19 11:50:57.0000, -3.388247933213139E+08,  2.626247639037302E+08,  9.065620386963682E+07,
2451229.993715278, A.D. 1999-Feb-20 11:50:57.0000, -3.399905429072160E+08,  2.616073925933584E+08,  9.084757179455626E+07,
2451230.993715278, A.D. 1999-Feb-21 11:50:57.0000, -3.411522987850798E+08,  2.605869468821747E+08,  9.103787225938171E+07,
2451231.993715278, A.D. 1999-Feb-22 11:50:57.0000, -3.423100564455312E+08,  2.595634457361783E+08,  9.122710546799412E+07,
2451232.993715278, A.D. 1999-Feb-23 11:50:57.0000, -3.434638114628187E+08,  2.585369080840008E+08,  9.141527164037149E+07,
2451233.993715278, A.D. 1999-Feb-24 11:50:57.0000, -3.446135594942067E+08,  2.575073528168059E+08,  9.160237101245886E+07,
2451234.993715278, A.D. 1999-Feb-25 11:50:57.0000, -3.457592962794058E+08,  2.564747987882154E+08,  9.178840383604394E+07,
2451235.993715278, A.D. 1999-Feb-26 11:50:57.0000, -3.469010176400546E+08,  2.554392648142531E+08,  9.197337037863907E+07,
2451236.993715278, A.D. 1999-Feb-27 11:50:57.0000, -3.480387194792537E+08,  2.544007696732892E+08,  9.215727092336819E+07,
2451237.993715278, A.D. 1999-Feb-28 11:50:57.0000, -3.491723977811537E+08,  2.533593321059735E+08,  9.234010576885766E+07,
2451238.993715278, A.D. 1999-Mar-01 11:50:57.0000, -3.503020486105912E+08,  2.523149708151379E+08,  9.252187522912946E+07,
2451239.993715278, A.D. 1999-Mar-02 11:50:57.0000, -3.514276681127636E+08,  2.512677044656565E+08,  9.270257963349429E+07,
2451240.993715278, A.D. 1999-Mar-03 11:50:57.0000, -3.525492525129263E+08,  2.502175516842513E+08,  9.288221932644220E+07,
2451241.993715278, A.D. 1999-Mar-04 11:50:57.0000, -3.536667981160917E+08,  2.491645310592433E+08,  9.306079466752981E+07,
2451242.993715278, A.D. 1999-Mar-05 11:50:57.0000, -3.547803013067155E+08,  2.481086611402512E+08,  9.323830603126122E+07,
2451243.993715278, A.D. 1999-Mar-06 11:50:57.0000, -3.558897585483543E+08,  2.470499604378463E+08,  9.341475380696355E+07,
2451244.993715278, A.D. 1999-Mar-07 11:50:57.0000, -3.569951663832821E+08,  2.459884474231761E+08,  9.359013839865625E+07,
2451245.993715278, A.D. 1999-Mar-08 11:50:57.0000, -3.580965214320636E+08,  2.449241405275719E+08,  9.376446022491424E+07,
2451246.993715278, A.D. 1999-Mar-09 11:50:57.0000, -3.591938203930798E+08,  2.438570581421566E+08,  9.393771971872865E+07,
2451247.993715278, A.D. 1999-Mar-10 11:50:57.0000, -3.602870600420142E+08,  2.427872186174628E+08,  9.410991732736307E+07,
2451248.993715278, A.D. 1999-Mar-11 11:50:57.0000, -3.613762372313052E+08,  2.417146402630702E+08,  9.428105351220979E+07,
2451249.993715278, A.D. 1999-Mar-12 11:50:57.0000, -3.624613488895711E+08,  2.406393413472706E+08,  9.445112874864481E+07,
2451250.993715278, A.D. 1999-Mar-13 11:50:57.0000, -3.635423920210183E+08,  2.395613400967616E+08,  9.462014352588485E+07,
2451251.993715278, A.D. 1999-Mar-14 11:50:57.0000, -3.646193637048402E+08,  2.384806546963686E+08,  9.478809834684522E+07,
2451252.993715278, A.D. 1999-Mar-15 11:50:57.0000, -3.656922610946130E+08,  2.373973032887971E+08,  9.495499372800034E+07,
2451253.993715278, A.D. 1999-Mar-16 11:50:57.0000, -3.667610814176925E+08,  2.363113039744074E+08,  9.512083019924615E+07,
2451254.993715278, A.D. 1999-Mar-17 11:50:57.0000, -3.678258219746171E+08,  2.352226748110132E+08,  9.528560830376540E+07,
2451255.993715278, A.D. 1999-Mar-18 11:50:57.0000, -3.688864801385190E+08,  2.341314338136979E+08,  9.544932859789529E+07,
2451256.993715278, A.D. 1999-Mar-19 11:50:57.0000, -3.699430533545431E+08,  2.330375989546472E+08,  9.561199165099713E+07,
2451257.993715278, A.D. 1999-Mar-20 11:50:57.0000, -3.709955391392776E+08,  2.319411881629933E+08,  9.577359804532848E+07,
2451258.993715278, A.D. 1999-Mar-21 11:50:57.0000, -3.720439350801925E+08,  2.308422193246697E+08,  9.593414837591672E+07,
2451259.993715278, A.D. 1999-Mar-22 11:50:57.0000, -3.730882388350891E+08,  2.297407102822751E+08,  9.609364325043486E+07,
2451260.993715278, A.D. 1999-Mar-23 11:50:57.0000, -3.741284481315576E+08,  2.286366788349423E+08,  9.625208328907868E+07,
2451261.993715278, A.D. 1999-Mar-24 11:50:57.0000, -3.751645607664426E+08,  2.275301427382139E+08,  9.640946912444495E+07,
2451262.993715278, A.D. 1999-Mar-25 11:50:57.0000, -3.761965746053168E+08,  2.264211197039216E+08,  9.656580140141150E+07,
2451263.993715278, A.D. 1999-Mar-26 11:50:57.0000, -3.772244875819606E+08,  2.253096274000700E+08,  9.672108077701783E+07,
2451264.993715278, A.D. 1999-Mar-27 11:50:57.0000, -3.782482976978489E+08,  2.241956834507224E+08,  9.687530792034730E+07,
2451265.993715278, A.D. 1999-Mar-28 11:50:57.0000, -3.792680030216422E+08,  2.230793054358913E+08,  9.702848351240954E+07,
2451266.993715278, A.D. 1999-Mar-29 11:50:57.0000, -3.802836016886833E+08,  2.219605108914302E+08,  9.718060824602489E+07,
2451267.993715278, A.D. 1999-Mar-30 11:50:57.0000, -3.812950919004984E+08,  2.208393173089285E+08,  9.733168282570806E+07,
2451268.993715278, A.D. 1999-Mar-31 11:50:57.0000, -3.823024719243023E+08,  2.197157421356089E+08,  9.748170796755438E+07,
2451269.993715278, A.D. 1999-Apr-01 11:50:57.0000, -3.833057400925072E+08,  2.185898027742271E+08,  9.763068439912534E+07,
2451270.993715278, A.D. 1999-Apr-02 11:50:57.0000, -3.843048948022352E+08,  2.174615165829738E+08,  9.777861285933571E+07,
2451271.993715278, A.D. 1999-Apr-03 11:50:57.0000, -3.852999345148341E+08,  2.163309008753800E+08,  9.792549409834111E+07,
2451272.993715278, A.D. 1999-Apr-04 11:50:57.0000, -3.862908577553954E+08,  2.151979729202236E+08,  9.807132887742633E+07,
2451273.993715278, A.D. 1999-Apr-05 11:50:57.0000, -3.872776631122767E+08,  2.140627499414388E+08,  9.821611796889415E+07,
2451274.993715278, A.D. 1999-Apr-06 11:50:57.0000, -3.882603492366255E+08,  2.129252491180290E+08,  9.835986215595521E+07,
2451275.993715278, A.D. 1999-Apr-07 11:50:57.0000, -3.892389148419065E+08,  2.117854875839807E+08,  9.850256223261836E+07,
2451276.993715278, A.D. 1999-Apr-08 11:50:57.0000, -3.902133587034308E+08,  2.106434824281815E+08,  9.864421900358173E+07,
2451277.993715278, A.D. 1999-Apr-09 11:50:57.0000, -3.911836796578883E+08,  2.094992506943393E+08,  9.878483328412424E+07,
2451278.993715278, A.D. 1999-Apr-10 11:50:57.0000, -3.921498766028821E+08,  2.083528093809047E+08,  9.892440589999816E+07,
2451279.993715278, A.D. 1999-Apr-11 11:50:57.0000, -3.931119484964653E+08,  2.072041754409968E+08,  9.906293768732238E+07,
2451280.993715278, A.D. 1999-Apr-12 11:50:57.0000, -3.940698943566805E+08,  2.060533657823301E+08,  9.920042949247572E+07,
2451281.993715278, A.D. 1999-Apr-13 11:50:57.0000, -3.950237132611014E+08,  2.049003972671448E+08,  9.933688217199159E+07,
2451282.993715278, A.D. 1999-Apr-14 11:50:57.0000, -3.959734043463772E+08,  2.037452867121399E+08,  9.947229659245312E+07,
2451283.993715278, A.D. 1999-Apr-15 11:50:57.0000, -3.969189668077781E+08,  2.025880508884081E+08,  9.960667363038874E+07,
2451284.993715278, A.D. 1999-Apr-16 11:50:57.0000, -3.978603998987448E+08,  2.014287065213740E+08,  9.974001417216873E+07,
2451285.993715278, A.D. 1999-Apr-17 11:50:57.0000, -3.987977029304392E+08,  2.002672702907341E+08,  9.987231911390206E+07,
2451286.993715278, A.D. 1999-Apr-18 11:50:57.0000, -3.997308752712976E+08,  1.991037588303998E+08,  1.000035893613344E+08,
2451287.993715278, A.D. 1999-Apr-19 11:50:57.0000, -4.006599163465867E+08,  1.979381887284420E+08,  1.001338258297462E+08,
2451288.993715278, A.D. 1999-Apr-20 11:50:57.0000, -4.015848256379607E+08,  1.967705765270392E+08,  1.002630294438518E+08,
2451289.993715278, A.D. 1999-Apr-21 11:50:57.0000, -4.025056026830223E+08,  1.956009387224265E+08,  1.003912011376994E+08,
2451290.993715278, A.D. 1999-Apr-22 11:50:57.0000, -4.034222470748848E+08,  1.944292917648476E+08,  1.005183418545706E+08,
2451291.993715278, A.D. 1999-Apr-23 11:50:57.0000, -4.043347584617363E+08,  1.932556520585089E+08,  1.006444525468819E+08,
2451292.993715278, A.D. 1999-Apr-24 11:50:57.0000, -4.052431365464072E+08,  1.920800359615344E+08,  1.007695341760862E+08,
2451293.993715278, A.D. 1999-Apr-25 11:50:57.0000, -4.061473810859390E+08,  1.909024597859241E+08,  1.008935877125746E+08,
2451294.993715278, A.D. 1999-Apr-26 11:50:57.0000, -4.070474918911556E+08,  1.897229397975130E+08,  1.010166141355789E+08,
2451295.993715278, A.D. 1999-Apr-27 11:50:57.0000, -4.079434688262358E+08,  1.885414922159316E+08,  1.011386144330756E+08,
2451296.993715278, A.D. 1999-Apr-28 11:50:57.0000, -4.088353118082885E+08,  1.873581332145687E+08,  1.012595896016889E+08,
2451297.993715278, A.D. 1999-Apr-29 11:50:57.0000, -4.097230208069304E+08,  1.861728789205341E+08,  1.013795406465953E+08,
2451298.993715278, A.D. 1999-Apr-30 11:50:57.0000, -4.106065958438638E+08,  1.849857454146238E+08,  1.014984685814285E+08,
2451299.993715278, A.D. 1999-May-01 11:50:57.0000, -4.114860369924561E+08,  1.837967487312849E+08,  1.016163744281842E+08,
2451300.993715278, A.D. 1999-May-02 11:50:57.0000, -4.123613443773219E+08,  1.826059048585816E+08,  1.017332592171262E+08,
2451301.993715278, A.D. 1999-May-03 11:50:57.0000, -4.132325181739039E+08,  1.814132297381622E+08,  1.018491239866921E+08,
2451302.993715278, A.D. 1999-May-04 11:50:57.0000, -4.140995586080557E+08,  1.802187392652254E+08,  1.019639697833996E+08,
2451303.993715278, A.D. 1999-May-05 11:50:57.0000, -4.149624659556240E+08,  1.790224492884882E+08,  1.020777976617533E+08,
2451304.993715278, A.D. 1999-May-06 11:50:57.0000, -4.158212405420300E+08,  1.778243756101520E+08,  1.021906086841510E+08,
2451305.993715278, A.D. 1999-May-07 11:50:57.0000, -4.166758827418495E+08,  1.766245339858711E+08,  1.023024039207913E+08,
2451306.993715278, A.D. 1999-May-08 11:50:57.0000, -4.175263929783913E+08,  1.754229401247199E+08,  1.024131844495800E+08,
2451307.993715278, A.D. 1999-May-09 11:50:57.0000, -4.183727717232717E+08,  1.742196096891611E+08,  1.025229513560370E+08,
2451308.993715278, A.D. 1999-May-10 11:50:57.0000, -4.192150194959846E+08,  1.730145582950154E+08,  1.026317057332039E+08,
2451309.993715278, A.D. 1999-May-11 11:50:57.0000, -4.200531368634671E+08,  1.718078015114325E+08,  1.027394486815500E+08,
2451310.993715278, A.D. 1999-May-12 11:50:57.0000, -4.208871244396580E+08,  1.705993548608661E+08,  1.028461813088798E+08,
2451311.993715278, A.D. 1999-May-13 11:50:57.0000, -4.217169828850482E+08,  1.693892338190529E+08,  1.029519047302390E+08,
2451312.993715278, A.D. 1999-May-14 11:50:57.0000, -4.225427129062229E+08,  1.681774538150000E+08,  1.030566200678218E+08,
2451313.993715278, A.D. 1999-May-15 11:50:57.0000, -4.233643152553937E+08,  1.669640302309809E+08,  1.031603284508775E+08,
2451314.993715278, A.D. 1999-May-16 11:50:57.0000, -4.241817907299226E+08,  1.657489784025468E+08,  1.032630310156180E+08,
2451315.993715278, A.D. 1999-May-17 11:50:57.0000, -4.249951401718373E+08,  1.645323136185541E+08,  1.033647289051264E+08,
2451316.993715278, A.D. 1999-May-18 11:50:57.0000, -4.258043644673389E+08,  1.633140511212146E+08,  1.034654232692667E+08,
2451317.993715278, A.D. 1999-May-19 11:50:57.0000, -4.266094645463102E+08,  1.620942061061729E+08,  1.035651152645959E+08,
2451318.993715278, A.D. 1999-May-20 11:50:57.0000, -4.274104413818256E+08,  1.608727937226122E+08,  1.036638060542795E+08,
2451319.993715278, A.D. 1999-May-21 11:50:57.0000, -4.282072959896730E+08,  1.596498290733953E+08,  1.037614968080102E+08,
2451320.993715278, A.D. 1999-May-22 11:50:57.0000, -4.290000294278947E+08,  1.584253272152356E+08,  1.038581887019323E+08,
2451321.993715278, A.D. 1999-May-23 11:50:57.0000, -4.297886427963621E+08,  1.571993031589009E+08,  1.039538829185705E+08,
2451322.993715278, A.D. 1999-May-24 11:50:57.0000, -4.305731372363880E+08,  1.559717718694389E+08,  1.040485806467664E+08,
2451323.993715278, A.D. 1999-May-25 11:50:57.0000, -4.313535139303907E+08,  1.547427482664158E+08,  1.041422830816186E+08,
2451324.993715278, A.D. 1999-May-26 11:50:57.0000, -4.321297741016107E+08,  1.535122472241539E+08,  1.042349914244301E+08,
2451325.993715278, A.D. 1999-May-27 11:50:57.0000, -4.329019190138828E+08,  1.522802835719519E+08,  1.043267068826576E+08,
2451326.993715278, A.D. 1999-May-28 11:50:57.0000, -4.336699499714571E+08,  1.510468720942722E+08,  1.044174306698647E+08,
2451327.993715278, A.D. 1999-May-29 11:50:57.0000, -4.344338683188581E+08,  1.498120275308802E+08,  1.045071640056733E+08,
2451328.993715278, A.D. 1999-May-30 11:50:57.0000, -4.351936754407647E+08,  1.485757645769278E+08,  1.045959081157144E+08,
2451329.993715278, A.D. 1999-May-31 11:50:57.0000, -4.359493727618948E+08,  1.473380978829788E+08,  1.046836642315726E+08,
2451330.993715278, A.D. 1999-Jun-01 11:50:57.0000, -4.367009617468761E+08,  1.460990420549768E+08,  1.047704335907271E+08,
2451331.993715278, A.D. 1999-Jun-02 11:50:57.0000, -4.374484439000866E+08,  1.448586116541678E+08,  1.048562174364851E+08,
2451332.993715278, A.D. 1999-Jun-03 11:50:57.0000, -4.381918207654576E+08,  1.436168211969894E+08,  1.049410170179098E+08,
2451333.993715278, A.D. 1999-Jun-04 11:50:57.0000, -4.389310939262299E+08,  1.423736851549408E+08,  1.050248335897430E+08,
2451334.993715278, A.D. 1999-Jun-05 11:50:57.0000, -4.396662650046654E+08,  1.411292179544499E+08,  1.051076684123228E+08,
2451335.993715278, A.D. 1999-Jun-06 11:50:57.0000, -4.403973356617197E+08,  1.398834339767472E+08,  1.051895227514996E+08,
2451336.993715278, A.D. 1999-Jun-07 11:50:57.0000, -4.411243075966801E+08,  1.386363475577591E+08,  1.052703978785498E+08,
2451337.993715278, A.D. 1999-Jun-08 11:50:57.0000, -4.418471825467775E+08,  1.373879729880225E+08,  1.053502950700899E+08,
2451338.993715278, A.D. 1999-Jun-09 11:50:57.0000, -4.425659622867832E+08,  1.361383245126272E+08,  1.054292156079915E+08,
2451339.993715278, A.D. 1999-Jun-10 11:50:57.0000, -4.432806486285946E+08,  1.348874163311834E+08,  1.055071607792971E+08,
2451340.993715278, A.D. 1999-Jun-11 11:50:57.0000, -4.439912434208198E+08,  1.336352625978155E+08,  1.055841318761387E+08,
2451341.993715278, A.D. 1999-Jun-12 11:50:57.0000, -4.446977485483630E+08,  1.323818774211766E+08,  1.056601301956583E+08,
2451342.993715278, A.D. 1999-Jun-13 11:50:57.0000, -4.454001659320171E+08,  1.311272748644835E+08,  1.057351570399312E+08,
2451343.993715278, A.D. 1999-Jun-14 11:50:57.0000, -4.460984975280625E+08,  1.298714689455658E+08,  1.058092137158908E+08,
2451344.993715278, A.D. 1999-Jun-15 11:50:57.0000, -4.467927453278769E+08,  1.286144736369290E+08,  1.058823015352559E+08,
2451345.993715278, A.D. 1999-Jun-16 11:50:57.0000, -4.474829113575543E+08,  1.273563028658266E+08,  1.059544218144604E+08,
2451346.993715278, A.D. 1999-Jun-17 11:50:57.0000, -4.481689976775331E+08,  1.260969705143397E+08,  1.060255758745838E+08,
2451347.993715278, A.D. 1999-Jun-18 11:50:57.0000, -4.488510063822353E+08,  1.248364904194617E+08,  1.060957650412842E+08,
2451348.993715278, A.D. 1999-Jun-19 11:50:57.0000, -4.495289395997130E+08,  1.235748763731877E+08,  1.061649906447322E+08,
2451349.993715278, A.D. 1999-Jun-20 11:50:57.0000, -4.502027994913040E+08,  1.223121421226055E+08,  1.062332540195457E+08,
2451350.993715278, A.D. 1999-Jun-21 11:50:57.0000, -4.508725882512944E+08,  1.210483013699892E+08,  1.063005565047267E+08,
2451351.993715278, A.D. 1999-Jun-22 11:50:57.0000, -4.515383081065882E+08,  1.197833677728934E+08,  1.063668994435978E+08,
2451352.993715278, A.D. 1999-Jun-23 11:50:57.0000, -4.521999613163827E+08,  1.185173549442482E+08,  1.064322841837410E+08,
2451353.993715278, A.D. 1999-Jun-24 11:50:57.0000, -4.528575501718490E+08,  1.172502764524544E+08,  1.064967120769360E+08,
2451354.993715278, A.D. 1999-Jun-25 11:50:57.0000, -4.535110769958187E+08,  1.159821458214788E+08,  1.065601844790997E+08,
2451355.993715278, A.D. 1999-Jun-26 11:50:57.0000, -4.541605441424728E+08,  1.147129765309502E+08,  1.066227027502267E+08,
2451356.993715278, A.D. 1999-Jun-27 11:50:57.0000, -4.548059539970374E+08,  1.134427820162536E+08,  1.066842682543295E+08,
2451357.993715278, A.D. 1999-Jun-28 11:50:57.0000, -4.554473089754798E+08,  1.121715756686265E+08,  1.067448823593803E+08,
2451358.993715278, A.D. 1999-Jun-29 11:50:57.0000, -4.560846115242113E+08,  1.108993708352534E+08,  1.068045464372527E+08,
2451359.993715278, A.D. 1999-Jun-30 11:50:57.0000, -4.567178641197906E+08,  1.096261808193616E+08,  1.068632618636640E+08,
2451360.993715278, A.D. 1999-Jul-01 11:50:57.0000, -4.573470692686310E+08,  1.083520188803157E+08,  1.069210300181181E+08,
2451361.993715278, A.D. 1999-Jul-02 11:50:57.0000, -4.579722295067111E+08,  1.070768982337132E+08,  1.069778522838492E+08,
2451362.993715278, A.D. 1999-Jul-03 11:50:57.0000, -4.585933473992863E+08,  1.058008320514801E+08,  1.070337300477649E+08,
2451363.993715278, A.D. 1999-Jul-04 11:50:57.0000, -4.592104255406047E+08,  1.045238334619660E+08,  1.070886647003916E+08,
2451364.993715278, A.D. 1999-Jul-05 11:50:57.0000, -4.598234665536242E+08,  1.032459155500403E+08,  1.071426576358183E+08,
2451365.993715278, A.D. 1999-Jul-06 11:50:57.0000, -4.604324730897323E+08,  1.019670913571878E+08,  1.071957102516426E+08,
2451366.993715278, A.D. 1999-Jul-07 11:50:57.0000, -4.610374478284686E+08,  1.006873738816054E+08,  1.072478239489159E+08,
2451367.993715278, A.D. 1999-Jul-08 11:50:57.0000, -4.616383934772478E+08,  9.940677607829830E+07,  1.072990001320903E+08,
2451368.993715278, A.D. 1999-Jul-09 11:50:57.0000, -4.622353127710881E+08,  9.812531085917719E+07,  1.073492402089642E+08,
2451369.993715278, A.D. 1999-Jul-10 11:50:57.0000, -4.628282084723378E+08,  9.684299109315537E+07,  1.073985455906306E+08,
2451370.993715278, A.D. 1999-Jul-11 11:50:57.0000, -4.634170833704076E+08,  9.555982960624635E+07,  1.074469176914237E+08,
2451371.993715278, A.D. 1999-Jul-12 11:50:57.0000, -4.640019402815022E+08,  9.427583918166167E+07,  1.074943579288674E+08,
2451372.993715278, A.D. 1999-Jul-13 11:50:57.0000, -4.645827820483559E+08,  9.299103255990925E+07,  1.075408677236235E+08,
2451373.993715278, A.D. 1999-Jul-14 11:50:57.0000, -4.651596115399694E+08,  9.170542243889181E+07,  1.075864484994409E+08,
2451374.993715278, A.D. 1999-Jul-15 11:50:57.0000, -4.657324316513490E+08,  9.041902147400564E+07,  1.076311016831045E+08,
2451375.993715278, A.D. 1999-Jul-16 11:50:57.0000, -4.663012453032473E+08,  8.913184227823959E+07,  1.076748287043853E+08,
2451376.993715278, A.D. 1999-Jul-17 11:50:57.0000, -4.668660554419063E+08,  8.784389742227432E+07,  1.077176309959902E+08,
2451377.993715278, A.D. 1999-Jul-18 11:50:57.0000, -4.674268650388032E+08,  8.655519943458152E+07,  1.077595099935130E+08,
2451378.993715278, A.D. 1999-Jul-19 11:50:57.0000, -4.679836770903964E+08,  8.526576080152331E+07,  1.078004671353849E+08,
2451379.993715278, A.D. 1999-Jul-20 11:50:57.0000, -4.685364946178755E+08,  8.397559396745154E+07,  1.078405038628264E+08,
2451380.993715278, A.D. 1999-Jul-21 11:50:57.0000, -4.690853206669119E+08,  8.268471133480713E+07,  1.078796216197987E+08,
2451381.993715278, A.D. 1999-Jul-22 11:50:57.0000, -4.696301583074114E+08,  8.139312526421905E+07,  1.079178218529560E+08,
2451382.993715278, A.D. 1999-Jul-23 11:50:57.0000, -4.701710106332693E+08,  8.010084807460295E+07,  1.079551060115979E+08,
2451383.993715278, A.D. 1999-Jul-24 11:50:57.0000, -4.707078807621266E+08,  7.880789204325959E+07,  1.079914755476222E+08,
2451384.993715278, A.D. 1999-Jul-25 11:50:57.0000, -4.712407718351277E+08,  7.751426940597242E+07,  1.080269319154783E+08,
2451385.993715278, A.D. 1999-Jul-26 11:50:57.0000, -4.717696870166805E+08,  7.621999235710457E+07,  1.080614765721203E+08,
2451386.993715278, A.D. 1999-Jul-27 11:50:57.0000, -4.722946294942166E+08,  7.492507304969499E+07,  1.080951109769609E+08,
2451387.993715278, A.D. 1999-Jul-28 11:50:57.0000, -4.728156024779536E+08,  7.362952359555337E+07,  1.081278365918252E+08,
2451388.993715278, A.D. 1999-Jul-29 11:50:57.0000, -4.733326092006574E+08,  7.233335606535412E+07,  1.081596548809052E+08,
2451389.993715278, A.D. 1999-Jul-30 11:50:57.0000, -4.738456529174058E+08,  7.103658248872864E+07,  1.081905673107132E+08,
2451390.993715278, A.D. 1999-Jul-31 11:50:57.0000, -4.743547369053520E+08,  6.973921485435638E+07,  1.082205753500372E+08,
2451391.993715278, A.D. 1999-Aug-01 11:50:57.0000, -4.748598644634865E+08,  6.844126511005403E+07,  1.082496804698945E+08,
2451392.993715278, A.D. 1999-Aug-02 11:50:57.0000, -4.753610389123998E+08,  6.714274516286324E+07,  1.082778841434862E+08,
2451393.993715278, A.D. 1999-Aug-03 11:50:57.0000, -4.758582635940423E+08,  6.584366687913648E+07,  1.083051878461518E+08,
2451394.993715278, A.D. 1999-Aug-04 11:50:57.0000, -4.763515418714814E+08,  6.454404208462155E+07,  1.083315930553229E+08,
2451395.993715278, A.D. 1999-Aug-05 11:50:57.0000, -4.768408771286560E+08,  6.324388256454477E+07,  1.083571012504773E+08,
2451396.993715278, A.D. 1999-Aug-06 11:50:57.0000, -4.773262727701249E+08,  6.194320006369382E+07,  1.083817139130925E+08,
2451397.993715278, A.D. 1999-Aug-07 11:50:57.0000, -4.778077322208107E+08,  6.064200628650054E+07,  1.084054325265991E+08,
2451398.993715278, A.D. 1999-Aug-08 11:50:57.0000, -4.782852589257356E+08,  5.934031289712450E+07,  1.084282585763333E+08,
2451399.993715278, A.D. 1999-Aug-09 11:50:57.0000, -4.787588563497521E+08,  5.803813151954450E+07,  1.084501935494912E+08,
2451400.993715278, A.D. 1999-Aug-10 11:50:57.0000, -4.792285279772569E+08,  5.673547373764600E+07,  1.084712389350788E+08,
2451401.993715278, A.D. 1999-Aug-11 11:50:57.0000, -4.796942773119047E+08,  5.543235109532705E+07,  1.084913962238661E+08,
2451402.993715278, A.D. 1999-Aug-12 11:50:57.0000, -4.801561078763054E+08,  5.412877509661110E+07,  1.085106669083398E+08,
2451403.993715278, A.D. 1999-Aug-13 11:50:57.0000, -4.806140232117158E+08,  5.282475720577704E+07,  1.085290524826563E+08,
2451404.993715278, A.D. 1999-Aug-14 11:50:57.0000, -4.810680268777239E+08,  5.152030884750979E+07,  1.085465544425969E+08,
2451405.993715278, A.D. 1999-Aug-15 11:50:57.0000, -4.815181224519308E+08,  5.021544140707593E+07,  1.085631742855246E+08,
2451406.993715278, A.D. 1999-Aug-16 11:50:57.0000, -4.819643135296366E+08,  4.891016623052800E+07,  1.085789135103433E+08,
2451407.993715278, A.D. 1999-Aug-17 11:50:57.0000, -4.824066037235357E+08,  4.760449462493990E+07,  1.085937736174617E+08,
2451408.993715278, A.D. 1999-Aug-18 11:50:57.0000, -4.828449966634340E+08,  4.629843785867365E+07,  1.086077561087609E+08,
2451409.993715278, A.D. 1999-Aug-19 11:50:57.0000, -4.832794959959964E+08,  4.499200716167404E+07,  1.086208624875679E+08,
2451410.993715278, A.D. 1999-Aug-20 11:50:57.0000, -4.837101053845337E+08,  4.368521372578564E+07,  1.086330942586347E+08,
2451411.993715278, A.D. 1999-Aug-21 11:50:57.0000, -4.841368285088400E+08,  4.237806870508039E+07,  1.086444529281223E+08,
2451412.993715278, A.D. 1999-Aug-22 11:50:57.0000, -4.845596690650842E+08,  4.107058321618097E+07,  1.086549400035910E+08,
2451413.993715278, A.D. 1999-Aug-23 11:50:57.0000, -4.849786307657529E+08,  3.976276833856618E+07,  1.086645569939923E+08,
2451414.993715278, A.D. 1999-Aug-24 11:50:57.0000, -4.853937173396449E+08,  3.845463511484101E+07,  1.086733054096647E+08,
2451415.993715278, A.D. 1999-Aug-25 11:50:57.0000, -4.858049325319001E+08,  3.714619455095679E+07,  1.086811867623272E+08,
2451416.993715278, A.D. 1999-Aug-26 11:50:57.0000, -4.862122801040507E+08,  3.583745761637376E+07,  1.086882025650712E+08,
2451417.993715278, A.D. 1999-Aug-27 11:50:57.0000, -4.866157638340739E+08,  3.452843524416301E+07,  1.086943543323478E+08,
2451418.993715278, A.D. 1999-Aug-28 11:50:57.0000, -4.870153875164306E+08,  3.321913833105208E+07,  1.086996435799488E+08,
2451419.993715278, A.D. 1999-Aug-29 11:50:57.0000, -4.874111549620731E+08,  3.190957773742250E+07,  1.087040718249817E+08,
2451420.993715278, A.D. 1999-Aug-30 11:50:57.0000, -4.878030699984136E+08,  3.059976428727255E+07,  1.087076405858380E+08,
2451421.993715278, A.D. 1999-Aug-31 11:50:57.0000, -4.881911364692467E+08,  2.928970876816030E+07,  1.087103513821565E+08,
2451422.993715278, A.D. 1999-Sep-01 11:50:57.0000, -4.885753582346263E+08,  2.797942193114253E+07,  1.087122057347814E+08,
2451423.993715278, A.D. 1999-Sep-02 11:50:57.0000, -4.889557391707014E+08,  2.666891449072097E+07,  1.087132051657178E+08,
2451424.993715278, A.D. 1999-Sep-03 11:50:57.0000, -4.893322831695204E+08,  2.535819712480320E+07,  1.087133511980863E+08,
2451425.993715278, A.D. 1999-Sep-04 11:50:57.0000, -4.897049941388056E+08,  2.404728047468653E+07,  1.087126453560756E+08,
2451426.993715278, A.D. 1999-Sep-05 11:50:57.0000, -4.900738760017143E+08,  2.273617514506751E+07,  1.087110891648975E+08,
2451427.993715278, A.D. 1999-Sep-06 11:50:57.0000, -4.904389326965880E+08,  2.142489170407516E+07,  1.087086841507418E+08,
2451428.993715278, A.D. 1999-Sep-07 11:50:57.0000, -4.908001681766999E+08,  2.011344068332824E+07,  1.087054318407340E+08,
2451429.993715278, A.D. 1999-Sep-08 11:50:57.0000, -4.911575864100030E+08,  1.880183257801291E+07,  1.087013337628947E+08,
2451430.993715278, A.D. 1999-Sep-09 11:50:57.0000, -4.915111913788844E+08,  1.749007784697854E+07,  1.086963914461004E+08,
2451431.993715278, A.D. 1999-Sep-10 11:50:57.0000, -4.918609870799258E+08,  1.617818691284734E+07,  1.086906064200478E+08,
2451432.993715278, A.D. 1999-Sep-11 11:50:57.0000, -4.922069775236747E+08,  1.486617016213507E+07,  1.086839802152184E+08,
2451433.993715278, A.D. 1999-Sep-12 11:50:57.0000, -4.925491667344229E+08,  1.355403794538046E+07,  1.086765143628460E+08,
2451434.993715278, A.D. 1999-Sep-13 11:50:57.0000, -4.928875587499953E+08,  1.224180057728019E+07,  1.086682103948849E+08,
2451435.993715278, A.D. 1999-Sep-14 11:50:57.0000, -4.932221576215477E+08,  1.092946833682845E+07,  1.086590698439799E+08,
2451436.993715278, A.D. 1999-Sep-15 11:50:57.0000, -4.935529674133722E+08,  9.617051467458602E+06,  1.086490942434373E+08,
2451437.993715278, A.D. 1999-Sep-16 11:50:57.0000, -4.938799922027099E+08,  8.304560177186247E+06,  1.086382851271965E+08,
2451438.993715278, A.D. 1999-Sep-17 11:50:57.0000, -4.942032360795717E+08,  6.992004638752788E+06,  1.086266440298032E+08,
2451439.993715278, A.D. 1999-Sep-18 11:50:57.0000, -4.945227031465638E+08,  5.679394989769094E+06,  1.086141724863824E+08,
2451440.993715278, A.D. 1999-Sep-19 11:50:57.0000, -4.948383975187194E+08,  4.366741332858004E+06,  1.086008720326129E+08,
2451441.993715278, A.D. 1999-Sep-20 11:50:57.0000, -4.951503233233346E+08,  3.054053735796183E+06,  1.085867442047015E+08,
2451442.993715278, A.D. 1999-Sep-21 11:50:57.0000, -4.954584846998091E+08,  1.741342231654987E+06,  1.085717905393578E+08,
2451443.993715278, A.D. 1999-Sep-22 11:50:57.0000, -4.957628857994902E+08,  4.286168189397976E+05,  1.085560125737706E+08,
2451444.993715278, A.D. 1999-Sep-23 11:50:57.0000, -4.960635307855202E+08, -8.841125382717624E+05,  1.085394118455825E+08,
2451445.993715278, A.D. 1999-Sep-24 11:50:57.0000, -4.963604238326875E+08, -2.196835910192862E+06,  1.085219898928668E+08,
2451446.993715278, A.D. 1999-Sep-25 11:50:57.0000, -4.966535691272793E+08, -3.509543401191831E+06,  1.085037482541038E+08,
2451447.993715278, A.D. 1999-Sep-26 11:50:57.0000, -4.969429708669373E+08, -4.822225149657696E+06,  1.084846884681572E+08,
2451448.993715278, A.D. 1999-Sep-27 11:50:57.0000, -4.972286332605162E+08, -6.134871327866621E+06,  1.084648120742514E+08,
2451449.993715278, A.D. 1999-Sep-28 11:50:57.0000, -4.975105605279433E+08, -7.447472141850099E+06,  1.084441206119489E+08,
2451450.993715278, A.D. 1999-Sep-29 11:50:57.0000, -4.977887569000808E+08, -8.760017831263371E+06,  1.084226156211271E+08,
2451451.993715278, A.D. 1999-Sep-30 11:50:57.0000, -4.980632266185895E+08, -1.007249866925532E+07,  1.084002986419568E+08,
2451452.993715278, A.D. 1999-Oct-01 11:50:57.0000, -4.983339739357944E+08, -1.138490496233915E+07,  1.083771712148797E+08,
2451453.993715278, A.D. 1999-Oct-02 11:50:57.0000, -4.986010031145524E+08, -1.269722705026394E+07,  1.083532348805870E+08,
2451454.993715278, A.D. 1999-Oct-03 11:50:57.0000, -4.988643184281206E+08, -1.400945530588702E+07,  1.083284911799976E+08,
2451455.993715278, A.D. 1999-Oct-04 11:50:57.0000, -4.991239241600272E+08, -1.532158013504708E+07,  1.083029416542366E+08,
2451456.993715278, A.D. 1999-Oct-05 11:50:57.0000, -4.993798246039434E+08, -1.663359197643825E+07,  1.082765878446146E+08,
2451457.993715278, A.D. 1999-Oct-06 11:50:57.0000, -4.996320240635567E+08, -1.794548130148470E+07,  1.082494312926068E+08,
2451458.993715278, A.D. 1999-Oct-07 11:50:57.0000, -4.998805268524459E+08, -1.925723861421605E+07,  1.082214735398320E+08,
2451459.993715278, A.D. 1999-Oct-08 11:50:57.0000, -5.001253372939575E+08, -2.056885445114372E+07,  1.081927161280324E+08,
2451460.993715278, A.D. 1999-Oct-09 11:50:57.0000, -5.003664597210836E+08, -2.188031938113759E+07,  1.081631605990538E+08,
2451461.993715278, A.D. 1999-Oct-10 11:50:57.0000, -5.006038984763405E+08, -2.319162400530390E+07,  1.081328084948246E+08,
2451462.993715278, A.D. 1999-Oct-11 11:50:57.0000, -5.008376579116499E+08, -2.450275895686353E+07,  1.081016613573373E+08,
2451463.993715278, A.D. 1999-Oct-12 11:50:57.0000, -5.010677423882207E+08, -2.581371490103132E+07,  1.080697207286278E+08,
2451464.993715278, A.D. 1999-Oct-13 11:50:57.0000, -5.012941562764317E+08, -2.712448253489602E+07,  1.080369881507567E+08,
2451465.993715278, A.D. 1999-Oct-14 11:50:57.0000, -5.015169039557168E+08, -2.843505258730152E+07,  1.080034651657900E+08,
2451466.993715278, A.D. 1999-Oct-15 11:50:57.0000, -5.017359898144509E+08, -2.974541581872840E+07,  1.079691533157799E+08,
2451467.993715278, A.D. 1999-Oct-16 11:50:57.0000, -5.019514182498364E+08, -3.105556302117709E+07,  1.079340541427464E+08,
2451468.993715278, A.D. 1999-Oct-17 11:50:57.0000, -5.021631936677924E+08, -3.236548501805180E+07,  1.078981691886582E+08,
2451469.993715278, A.D. 1999-Oct-18 11:50:57.0000, -5.023713204828435E+08, -3.367517266404568E+07,  1.078614999954146E+08,
2451470.993715278, A.D. 1999-Oct-19 11:50:57.0000, -5.025758031180112E+08, -3.498461684502735E+07,  1.078240481048269E+08,
2451471.993715278, A.D. 1999-Oct-20 11:50:57.0000, -5.027766460047051E+08, -3.629380847792863E+07,  1.077858150586003E+08,
2451472.993715278, A.D. 1999-Oct-21 11:50:57.0000, -5.029738535826157E+08, -3.760273851063410E+07,  1.077468023983158E+08,
2451473.993715278, A.D. 1999-Oct-22 11:50:57.0000, -5.031674302996076E+08, -3.891139792187220E+07,  1.077070116654122E+08,
2451474.993715278, A.D. 1999-Oct-23 11:50:57.0000, -5.033573806116138E+08, -4.021977772110787E+07,  1.076664444011678E+08,
2451475.993715278, A.D. 1999-Oct-24 11:50:57.0000, -5.035437089825297E+08, -4.152786894843771E+07,  1.076251021466828E+08,
2451476.993715278, A.D. 1999-Oct-25 11:50:57.0000, -5.037264198841078E+08, -4.283566267448680E+07,  1.075829864428611E+08,
2451477.993715278, A.D. 1999-Oct-26 11:50:57.0000, -5.039055177958521E+08, -4.414315000030814E+07,  1.075400988303922E+08,
2451478.993715278, A.D. 1999-Oct-27 11:50:57.0000, -5.040810072049108E+08, -4.545032205728414E+07,  1.074964408497332E+08,
2451479.993715278, A.D. 1999-Oct-28 11:50:57.0000, -5.042528926059700E+08, -4.675717000703130E+07,  1.074520140410902E+08,
2451480.993715278, A.D. 1999-Oct-29 11:50:57.0000, -5.044211785011434E+08, -4.806368504130650E+07,  1.074068199443997E+08,
2451481.993715278, A.D. 1999-Oct-30 11:50:57.0000, -5.045858693998603E+08, -4.936985838191670E+07,  1.073608600993099E+08,
2451482.993715278, A.D. 1999-Oct-31 11:50:57.0000, -5.047469698187512E+08, -5.067568128063047E+07,  1.073141360451611E+08,
2451483.993715278, A.D. 1999-Nov-01 11:50:57.0000, -5.049044842815272E+08, -5.198114501909189E+07,  1.072666493209664E+08,
2451484.993715278, A.D. 1999-Nov-02 11:50:57.0000, -5.050584173188559E+08, -5.328624090873544E+07,  1.072184014653911E+08,
2451485.993715278, A.D. 1999-Nov-03 11:50:57.0000, -5.052087734682283E+08, -5.459096029070197E+07,  1.071693940167322E+08,
2451486.993715278, A.D. 1999-Nov-04 11:50:57.0000, -5.053555572738217E+08, -5.589529453575352E+07,  1.071196285128976E+08,
2451487.993715278, A.D. 1999-Nov-05 11:50:57.0000, -5.054987732863486E+08, -5.719923504418582E+07,  1.070691064913834E+08,
2451488.993715278, A.D. 1999-Nov-06 11:50:57.0000, -5.056384260628996E+08, -5.850277324573584E+07,  1.070178294892527E+08,
2451489.993715278, A.D. 1999-Nov-07 11:50:57.0000, -5.057745201667742E+08, -5.980590059948179E+07,  1.069657990431127E+08,
2451490.993715278, A.D. 1999-Nov-08 11:50:57.0000, -5.059070601673014E+08, -6.110860859373124E+07,  1.069130166890929E+08,
2451491.993715278, A.D. 1999-Nov-09 11:50:57.0000, -5.060360506396515E+08, -6.241088874589424E+07,  1.068594839628235E+08,
2451492.993715278, A.D. 1999-Nov-10 11:50:57.0000, -5.061614961646393E+08, -6.371273260233643E+07,  1.068052023994146E+08,
2451493.993715278, A.D. 1999-Nov-11 11:50:57.0000, -5.062834013285255E+08, -6.501413173820750E+07,  1.067501735334374E+08,
2451494.993715278, A.D. 1999-Nov-12 11:50:57.0000, -5.064017707228213E+08, -6.631507775724189E+07,  1.066943988989086E+08,
2451495.993715278, A.D. 1999-Nov-13 11:50:57.0000, -5.065166089441019E+08, -6.761556229152894E+07,  1.066378800292775E+08,
2451496.993715278, A.D. 1999-Nov-14 11:50:57.0000, -5.066279205938404E+08, -6.891557700125274E+07,  1.065806184574183E+08,
2451497.993715278, A.D. 1999-Nov-15 11:50:57.0000, -5.067357102782722E+08, -7.021511357440430E+07,  1.065226157156270E+08,
2451498.993715278, A.D. 1999-Nov-16 11:50:57.0000, -5.068399826083003E+08, -7.151416372647394E+07,  1.064638733356241E+08,
2451499.993715278, A.D. 1999-Nov-17 11:50:57.0000, -5.069407421994457E+08, -7.281271920012999E+07,  1.064043928485623E+08,
2451500.993715278, A.D. 1999-Nov-18 11:50:57.0000, -5.070379936718569E+08, -7.411077176491059E+07,  1.063441757850397E+08,
2451501.993715278, A.D. 1999-Nov-19 11:50:57.0000, -5.071317416503657E+08, -7.540831321692674E+07,  1.062832236751152E+08,
2451502.993715278, A.D. 1999-Nov-20 11:50:57.0000, -5.072219907645949E+08, -7.670533537860623E+07,  1.062215380483261E+08,
2451503.993715278, A.D. 1999-Nov-21 11:50:57.0000, -5.073087456490998E+08, -7.800183009848724E+07,  1.061591204337050E+08,
2451504.993715278, A.D. 1999-Nov-22 11:50:57.0000, -5.073920109435295E+08, -7.929778925107051E+07,  1.060959723597933E+08,
2451505.993715278, A.D. 1999-Nov-23 11:50:57.0000, -5.074717912927886E+08, -8.059320473673218E+07,  1.060320953546502E+08,
2451506.993715278, A.D. 1999-Nov-24 11:50:57.0000, -5.075480913471845E+08, -8.188806848169515E+07,  1.059674909458564E+08,
2451507.993715278, A.D. 1999-Nov-25 11:50:57.0000, -5.076209157625419E+08, -8.318237243804799E+07,  1.059021606605096E+08,
2451508.993715278, A.D. 1999-Nov-26 11:50:57.0000, -5.076902692002764E+08, -8.447610858379731E+07,  1.058361060252151E+08,
2451509.993715278, A.D. 1999-Nov-27 11:50:57.0000, -5.077561563274214E+08, -8.576926892294148E+07,  1.057693285660692E+08,
2451510.993715278, A.D. 1999-Nov-28 11:50:57.0000, -5.078185818166093E+08, -8.706184548554900E+07,  1.057018298086394E+08,
2451511.993715278, A.D. 1999-Nov-29 11:50:57.0000, -5.078775503460116E+08, -8.835383032782955E+07,  1.056336112779405E+08,
2451512.993715278, A.D. 1999-Nov-30 11:50:57.0000, -5.079330665992433E+08, -8.964521553218946E+07,  1.055646744984094E+08,
2451513.993715278, A.D. 1999-Dec-01 11:50:57.0000, -5.079851352652425E+08, -9.093599320726587E+07,  1.054950209938793E+08,
2451514.993715278, A.D. 1999-Dec-02 11:50:57.0000, -5.080337610381306E+08, -9.222615548793620E+07,  1.054246522875545E+08,
2451515.993715278, A.D. 1999-Dec-03 11:50:57.0000, -5.080789486170642E+08, -9.351569453530349E+07,  1.053535699019860E+08,
2451516.993715278, A.D. 1999-Dec-04 11:50:57.0000, -5.081207027060814E+08, -9.480460253665864E+07,  1.052817753590491E+08,
2451517.993715278, A.D. 1999-Dec-05 11:50:57.0000, -5.081590280139505E+08, -9.609287170542251E+07,  1.052092701799227E+08,
2451518.993715278, A.D. 1999-Dec-06 11:50:57.0000, -5.081939292540219E+08, -9.738049428107122E+07,  1.051360558850707E+08,
2451519.993715278, A.D. 1999-Dec-07 11:50:57.0000, -5.082254111440882E+08, -9.866746252904804E+07,  1.050621339942248E+08,
2451520.993715278, A.D. 1999-Dec-08 11:50:57.0000, -5.082534784062510E+08, -9.995376874066409E+07,  1.049875060263697E+08,
2451521.993715278, A.D. 1999-Dec-09 11:50:57.0000, -5.082781357667965E+08, -1.012394052329915E+08,  1.049121734997289E+08,
2451522.993715278, A.D. 1999-Dec-10 11:50:57.0000, -5.082993879560797E+08, -1.025243643487516E+08,  1.048361379317528E+08,
2451523.993715278, A.D. 1999-Dec-11 11:50:57.0000, -5.083172397084164E+08, -1.038086384561986E+08,  1.047594008391074E+08,
2451524.993715278, A.D. 1999-Dec-12 11:50:57.0000, -5.083316957619824E+08, -1.050922199490020E+08,  1.046819637376638E+08,
2451525.993715278, A.D. 1999-Dec-13 11:50:57.0000, -5.083427608587195E+08, -1.063751012461277E+08,  1.046038281424889E+08,
2451526.993715278, A.D. 1999-Dec-14 11:50:57.0000, -5.083504397442478E+08, -1.076572747917193E+08,  1.045249955678365E+08,
2451527.993715278, A.D. 1999-Dec-15 11:50:57.0000, -5.083547371677822E+08, -1.089387330549796E+08,  1.044454675271392E+08,
2451528.993715278, A.D. 1999-Dec-16 11:50:57.0000, -5.083556578820542E+08, -1.102194685300537E+08,  1.043652455330003E+08,
2451529.993715278, A.D. 1999-Dec-17 11:50:57.0000, -5.083532066432376E+08, -1.114994737359129E+08,  1.042843310971863E+08,
2451530.993715278, A.D. 1999-Dec-18 11:50:57.0000, -5.083473882108769E+08, -1.127787412162405E+08,  1.042027257306198E+08,
2451531.993715278, A.D. 1999-Dec-19 11:50:57.0000, -5.083382073478191E+08, -1.140572635393184E+08,  1.041204309433727E+08,
2451532.993715278, A.D. 1999-Dec-20 11:50:57.0000, -5.083256688201483E+08, -1.153350332979166E+08,  1.040374482446590E+08,
2451533.993715278, A.D. 1999-Dec-21 11:50:57.0000, -5.083097773971213E+08, -1.166120431091827E+08,  1.039537791428285E+08,
2451534.993715278, A.D. 1999-Dec-22 11:50:57.0000, -5.082905378511060E+08, -1.178882856145344E+08,  1.038694251453602E+08,
2451535.993715278, A.D. 1999-Dec-23 11:50:57.0000, -5.082679549575213E+08, -1.191637534795524E+08,  1.037843877588561E+08,
2451536.993715278, A.D. 1999-Dec-24 11:50:57.0000, -5.082420334947782E+08, -1.204384393938751E+08,  1.036986684890347E+08,
2451537.993715278, A.D. 1999-Dec-25 11:50:57.0000, -5.082127782442217E+08, -1.217123360710952E+08,  1.036122688407253E+08,
2451538.993715278, A.D. 1999-Dec-26 11:50:57.0000, -5.081801939900747E+08, -1.229854362486560E+08,  1.035251903178613E+08,
2451539.993715278, A.D. 1999-Dec-27 11:50:57.0000, -5.081442855193821E+08, -1.242577326877512E+08,  1.034374344234752E+08,
2451540.993715278, A.D. 1999-Dec-28 11:50:57.0000, -5.081050576219565E+08, -1.255292181732236E+08,  1.033490026596915E+08,
2451541.993715278, A.D. 1999-Dec-29 11:50:57.0000, -5.080625150903236E+08, -1.267998855134659E+08,  1.032598965277221E+08,
2451542.993715278, A.D. 1999-Dec-30 11:50:57.0000, -5.080166627196701E+08, -1.280697275403233E+08,  1.031701175278598E+08,
