JDTDB,Calendar Date (TDB),X,Y,Z,
2450439.777534722, A.D. 1996-Dec-22 06:39:39.0000, -2.550301467194189E+08, -7.254087799974846E+08, -3.645223329819021E+07,
2450440.777534722, A.D. 1996-Dec-23 06:39:39.0000, -2.540679308694597E+08, -7.256254866791797E+08, -3.702401159432241E+07,
2450441.777534722, A.D. 1996-Dec-24 06:39:39.0000, -2.531051611838759E+08, -7.258406153953946E+08, -3.759570931316999E+07,
2450442.777534722, A.D. 1996-Dec-25 06:39:39.0000, -2.521418395686333E+08, -7.260541651454029E+08, -3.816732518348199E+07,
2450443.777534722, A.D. 1996-Dec-26 06:39:39.0000, -2.511779679313575E+08, -7.262661349309865E+08, -3.873885793338734E+07,
2450444.777534722, A.D. 1996-Dec-27 06:39:39.0000, -2.502135481813872E+08, -7.264765237562367E+08, -3.931030629037610E+07,
2450445.777534722, A.D. 1996-Dec-28 06:39:39.0000, -2.492485822298819E+08, -7.266853306273669E+08, -3.988166898127466E+07,
2450446.777534722, A.D. 1996-Dec-29 06:39:39.0000, -2.482830719899792E+08, -7.268925545525529E+08, -4.045294473222104E+07,
2450447.777534722, A.D. 1996-Dec-30 06:39:39.0000, -2.473170193769954E+08, -7.270981945418124E+08, -4.102413226863751E+07,
2450448.777534722, A.D. 1996-Dec-31 06:39:39.0000, -2.463504263086532E+08, -7.273022496069415E+08, -4.159523031520641E+07,
2450449.777534722, A.D. 1997-Jan-01 06:39:39.0000, -2.453832947053200E+08, -7.275047187615092E+08, -4.216623759584939E+07,
2450450.777534722, A.D. 1997-Jan-02 06:39:39.0000, -2.444156264902417E+08, -7.277056010209121E+08, -4.273715283371168E+07,
2450451.777534722, A.D. 1997-Jan-03 06:39:39.0000, -2.434474235897500E+08, -7.279048954024843E+08, -4.330797475115439E+07,
2450452.777534722, A.D. 1997-Jan-04 06:39:39.0000, -2.424786879334338E+08, -7.281026009256480E+08, -4.387870206975198E+07,
2450453.777534722, A.D. 1997-Jan-05 06:39:39.0000, -2.415094214542655E+08, -7.282987166120909E+08, -4.444933351029733E+07,
2450454.777534722, A.D. 1997-Jan-06 06:39:39.0000, -2.405396260886801E+08, -7.284932414859608E+08, -4.501986779281196E+07,
2450455.777534722, A.D. 1997-Jan-07 06:39:39.0000, -2.395693037766077E+08, -7.286861745740546E+08, -4.559030363655964E+07,
2450456.777534722, A.D. 1997-Jan-08 06:39:39.0000, -2.385984564614677E+08, -7.288775149059987E+08, -4.616063976006439E+07,
2450457.777534722, A.D. 1997-Jan-09 06:39:39.0000, -2.376270860901300E+08, -7.290672615144105E+08, -4.673087488112795E+07,
2450458.777534722, A.D. 1997-Jan-10 06:39:39.0000, -2.366551946128531E+08, -7.292554134350342E+08, -4.730100771684870E+07,
2450459.777534722, A.D. 1997-Jan-11 06:39:39.0000, -2.356827839832075E+08, -7.294419697068536E+08, -4.787103698363954E+07,
2450460.777534722, A.D. 1997-Jan-12 06:39:39.0000, -2.347098561579897E+08, -7.296269293721794E+08, -4.844096139724475E+07,
2450461.777534722, A.D. 1997-Jan-13 06:39:39.0000, -2.337364130971349E+08, -7.298102914767140E+08, -4.901077967275500E+07,
2450462.777534722, A.D. 1997-Jan-14 06:39:39.0000, -2.327624567636316E+08, -7.299920550695972E+08, -4.958049052462062E+07,
2450463.777534722, A.D. 1997-Jan-15 06:39:39.0000, -2.317879891234402E+08, -7.301722192034372E+08, -5.015009266666359E+07,
2450464.777534722, A.D. 1997-Jan-16 06:39:39.0000, -2.308130121454188E+08, -7.303507829343262E+08, -5.071958481208700E+07,
2450465.777534722, A.D. 1997-Jan-17 06:39:39.0000, -2.298375278012567E+08, -7.305277453218482E+08, -5.128896567348394E+07,
2450466.777534722, A.D. 1997-Jan-18 06:39:39.0000, -2.288615380654152E+08, -7.307031054290785E+08, -5.185823396284485E+07,
2450467.777534722, A.D. 1997-Jan-19 06:39:39.0000, -2.278850449150763E+08, -7.308768623225788E+08, -5.242738839156267E+07,
2450468.777534722, A.D. 1997-Jan-20 06:39:39.0000, -2.269080503300982E+08, -7.310490150723881E+08, -5.299642767043972E+07,
2450469.777534722, A.D. 1997-Jan-21 06:39:39.0000, -2.259305562929780E+08, -7.312195627520125E+08, -5.356535050969028E+07,
2450470.777534722, A.D. 1997-Jan-22 06:39:39.0000, -2.249525647888187E+08, -7.313885044384129E+08, -5.413415561894593E+07,
2450471.777534722, A.D. 1997-Jan-23 06:39:39.0000, -2.239740778053026E+08, -7.315558392119938E+08, -5.470284170725811E+07,
2450472.777534722, A.D. 1997-Jan-24 06:39:39.0000, -2.229950973326680E+08, -7.317215661565909E+08, -5.527140748310161E+07,
2450473.777534722, A.D. 1997-Jan-25 06:39:39.0000, -2.220156253636904E+08, -7.318856843594620E+08, -5.583985165437666E+07,
2450474.777534722, A.D. 1997-Jan-26 06:39:39.0000, -2.210356638936655E+08, -7.320481929112742E+08, -5.640817292841282E+07,
2450475.777534722, A.D. 1997-Jan-27 06:39:39.0000, -2.200552149203964E+08, -7.322090909060986E+08, -5.697637001196995E+07,
2450476.777534722, A.D. 1997-Jan-28 06:39:39.0000, -2.190742804441815E+08, -7.323683774413986E+08, -5.754444161124155E+07,
2450477.777534722, A.D. 1997-Jan-29 06:39:39.0000, -2.180928624678048E+08, -7.325260516180277E+08, -5.811238643185660E+07,
2450478.777534722, A.D. 1997-Jan-30 06:39:39.0000, -2.171109629965280E+08, -7.326821125402198E+08, -5.868020317888218E+07,
2450479.777534722, A.D. 1997-Jan-31 06:39:39.0000, -2.161285840380828E+08, -7.328365593155881E+08, -5.924789055682549E+07,
2450480.777534722, A.D. 1997-Feb-01 06:39:39.0000, -2.151457276026650E+08, -7.329893910551195E+08, -5.981544726963609E+07,
2450481.777534722, A.D. 1997-Feb-02 06:39:39.0000, -2.141623957029293E+08, -7.331406068731740E+08, -6.038287202070826E+07,
2450482.777534722, A.D. 1997-Feb-03 06:39:39.0000, -2.131785903539844E+08, -7.332902058874815E+08, -6.095016351288372E+07,
2450483.777534722, A.D. 1997-Feb-04 06:39:39.0000, -2.121943135733884E+08, -7.334381872191424E+08, -6.151732044845295E+07,
2450484.777534722, A.D. 1997-Feb-05 06:39:39.0000, -2.112095673811458E+08, -7.335845499926276E+08, -6.208434152915898E+07,
2450485.777534722, A.D. 1997-Feb-06 06:39:39.0000, -2.102243537997038E+08, -7.337292933357784E+08, -6.265122545619860E+07,
2450486.777534722, A.D. 1997-Feb-07 06:39:39.0000, -2.092386748539488E+08, -7.338724163798081E+08, -6.321797093022534E+07,
2450487.777534722, A.D. 1997-Feb-08 06:39:39.0000, -2.082525325712039E+08, -7.340139182593052E+08, -6.378457665135217E+07,
2450488.777534722, A.D. 1997-Feb-09 06:39:39.0000, -2.072659289812266E+08, -7.341537981122348E+08, -6.435104131915343E+07,
2450489.777534722, A.D. 1997-Feb-10 06:39:39.0000, -2.062788661162056E+08, -7.342920550799420E+08, -6.491736363266811E+07,
2450490.777534722, A.D. 1997-Feb-11 06:39:39.0000, -2.052913460107590E+08, -7.344286883071557E+08, -6.548354229040188E+07,
2450491.777534722, A.D. 1997-Feb-12 06:39:39.0000, -2.043033707019320E+08, -7.345636969419928E+08, -6.604957599033013E+07,
2450492.777534722, A.D. 1997-Feb-13 06:39:39.0000, -2.033149422291952E+08, -7.346970801359625E+08, -6.661546342990083E+07,
2450493.777534722, A.D. 1997-Feb-14 06:39:39.0000, -2.023260626344423E+08, -7.348288370439720E+08, -6.718120330603600E+07,
2450494.777534722, A.D. 1997-Feb-15 06:39:39.0000, -2.013367339619888E+08, -7.349589668243308E+08, -6.774679431513676E+07,
2450495.777534722, A.D. 1997-Feb-16 06:39:39.0000, -2.003469582585702E+08, -7.350874686387590E+08, -6.831223515308392E+07,
2450496.777534722, A.D. 1997-Feb-17 06:39:39.0000, -1.993567375733407E+08, -7.352143416523914E+08, -6.887752451524207E+07,
2450497.777534722, A.D. 1997-Feb-18 06:39:39.0000, -1.983660739578716E+08, -7.353395850337875E+08, -6.944266109646222E+07,
2450498.777534722, A.D. 1997-Feb-19 06:39:39.0000, -1.973749694661505E+08, -7.354631979549363E+08, -7.000764359108472E+07,
2450499.777534722, A.D. 1997-Feb-20 06:39:39.0000, -1.963834261545798E+08, -7.355851795912668E+08, -7.057247069294250E+07,
2450500.777534722, A.D. 1997-Feb-21 06:39:39.0000, -1.953914460819758E+08, -7.357055291216575E+08, -7.113714109536344E+07,
2450501.777534722, A.D. 1997-Feb-22 06:39:39.0000, -1.943990313095674E+08, -7.358242457284451E+08, -7.170165349117479E+07,
2450502.777534722, A.D. 1997-Feb-23 06:39:39.0000, -1.934061839009955E+08, -7.359413285974357E+08, -7.226600657270545E+07,
2450503.777534722, A.D. 1997-Feb-24 06:39:39.0000, -1.924129059223112E+08, -7.360567769179181E+08, -7.283019903178942E+07,
2450504.777534722, A.D. 1997-Feb-25 06:39:39.0000, -1.914191994419753E+08, -7.361705898826753E+08, -7.339422955976972E+07,
2450505.777534722, A.D. 1997-Feb-26 06:39:39.0000, -1.904250665308559E+08, -7.362827666879997E+08, -7.395809684750172E+07,
2450506.777534722, A.D. 1997-Feb-27 06:39:39.0000, -1.894305092622267E+08, -7.363933065337088E+08, -7.452179958535701E+07,
2450507.777534722, A.D. 1997-Feb-28 06:39:39.0000, -1.884355297117648E+08, -7.365022086231618E+08, -7.508533646322742E+07,
2450508.777534722, A.D. 1997-Mar-01 06:39:39.0000, -1.874401299575465E+08, -7.366094721632793E+08, -7.564870617052934E+07,
2450509.777534722, A.D. 1997-Mar-02 06:39:39.0000, -1.864443120800433E+08, -7.367150963645645E+08, -7.621190739620748E+07,
2450510.777534722, A.D. 1997-Mar-03 06:39:39.0000, -1.854480781621159E+08, -7.368190804411243E+08, -7.677493882874107E+07,
2450511.777534722, A.D. 1997-Mar-04 06:39:39.0000, -1.844514302890055E+08, -7.369214236106960E+08, -7.733779915614727E+07,
2450512.777534722, A.D. 1997-Mar-05 06:39:39.0000, -1.834543705483242E+08, -7.370221250946733E+08, -7.790048706598851E+07,
2450513.777534722, A.D. 1997-Mar-06 06:39:39.0000, -1.824569010300410E+08, -7.371211841181357E+08, -7.846300124537727E+07,
2450514.777534722, A.D. 1997-Mar-07 06:39:39.0000, -1.814590238264644E+08, -7.372185999098802E+08, -7.902534038098294E+07,
2450515.777534722, A.D. 1997-Mar-08 06:39:39.0000, -1.804607410322198E+08, -7.373143717024536E+08, -7.958750315903965E+07,
2450516.777534722, A.D. 1997-Mar-09 06:39:39.0000, -1.794620547442221E+08, -7.374084987321889E+08, -8.014948826535326E+07,
2450517.777534722, A.D. 1997-Mar-10 06:39:39.0000, -1.784629670616401E+08, -7.375009802392378E+08, -8.071129438531044E+07,
2450518.777534722, A.D. 1997-Mar-11 06:39:39.0000, -1.774634800858535E+08, -7.375918154676081E+08, -8.127292020388791E+07,
2450519.777534722, A.D. 1997-Mar-12 06:39:39.0000, -1.764635959204003E+08, -7.376810036651946E+08, -8.183436440566239E+07,
2450520.777534722, A.D. 1997-Mar-13 06:39:39.0000, -1.754633166709142E+08, -7.377685440838097E+08, -8.239562567482111E+07,
2450521.777534722, A.D. 1997-Mar-14 06:39:39.0000, -1.744626444450504E+08, -7.378544359792061E+08, -8.295670269517338E+07,
2450522.777534722, A.D. 1997-Mar-15 06:39:39.0000, -1.734615813524000E+08, -7.379386786110873E+08, -8.351759415016150E+07,
2450523.777534722, A.D. 1997-Mar-16 06:39:39.0000, -1.724601295043934E+08, -7.380212712431097E+08, -8.407829872287256E+07,
2450524.777534722, A.D. 1997-Mar-17 06:39:39.0000, -1.714582910141945E+08, -7.381022131428629E+08, -8.463881509604910E+07,
2450525.777534722, A.D. 1997-Mar-18 06:39:39.0000, -1.704560679965883E+08, -7.381815035818280E+08, -8.519914195209828E+07,
2450526.777534722, A.D. 1997-Mar-19 06:39:39.0000, -1.694534625678672E+08, -7.382591418353112E+08, -8.575927797310030E+07,
2450527.777534722, A.D. 1997-Mar-20 06:39:39.0000, -1.684504768457215E+08, -7.383351271823453E+08, -8.631922184081200E+07,
2450528.777534722, A.D. 1997-Mar-21 06:39:39.0000, -1.674471129491449E+08, -7.384094589055626E+08, -8.687897223666847E+07,
2450529.777534722, A.D. 1997-Mar-22 06:39:39.0000, -1.664433729983627E+08, -7.384821362910354E+08, -8.743852784177878E+07,
2450530.777534722, A.D. 1997-Mar-23 06:39:39.0000, -1.654392591147941E+08, -7.385531586280930E+08, -8.799788733691764E+07,
2450531.777534722, A.D. 1997-Mar-24 06:39:39.0000, -1.644347734210568E+08, -7.386225252091197E+08, -8.855704940251091E+07,
2450532.777534722, A.D. 1997-Mar-25 06:39:39.0000, -1.634299180410243E+08, -7.386902353293515E+08, -8.911601271861622E+07,
2450533.777534722, A.D. 1997-Mar-26 06:39:39.0000, -1.624246950999346E+08, -7.387562882866832E+08, -8.967477596490002E+07,
2450534.777534722, A.D. 1997-Mar-27 06:39:39.0000, -1.614191067245485E+08, -7.388206833814995E+08, -9.023333782061198E+07,
2450535.777534722, A.D. 1997-Mar-28 06:39:39.0000, -1.604131550433514E+08, -7.388834199165524E+08, -9.079169696455967E+07,
2450536.777534722, A.D. 1997-Mar-29 06:39:39.0000, -1.594068421867832E+08, -7.389444971968920E+08, -9.134985207508343E+07,
2450537.777534722, A.D. 1997-Mar-30 06:39:39.0000, -1.584001702874774E+08, -7.390039145298567E+08, -9.190780183003727E+07,
2450538.777534722, A.D. 1997-Mar-31 06:39:39.0000, -1.573931414804941E+08, -7.390616712251234E+08, -9.246554490677419E+07,
2450539.777534722, A.D. 1997-Apr-01 06:39:39.0000, -1.563857579035283E+08, -7.391177665948107E+08, -9.302307998213771E+07,
2450540.777534722, A.D. 1997-Apr-02 06:39:39.0000, -1.553780216970804E+08, -7.391721999536259E+08, -9.358040573246181E+07,
2450541.777534722, A.D. 1997-Apr-03 06:39:39.0000, -1.543699350045837E+08, -7.392249706190377E+08, -9.413752083357513E+07,
2450542.777534722, A.D. 1997-Apr-04 06:39:39.0000, -1.533614999724827E+08, -7.392760779114617E+08, -9.469442396081278E+07,
2450543.777534722, A.D. 1997-Apr-05 06:39:39.0000, -1.523527187502660E+08, -7.393255211544460E+08, -9.525111378903073E+07,
2450544.777534722, A.D. 1997-Apr-06 06:39:39.0000, -1.513435934904614E+08, -7.393732996748432E+08, -9.580758899262294E+07,
2450545.777534722, A.D. 1997-Apr-07 06:39:39.0000, -1.503341263485992E+08, -7.394194128029668E+08, -9.636384824554071E+07,
2450546.777534722, A.D. 1997-Apr-08 06:39:39.0000, -1.493243194831505E+08, -7.394638598727194E+08, -9.691989022131166E+07,
2450547.777534722, A.D. 1997-Apr-09 06:39:39.0000, -1.483141750554531E+08, -7.395066402216991E+08, -9.747571359305769E+07,
2450548.777534722, A.D. 1997-Apr-10 06:39:39.0000, -1.473036952296286E+08, -7.395477531912812E+08, -9.803131703351238E+07,
2450549.777534722, A.D. 1997-Apr-11 06:39:39.0000, -1.462928821724969E+08, -7.395871981266756E+08, -9.858669921503678E+07,
2450550.777534722, A.D. 1997-Apr-12 06:39:39.0000, -1.452817380534939E+08, -7.396249743769685E+08, -9.914185880963245E+07,
2450551.777534722, A.D. 1997-Apr-13 06:39:39.0000, -1.442702650445933E+08, -7.396610812951458E+08, -9.969679448895389E+07,
2450552.777534722, A.D. 1997-Apr-14 06:39:39.0000, -1.432584653202357E+08, -7.396955182381042E+08, -1.002515049243191E+08,
2450553.777534722, A.D. 1997-Apr-15 06:39:39.0000, -1.422463410572654E+08, -7.397282845666541E+08, -1.008059887867181E+08,
2450554.777534722, A.D. 1997-Apr-16 06:39:39.0000, -1.412338944348751E+08, -7.397593796455129E+08, -1.013602447468204E+08,
2450555.777534722, A.D. 1997-Apr-17 06:39:39.0000, -1.402211276345578E+08, -7.397888028432962E+08, -1.019142714749820E+08,
2450556.777534722, A.D. 1997-Apr-18 06:39:39.0000, -1.392080428400666E+08, -7.398165535325034E+08, -1.024680676412506E+08,
2450557.777534722, A.D. 1997-Apr-19 06:39:39.0000, -1.381946422373807E+08, -7.398426310895030E+08, -1.030216319153702E+08,
2450558.777534722, A.D. 1997-Apr-20 06:39:39.0000, -1.371809280146770E+08, -7.398670348945171E+08, -1.035749629667859E+08,
2450559.777534722, A.D. 1997-Apr-21 06:39:39.0000, -1.361669023623073E+08, -7.398897643316038E+08, -1.041280594646475E+08,
2450560.777534722, A.D. 1997-Apr-22 06:39:39.0000, -1.351525674727791E+08, -7.399108187886435E+08, -1.046809200778128E+08,
2450561.777534722, A.D. 1997-Apr-23 06:39:39.0000, -1.341379255407414E+08, -7.399301976573230E+08, -1.052335434748502E+08,
2450562.777534722, A.D. 1997-Apr-24 06:39:39.0000, -1.331229787629720E+08, -7.399479003331218E+08, -1.057859283240432E+08,
2450563.777534722, A.D. 1997-Apr-25 06:39:39.0000, -1.321077293383688E+08, -7.399639262153000E+08, -1.063380732933916E+08,
2450564.777534722, A.D. 1997-Apr-26 06:39:39.0000, -1.310921794679428E+08, -7.399782747068875E+08, -1.068899770506152E+08,
2450565.777534722, A.D. 1997-Apr-27 06:39:39.0000, -1.300763313548130E+08, -7.399909452146735E+08, -1.074416382631561E+08,
2450566.777534722, A.D. 1997-Apr-28 06:39:39.0000, -1.290601872042028E+08, -7.400019371491984E+08, -1.079930555981815E+08,
2450567.777534722, A.D. 1997-Apr-29 06:39:39.0000, -1.280437492234375E+08, -7.400112499247463E+08, -1.085442277225865E+08,
2450568.777534722, A.D. 1997-Apr-30 06:39:39.0000, -1.270270196219435E+08, -7.400188829593389E+08, -1.090951533029960E+08,
2450569.777534722, A.D. 1997-May-01 06:39:39.0000, -1.260100006112475E+08, -7.400248356747307E+08, -1.096458310057685E+08,
2450570.777534722, A.D. 1997-May-02 06:39:39.0000, -1.249926944049773E+08, -7.400291074964046E+08, -1.101962594969977E+08,
2450571.777534722, A.D. 1997-May-03 06:39:39.0000, -1.239751032188623E+08, -7.400316978535696E+08, -1.107464374425163E+08,
2450572.777534722, A.D. 1997-May-04 06:39:39.0000, -1.229572292707351E+08, -7.400326061791587E+08, -1.112963635078978E+08,
2450573.777534722, A.D. 1997-May-05 06:39:39.0000, -1.219390747805339E+08, -7.400318319098272E+08, -1.118460363584596E+08,
2450574.777534722, A.D. 1997-May-06 06:39:39.0000, -1.209206419703039E+08, -7.400293744859529E+08, -1.123954546592661E+08,
2450575.777534722, A.D. 1997-May-07 06:39:39.0000, -1.199019330642004E+08, -7.400252333516366E+08, -1.129446170751317E+08,
2450576.777534722, A.D. 1997-May-08 06:39:39.0000, -1.188829502884917E+08, -7.400194079547036E+08, -1.134935222706229E+08,
2450577.777534722, A.D. 1997-May-09 06:39:39.0000, -1.178636958715618E+08, -7.400118977467048E+08, -1.140421689100619E+08,
2450578.777534722, A.D. 1997-May-10 06:39:39.0000, -1.168441720439140E+08, -7.400027021829206E+08, -1.145905556575297E+08,
2450579.777534722, A.D. 1997-May-11 06:39:39.0000, -1.158243810381744E+08, -7.399918207223630E+08, -1.151386811768689E+08,
2450580.777534722, A.D. 1997-May-12 06:39:39.0000, -1.148043250890953E+08, -7.399792528277807E+08, -1.156865441316864E+08,
2450581.777534722, A.D. 1997-May-13 06:39:39.0000, -1.137840064335591E+08, -7.399649979656637E+08, -1.162341431853572E+08,
2450582.777534722, A.D. 1997-May-14 06:39:39.0000, -1.127634273105828E+08, -7.399490556062473E+08, -1.167814770010274E+08,
2450583.777534722, A.D. 1997-May-15 06:39:39.0000, -1.117425899613213E+08, -7.399314252235208E+08, -1.173285442416171E+08,
2450584.777534722, A.D. 1997-May-16 06:39:39.0000, -1.107214966290724E+08, -7.399121062952318E+08, -1.178753435698239E+08,
2450585.777534722, A.D. 1997-May-17 06:39:39.0000, -1.097001495592806E+08, -7.398910983028960E+08, -1.184218736481259E+08,
2450586.777534722, A.D. 1997-May-18 06:39:39.0000, -1.086785509995424E+08, -7.398684007318039E+08, -1.189681331387859E+08,
2450587.777534722, A.D. 1997-May-19 06:39:39.0000, -1.076567031996100E+08, -7.398440130710312E+08, -1.195141207038538E+08,
2450588.777534722, A.D. 1997-May-20 06:39:39.0000, -1.066346084113964E+08, -7.398179348134488E+08, -1.200598350051708E+08,
2450589.777534722, A.D. 1997-May-21 06:39:39.0000, -1.056122688889803E+08, -7.397901654557340E+08, -1.206052747043726E+08,
2450590.777534722, A.D. 1997-May-22 06:39:39.0000, -1.045896868886099E+08, -7.397607044983832E+08, -1.211504384628933E+08,
2450591.777534722, A.D. 1997-May-23 06:39:39.0000, -1.035668646687081E+08, -7.397295514457252E+08, -1.216953249419692E+08,
2450592.777534722, A.D. 1997-May-24 06:39:39.0000, -1.025438044898769E+08, -7.396967058059366E+08, -1.222399328026428E+08,
2450593.777534722, A.D. 1997-May-25 06:39:39.0000, -1.015205086149006E+08, -7.396621670910575E+08, -1.227842607057663E+08,
2450594.777534722, A.D. 1997-May-26 06:39:39.0000, -1.004969793087499E+08, -7.396259348170106E+08, -1.233283073120067E+08,
2450595.777534722, A.D. 1997-May-27 06:39:39.0000, -9.947321883858474E+07, -7.395880085036200E+08, -1.238720712818498E+08,
2450596.777534722, A.D. 1997-May-28 06:39:39.0000, -9.844922947375590E+07, -7.395483876746334E+08, -1.244155512756044E+08,
2450597.777534722, A.D. 1997-May-29 06:39:39.0000, -9.742501348580562E+07, -7.395070718577452E+08, -1.249587459534086E+08,
2450598.777534722, A.D. 1997-May-30 06:39:39.0000, -9.640057314846745E+07, -7.394640605846233E+08, -1.255016539752332E+08,
2450599.777534722, A.D. 1997-May-31 06:39:39.0000, -9.537591073766282E+07, -7.394193533909372E+08, -1.260442740008892E+08,
2450600.777534722, A.D. 1997-Jun-01 06:39:39.0000, -9.435102853149566E+07, -7.393729498163875E+08, -1.265866046900326E+08,
2450601.777534722, A.D. 1997-Jun-02 06:39:39.0000, -9.332592881024368E+07, -7.393248494047403E+08, -1.271286447021716E+08,
2450602.777534722, A.D. 1997-Jun-03 06:39:39.0000, -9.230061385634583E+07, -7.392750517038612E+08, -1.276703926966736E+08,
2450603.777534722, A.D. 1997-Jun-04 06:39:39.0000, -9.127508595438452E+07, -7.392235562657535E+08, -1.282118473327723E+08,
2450604.777534722, A.D. 1997-Jun-05 06:39:39.0000, -9.024934739106162E+07, -7.391703626465967E+08, -1.287530072695775E+08,
2450605.777534722, A.D. 1997-Jun-06 06:39:39.0000, -8.922340045516850E+07, -7.391154704067854E+08, -1.292938711660827E+08,
2450606.777534722, A.D. 1997-Jun-07 06:39:39.0000, -8.819724743754646E+07, -7.390588791109703E+08, -1.298344376811759E+08,
2450607.777534722, A.D. 1997-Jun-08 06:39:39.0000, -8.717089063103840E+07, -7.390005883280944E+08, -1.303747054736501E+08,
2450608.777534722, A.D. 1997-Jun-09 06:39:39.0000, -8.614433233042967E+07, -7.389405976314275E+08, -1.309146732022139E+08,
2450609.777534722, A.D. 1997-Jun-10 06:39:39.0000, -8.511757483237782E+07, -7.388789065985943E+08, -1.314543395255043E+08,
2450610.777534722, A.D. 1997-Jun-11 06:39:39.0000, -8.409062043532993E+07, -7.388155148115910E+08, -1.319937031020975E+08,
2450611.777534722, A.D. 1997-Jun-12 06:39:39.0000, -8.306347143943071E+07, -7.387504218567902E+08, -1.325327625905223E+08,
2450612.777534722, A.D. 1997-Jun-13 06:39:39.0000, -8.203613014641845E+07, -7.386836273249274E+08, -1.330715166492699E+08,
2450613.777534722, A.D. 1997-Jun-14 06:39:39.0000, -8.100859885951643E+07, -7.386151308110654E+08, -1.336099639368052E+08,
2450614.777534722, A.D. 1997-Jun-15 06:39:39.0000, -7.998087988332242E+07, -7.385449319145305E+08, -1.341481031115744E+08,
2450615.777534722, A.D. 1997-Jun-16 06:39:39.0000, -7.895297552370307E+07, -7.384730302388222E+08, -1.346859328320101E+08,
2450616.777534722, A.D. 1997-Jun-17 06:39:39.0000, -7.792488808770162E+07, -7.383994253914887E+08, -1.352234517565331E+08,
2450617.777534722, A.D. 1997-Jun-18 06:39:39.0000, -7.689661988346979E+07, -7.383241169839736E+08, -1.357606585435487E+08,
2450618.777534722, A.D. 1997-Jun-19 06:39:39.0000, -7.586817322023381E+07, -7.382471046314423E+08, -1.362975518514391E+08,
2450619.777534722, A.D. 1997-Jun-20 06:39:39.0000, -7.483955040830380E+07, -7.381683879525808E+08, -1.368341303385488E+08,
2450620.777534722, A.D. 1997-Jun-21 06:39:39.0000, -7.381075375913310E+07, -7.380879665694023E+08, -1.373703926631664E+08,
2450621.777534722, A.D. 1997-Jun-22 06:39:39.0000, -7.278178558543025E+07, -7.380058401070608E+08, -1.379063374835020E+08,
2450622.777534722, A.D. 1997-Jun-23 06:39:39.0000, -7.175264820132130E+07, -7.379220081936918E+08, -1.384419634576624E+08,
2450623.777534722, A.D. 1997-Jun-24 06:39:39.0000, -7.072334392255400E+07, -7.378364704602976E+08, -1.389772692436267E+08,
2450624.777534722, A.D. 1997-Jun-25 06:39:39.0000, -6.969387506672850E+07, -7.377492265406868E+08, -1.395122534992217E+08,
2450625.777534722, A.D. 1997-Jun-26 06:39:39.0000, -6.866424395353743E+07, -7.376602760714731E+08, -1.400469148821042E+08,
2450626.777534722, A.D. 1997-Jun-27 06:39:39.0000, -6.763445290499991E+07, -7.375696186921357E+08, -1.405812520497465E+08,
2450627.777534722, A.D. 1997-Jun-28 06:39:39.0000, -6.660450424566851E+07, -7.374772540451319E+08, -1.411152636594301E+08,
2450628.777534722, A.D. 1997-Jun-29 06:39:39.0000, -6.557440030279944E+07, -7.373831817760513E+08, -1.416489483682453E+08,
2450629.777534722, A.D. 1997-Jun-30 06:39:39.0000, -6.454414340647747E+07, -7.372874015337963E+08, -1.421823048330981E+08,
2450630.777534722, A.D. 1997-Jul-01 06:39:39.0000, -6.351373588969274E+07, -7.371899129707782E+08, -1.427153317107212E+08,
2450631.777534722, A.D. 1997-Jul-02 06:39:39.0000, -6.248318008837279E+07, -7.370907157431071E+08, -1.432480276576903E+08,
2450632.777534722, A.D. 1997-Jul-03 06:39:39.0000, -6.145247834137461E+07, -7.369898095107741E+08, -1.437803913304427E+08,
2450633.777534722, A.D. 1997-Jul-04 06:39:39.0000, -6.042163299044575E+07, -7.368871939378121E+08, -1.443124213852963E+08,
2450634.777534722, A.D. 1997-Jul-05 06:39:39.0000, -5.939064638016203E+07, -7.367828686924325E+08, -1.448441164784706E+08,
2450635.777534722, A.D. 1997-Jul-06 06:39:39.0000, -5.835952085785057E+07, -7.366768334471395E+08, -1.453754752661048E+08,
2450636.777534722, A.D. 1997-Jul-07 06:39:39.0000, -5.732825877350479E+07, -7.365690878788166E+08, -1.459064964042766E+08,
2450637.777534722, A.D. 1997-Jul-08 06:39:39.0000, -5.629686247969735E+07, -7.364596316687934E+08, -1.464371785490186E+08,
2450638.777534722, A.D. 1997-Jul-09 06:39:39.0000, -5.526533433149502E+07, -7.363484645028944E+08, -1.469675203563322E+08,
2450639.777534722, A.D. 1997-Jul-10 06:39:39.0000, -5.423367668637843E+07, -7.362355860714672E+08, -1.474975204822015E+08,
2450640.777534722, A.D. 1997-Jul-11 06:39:39.0000, -5.320189190416830E+07, -7.361209960694051E+08, -1.480271775826040E+08,
2450641.777534722, A.D. 1997-Jul-12 06:39:39.0000, -5.216998234695927E+07, -7.360046941961539E+08, -1.485564903135206E+08,
2450642.777534722, A.D. 1997-Jul-13 06:39:39.0000, -5.113795037906126E+07, -7.358866801557151E+08, -1.490854573309440E+08,
2450643.777534722, A.D. 1997-Jul-14 06:39:39.0000, -5.010579836694829E+07, -7.357669536566434E+08, -1.496140772908869E+08,
2450644.777534722, A.D. 1997-Jul-15 06:39:39.0000, -4.907352867921425E+07, -7.356455144120407E+08, -1.501423488493878E+08,
2450645.777534722, A.D. 1997-Jul-16 06:39:39.0000, -4.804114368653478E+07, -7.355223621395485E+08, -1.506702706625171E+08,
2450646.777534722, A.D. 1997-Jul-17 06:39:39.0000, -4.700864576163490E+07, -7.353974965613389E+08, -1.511978413863823E+08,
2450647.777534722, A.D. 1997-Jul-18 06:39:39.0000, -4.597603727926125E+07, -7.352709174041071E+08, -1.517250596771334E+08,
2450648.777534722, A.D. 1997-Jul-19 06:39:39.0000, -4.494332061615847E+07, -7.351426243990616E+08, -1.522519241909670E+08,
2450649.777534722, A.D. 1997-Jul-20 06:39:39.0000, -4.391049815104917E+07, -7.350126172819180E+08, -1.527784335841304E+08,
2450650.777534722, A.D. 1997-Jul-21 06:39:39.0000, -4.287757226461667E+07, -7.348808957928919E+08, -1.533045865129263E+08,
2450651.777534722, A.D. 1997-Jul-22 06:39:39.0000, -4.184454533949012E+07, -7.347474596766942E+08, -1.538303816337158E+08,
2450652.777534722, A.D. 1997-Jul-23 06:39:39.0000, -4.081141976023175E+07, -7.346123086825252E+08, -1.543558176029236E+08,
2450653.777534722, A.D. 1997-Jul-24 06:39:39.0000, -3.977819791332554E+07, -7.344754425640738E+08, -1.548808930770407E+08,
2450654.777534722, A.D. 1997-Jul-25 06:39:39.0000, -3.874488218716735E+07, -7.343368610795144E+08, -1.554056067126290E+08,
2450655.777534722, A.D. 1997-Jul-26 06:39:39.0000, -3.771147497205593E+07, -7.341965639915057E+08, -1.559299571663244E+08,
2450656.777534722, A.D. 1997-Jul-27 06:39:39.0000, -3.667797866018487E+07, -7.340545510671924E+08, -1.564539430948416E+08,
2450657.777534722, A.D. 1997-Jul-28 06:39:39.0000, -3.564439564563514E+07, -7.339108220782050E+08, -1.569775631549771E+08,
2450658.777534722, A.D. 1997-Jul-29 06:39:39.0000, -3.461072832436813E+07, -7.337653768006630E+08, -1.575008160036137E+08,
2450659.777534722, A.D. 1997-Jul-30 06:39:39.0000, -3.357697909421916E+07, -7.336182150151768E+08, -1.580237002977243E+08,
2450660.777534722, A.D. 1997-Jul-31 06:39:39.0000, -3.254315035489111E+07, -7.334693365068525E+08, -1.585462146943756E+08,
2450661.777534722, A.D. 1997-Aug-01 06:39:39.0000, -3.150924450794853E+07, -7.333187410652961E+08, -1.590683578507328E+08,
2450662.777534722, A.D. 1997-Aug-02 06:39:39.0000, -3.047526395681166E+07, -7.331664284846179E+08, -1.595901284240631E+08,
2450663.777534722, A.D. 1997-Aug-03 06:39:39.0000, -2.944121110675071E+07, -7.330123985634389E+08, -1.601115250717400E+08,
2450664.777534722, A.D. 1997-Aug-04 06:39:39.0000, -2.840708836488025E+07, -7.328566511048961E+08, -1.606325464512482E+08,
2450665.777534722, A.D. 1997-Aug-05 06:39:39.0000, -2.737289814015358E+07, -7.326991859166509E+08, -1.611531912201863E+08,
2450666.777534722, A.D. 1997-Aug-06 06:39:39.0000, -2.633864284335719E+07, -7.325400028108941E+08, -1.616734580362731E+08,
2450667.777534722, A.D. 1997-Aug-07 06:39:39.0000, -2.530432488710526E+07, -7.323791016043561E+08, -1.621933455573500E+08,
2450668.777534722, A.D. 1997-Aug-08 06:39:39.0000, -2.426994668583413E+07, -7.322164821183121E+08, -1.627128524413866E+08,
2450669.777534722, A.D. 1997-Aug-09 06:39:39.0000, -2.323551065579700E+07, -7.320521441785936E+08, -1.632319773464853E+08,
2450670.777534722, A.D. 1997-Aug-10 06:39:39.0000, -2.220101921505822E+07, -7.318860876155957E+08, -1.637507189308846E+08,
2450671.777534722, A.D. 1997-Aug-11 06:39:39.0000, -2.116647478348806E+07, -7.317183122642868E+08, -1.642690758529647E+08,
2450672.777534722, A.D. 1997-Aug-12 06:39:39.0000, -2.013187978275721E+07, -7.315488179642193E+08, -1.647870467712519E+08,
2450673.777534722, A.D. 1997-Aug-13 06:39:39.0000, -1.909723663633136E+07, -7.313776045595404E+08, -1.653046303444229E+08,
2450674.777534722, A.D. 1997-Aug-14 06:39:39.0000, -1.806254776946578E+07, -7.312046718990014E+08, -1.658218252313096E+08,
2450675.777534722, A.D. 1997-Aug-15 06:39:39.0000, -1.702781560919988E+07, -7.310300198359715E+08, -1.663386300909045E+08,
2450676.777534722, A.D. 1997-Aug-16 06:39:39.0000, -1.599304258435165E+07, -7.308536482284497E+08, -1.668550435823645E+08,
2450677.777534722, A.D. 1997-Aug-17 06:39:39.0000, -1.495823112551217E+07, -7.306755569390774E+08, -1.673710643650168E+08,
2450678.777534722, A.D. 1997-Aug-18 06:39:39.0000, -1.392338366503985E+07, -7.304957458351533E+08, -1.678866910983635E+08,
2450679.777534722, A.D. 1997-Aug-19 06:39:39.0000, -1.288850263705457E+07, -7.303142147886479E+08, -1.684019224420865E+08,
2450680.777534722, A.D. 1997-Aug-20 06:39:39.0000, -1.185359047743152E+07, -7.301309636762202E+08, -1.689167570560534E+08,
2450681.777534722, A.D. 1997-Aug-21 06:39:39.0000, -1.081864962379451E+07, -7.299459923792341E+08, -1.694311936003225E+08,
2450682.777534722, A.D. 1997-Aug-22 06:39:39.0000, -9.783682515509581E+06, -7.297593007837782E+08, -1.699452307351485E+08,
2450683.777534722, A.D. 1997-Aug-23 06:39:39.0000, -8.748691593676196E+06, -7.295708887806852E+08, -1.704588671209882E+08,
2450684.777534722, A.D. 1997-Aug-24 06:39:39.0000, -7.713679301119267E+06, -7.293807562655536E+08, -1.709721014185066E+08,
2450685.777534722, A.D. 1997-Aug-25 06:39:39.0000, -6.678648082379038E+06, -7.291889031387721E+08, -1.714849322885834E+08,
2450686.777534722, A.D. 1997-Aug-26 06:39:39.0000, -5.643600383699541E+06, -7.289953293055440E+08, -1.719973583923191E+08,
2450687.777534722, A.D. 1997-Aug-27 06:39:39.0000, -4.608538653015018E+06, -7.288000346759157E+08, -1.725093783910426E+08,
2450688.777534722, A.D. 1997-Aug-28 06:39:39.0000, -3.573465339933727E+06, -7.286030191648052E+08, -1.730209909463186E+08,
2450689.777534722, A.D. 1997-Aug-29 06:39:39.0000, -2.538382895718511E+06, -7.284042826920352E+08, -1.735321947199548E+08,
2450690.777534722, A.D. 1997-Aug-30 06:39:39.0000, -1.503293773263379E+06, -7.282038251823660E+08, -1.740429883740110E+08,
2450691.777534722, A.D. 1997-Aug-31 06:39:39.0000, -4.682004270649409E+05, -7.280016465655308E+08, -1.745533705708078E+08,
2450692.777534722, A.D. 1997-Sep-01 06:39:39.0000,  5.668946868117847E+05, -7.277977467762725E+08, -1.750633399729371E+08,
2450693.777534722, A.D. 1997-Sep-02 06:39:39.0000,  1.601989110774884E+06, -7.275921257543821E+08, -1.755728952432713E+08,
2450694.777534722, A.D. 1997-Sep-03 06:39:39.0000,  2.637080385755423E+06, -7.273847834447341E+08, -1.760820350449755E+08,
2450695.777534722, A.D. 1997-Sep-04 06:39:39.0000,  3.672166051266300E+06, -7.271757197973216E+08, -1.765907580415190E+08,
2450696.777534722, A.D. 1997-Sep-05 06:39:39.0000,  4.707243645472457E+06, -7.269649347672870E+08, -1.770990628966881E+08,
2450697.777534722, A.D. 1997-Sep-06 06:39:39.0000,  5.742310705271508E+06, -7.267524283149462E+08, -1.776069482745984E+08,
2450698.777534722, A.D. 1997-Sep-07 06:39:39.0000,  6.777364766386450E+06, -7.265382004058018E+08, -1.781144128397091E+08,
2450699.777534722, A.D. 1997-Sep-08 06:39:39.0000,  7.812403363469284E+06, -7.263222510105429E+08, -1.786214552568353E+08,
2450700.777534722, A.D. 1997-Sep-09 06:39:39.0000,  8.847424030213915E+06, -7.261045801050277E+08, -1.791280741911617E+08,
2450701.777534722, A.D. 1997-Sep-10 06:39:39.0000,  9.882424299475241E+06, -7.258851876702409E+08, -1.796342683082522E+08,
2450702.777534722, A.D. 1997-Sep-11 06:39:39.0000,  1.091740170338958E+07, -7.256640736922272E+08, -1.801400362740610E+08,
2450703.777534722, A.D. 1997-Sep-12 06:39:39.0000,  1.195235377348976E+07, -7.254412381619925E+08, -1.806453767549375E+08,
2450704.777534722, A.D. 1997-Sep-13 06:39:39.0000,  1.298727804080587E+07, -7.252166810753747E+08, -1.811502884176294E+08,
2450705.777534722, A.D. 1997-Sep-14 06:39:39.0000,  1.402217203594178E+07, -7.249904024328847E+08, -1.816547699292808E+08,
2450706.777534722, A.D. 1997-Sep-15 06:39:39.0000,  1.505703328911709E+07, -7.247624022395227E+08, -1.821588199574237E+08,
2450707.777534722, A.D. 1997-Sep-16 06:39:39.0000,  1.609185933016729E+07, -7.245326805045770E+08, -1.826624371699669E+08,
2450708.777534722, A.D. 1997-Sep-17 06:39:39.0000,  1.712664768848905E+07, -7.243012372414207E+08, -1.831656202351773E+08,
2450709.777534722, A.D. 1997-Sep-18 06:39:39.0000,  1.816139589293655E+07, -7.240680724673206E+08, -1.836683678216582E+08,
2450710.777534722, A.D. 1997-Sep-19 06:39:39.0000,  1.919610147166657E+07, -7.238331862032719E+08, -1.841706785983267E+08,
2450711.777534722, A.D. 1997-Sep-20 06:39:39.0000,  2.023076195194197E+07, -7.235965784738791E+08, -1.846725512343888E+08,
2450712.777534722, A.D. 1997-Sep-21 06:39:39.0000,  2.126537485990813E+07, -7.233582493072906E+08, -1.851739843993179E+08,
2450713.777534722, A.D. 1997-Sep-22 06:39:39.0000,  2.229993772036016E+07, -7.231181987351924E+08, -1.856749767628364E+08,
2450714.777534722, A.D. 1997-Sep-23 06:39:39.0000,  2.333444805651911E+07, -7.228764267928631E+08, -1.861755269949043E+08,
2450715.777534722, A.D. 1997-Sep-24 06:39:39.0000,  2.436890338983293E+07, -7.226329335192798E+08, -1.866756337657128E+08,
2450716.777534722, A.D. 1997-Sep-25 06:39:39.0000,  2.540330123981509E+07, -7.223877189572659E+08, -1.871752957456858E+08,
2450717.777534722, A.D. 1997-Sep-26 06:39:39.0000,  2.643763912392842E+07, -7.221407831536670E+08, -1.876745116054876E+08,
2450718.777534722, A.D. 1997-Sep-27 06:39:39.0000,  2.747191455751694E+07, -7.218921261595356E+08, -1.881732800160354E+08,
2450719.777534722, A.D. 1997-Sep-28 06:39:39.0000,  2.850612505378283E+07, -7.216417480303154E+08, -1.886715996485171E+08,
2450720.777534722, A.D. 1997-Sep-29 06:39:39.0000,  2.954026812380151E+07, -7.213896488260138E+08, -1.891694691744095E+08,
2450721.777534722, A.D. 1997-Sep-30 06:39:39.0000,  3.057434127656787E+07, -7.211358286113536E+08, -1.896668872655001E+08,
2450722.777534722, A.D. 1997-Oct-01 06:39:39.0000,  3.160834201906624E+07, -7.208802874559020E+08, -1.901638525939077E+08,
2450723.777534722, A.D. 1997-Oct-02 06:39:39.0000,  3.264226785635339E+07, -7.206230254341723E+08, -1.906603638321019E+08,
2450724.777534722, A.D. 1997-Oct-03 06:39:39.0000,  3.367611629164964E+07, -7.203640426257045E+08, -1.911564196529230E+08,
2450725.777534722, A.D. 1997-Oct-04 06:39:39.0000,  3.470988482643172E+07, -7.201033391151217E+08, -1.916520187295983E+08,
2450726.777534722, A.D. 1997-Oct-05 06:39:39.0000,  3.574357096052325E+07, -7.198409149921670E+08, -1.921471597357588E+08,
2450727.777534722, A.D. 1997-Oct-06 06:39:39.0000,  3.677717219218017E+07, -7.195767703517267E+08, -1.926418413454513E+08,
2450728.777534722, A.D. 1997-Oct-07 06:39:39.0000,  3.781068601816922E+07, -7.193109052938390E+08, -1.931360622331520E+08,
2450729.777534722, A.D. 1997-Oct-08 06:39:39.0000,  3.884410993383882E+07, -7.190433199236946E+08, -1.936298210737766E+08,
2450730.777534722, A.D. 1997-Oct-09 06:39:39.0000,  3.987744143318197E+07, -7.187740143516285E+08, -1.941231165426894E+08,
2450731.777534722, A.D. 1997-Oct-10 06:39:39.0000,  4.091067800889166E+07, -7.185029886931098E+08, -1.946159473157122E+08,
2450732.777534722, A.D. 1997-Oct-11 06:39:39.0000,  4.194381715240906E+07, -7.182302430687232E+08, -1.951083120691309E+08,
2450733.777534722, A.D. 1997-Oct-12 06:39:39.0000,  4.297685635396525E+07, -7.179557776041564E+08, -1.956002094797028E+08,
2450734.777534722, A.D. 1997-Oct-13 06:39:39.0000,  4.400979310261727E+07, -7.176795924301770E+08, -1.960916382246623E+08,
2450735.777534722, A.D. 1997-Oct-14 06:39:39.0000,  4.504262488627908E+07, -7.174016876826184E+08, -1.965825969817271E+08,
2450736.777534722, A.D. 1997-Oct-15 06:39:39.0000,  4.607534919174832E+07, -7.171220635023595E+08, -1.970730844291022E+08,
2450737.777534722, A.D. 1997-Oct-16 06:39:39.0000,  4.710796350472926E+07, -7.168407200353085E+08, -1.975630992454864E+08,
2450738.777534722, A.D. 1997-Oct-17 06:39:39.0000,  4.814046530985276E+07, -7.165576574323868E+08, -1.980526401100762E+08,
2450739.777534722, A.D. 1997-Oct-18 06:39:39.0000,  4.917285209069350E+07, -7.162728758495135E+08, -1.985417057025707E+08,
2450740.777534722, A.D. 1997-Oct-19 06:39:39.0000,  5.020512132978510E+07, -7.159863754475924E+08, -1.990302947031761E+08,
2450741.777534722, A.D. 1997-Oct-20 06:39:39.0000,  5.123727050863338E+07, -7.156981563924980E+08, -1.995184057926102E+08,
2450742.777534722, A.D. 1997-Oct-21 06:39:39.0000,  5.226929710772809E+07, -7.154082188550652E+08, -2.000060376521074E+08,
2450743.777534722, A.D. 1997-Oct-22 06:39:39.0000,  5.330119860655344E+07, -7.151165630110780E+08, -2.004931889634223E+08,
2450744.777534722, A.D. 1997-Oct-23 06:39:39.0000,  5.433297248359752E+07, -7.148231890412600E+08, -2.009798584088351E+08,
2450745.777534722, A.D. 1997-Oct-24 06:39:39.0000,  5.536461621636089E+07, -7.145280971312673E+08, -2.014660446711555E+08,
2450746.777534722, A.D. 1997-Oct-25 06:39:39.0000,  5.639612728136440E+07, -7.142312874716789E+08, -2.019517464337273E+08,
2450747.777534722, A.D. 1997-Oct-26 06:39:39.0000,  5.742750315415646E+07, -7.139327602579916E+08, -2.024369623804332E+08,
2450748.777534722, A.D. 1997-Oct-27 06:39:39.0000,  5.845874130931975E+07, -7.136325156906132E+08, -2.029216911956995E+08,
2450749.777534722, A.D. 1997-Oct-28 06:39:39.0000,  5.948983922047749E+07, -7.133305539748580E+08, -2.034059315644998E+08,
2450750.777534722, A.D. 1997-Oct-29 06:39:39.0000,  6.052079436029940E+07, -7.130268753209423E+08, -2.038896821723612E+08,
2450751.777534722, A.D. 1997-Oct-30 06:39:39.0000,  6.155160420050701E+07, -7.127214799439793E+08, -2.043729417053678E+08,
2450752.777534722, A.D. 1997-Oct-31 06:39:39.0000,  6.258226621187928E+07, -7.124143680639777E+08, -2.048557088501655E+08,
2450753.777534722, A.D. 1997-Nov-01 06:39:39.0000,  6.361277786425728E+07, -7.121055399058375E+08, -2.053379822939676E+08,
2450754.777534722, A.D. 1997-Nov-02 06:39:39.0000,  6.464313662654905E+07, -7.117949956993492E+08, -2.058197607245583E+08,
2450755.777534722, A.D. 1997-Nov-03 06:39:39.0000,  6.567333996673397E+07, -7.114827356791903E+08, -2.063010428302989E+08,
2450756.777534722, A.D. 1997-Nov-04 06:39:39.0000,  6.670338535186702E+07, -7.111687600849264E+08, -2.067818273001319E+08,
2450757.777534722, A.D. 1997-Nov-05 06:39:39.0000,  6.773327024808282E+07, -7.108530691610091E+08, -2.072621128235858E+08,
2450758.777534722, A.D. 1997-Nov-06 06:39:39.0000,  6.876299212059934E+07, -7.105356631567768E+08, -2.077418980907806E+08,
2450759.777534722, A.D. 1997-Nov-07 06:39:39.0000,  6.979254843372156E+07, -7.102165423264549E+08, -2.082211817924324E+08,
2450760.777534722, A.D. 1997-Nov-08 06:39:39.0000,  7.082193665084472E+07, -7.098957069291574E+08, -2.086999626198583E+08,
2450761.777534722, A.D. 1997-Nov-09 06:39:39.0000,  7.185115423445758E+07, -7.095731572288876E+08, -2.091782392649818E+08,
2450762.777534722, A.D. 1997-Nov-10 06:39:39.0000,  7.288019864614543E+07, -7.092488934945416E+08, -2.096560104203379E+08,
2450763.777534722, A.D. 1997-Nov-11 06:39:39.0000,  7.390906734659243E+07, -7.089229159999117E+08, -2.101332747790779E+08,
2450764.777534722, A.D. 1997-Nov-12 06:39:39.0000,  7.493775779558507E+07, -7.085952250236888E+08, -2.106100310349749E+08,
2450765.777534722, A.D. 1997-Nov-13 06:39:39.0000,  7.596626745201416E+07, -7.082658208494689E+08, -2.110862778824295E+08,
2450766.777534722, A.D. 1997-Nov-14 06:39:39.0000,  7.699459377387752E+07, -7.079347037657585E+08, -2.115620140164741E+08,
2450767.777534722, A.D. 1997-Nov-15 06:39:39.0000,  7.802273421828240E+07, -7.076018740659807E+08, -2.120372381327799E+08,
2450768.777534722, A.D. 1997-Nov-16 06:39:39.0000,  7.905068624144810E+07, -7.072673320484843E+08, -2.125119489276611E+08,
2450769.777534722, A.D. 1997-Nov-17 06:39:39.0000,  8.007844729870890E+07, -7.069310780165530E+08, -2.129861450980813E+08,
2450770.777534722, A.D. 1997-Nov-18 06:39:39.0000,  8.110601484451713E+07, -7.065931122784162E+08, -2.134598253416596E+08,
2450771.777534722, A.D. 1997-Nov-19 06:39:39.0000,  8.213338633244684E+07, -7.062534351472607E+08, -2.139329883566763E+08,
2450772.777534722, A.D. 1997-Nov-20 06:39:39.0000,  8.316055921519849E+07, -7.059120469412472E+08, -2.144056328420794E+08,
2450773.777534722, A.D. 1997-Nov-21 06:39:39.0000,  8.418753094460434E+07, -7.055689479835243E+08, -2.148777574974915E+08,
2450774.777534722, A.D. 1997-Nov-22 06:39:39.0000,  8.521429897163559E+07, -7.052241386022482E+08, -2.153493610232160E+08,
2450775.777534722, A.D. 1997-Nov-23 06:39:39.0000,  8.624086074641132E+07, -7.048776191306021E+08, -2.158204421202450E+08,
2450776.777534722, A.D. 1997-Nov-24 06:39:39.0000,  8.726721371820994E+07, -7.045293899068201E+08, -2.162909994902668E+08,
2450777.777534722, A.D. 1997-Nov-25 06:39:39.0000,  8.829335533548369E+07, -7.041794512742118E+08, -2.167610318356737E+08,
2450778.777534722, A.D. 1997-Nov-26 06:39:39.0000,  8.931928304587714E+07, -7.038278035811893E+08, -2.172305378595719E+08,
2450779.777534722, A.D. 1997-Nov-27 06:39:39.0000,  9.034499429625052E+07, -7.034744471812965E+08, -2.176995162657890E+08,
2450780.777534722, A.D. 1997-Nov-28 06:39:39.0000,  9.137048653270872E+07, -7.031193824332390E+08, -2.181679657588856E+08,
2450781.777534722, A.D. 1997-Nov-29 06:39:39.0000,  9.239575720063771E+07, -7.027626097009166E+08, -2.186358850441653E+08,
2450782.777534722, A.D. 1997-Nov-30 06:39:39.0000,  9.342080374474870E+07, -7.024041293534528E+08, -2.191032728276860E+08,
2450783.777534722, A.D. 1997-Dec-01 06:39:39.0000,  9.444562360913186E+07, -7.020439417652242E+08, -2.195701278162723E+08,
2450784.777534722, A.D. 1997-Dec-02 06:39:39.0000,  9.547021423732056E+07, -7.016820473158858E+08, -2.200364487175282E+08,
2450785.777534722, A.D. 1997-Dec-03 06:39:39.0000,  9.649457307236667E+07, -7.013184463903884E+08, -2.205022342398503E+08,
2450786.777534722, A.D. 1997-Dec-04 06:39:39.0000,  9.751869755692755E+07, -7.009531393789876E+08, -2.209674830924413E+08,
2450787.777534722, A.D. 1997-Dec-05 06:39:39.0000,  9.854258513336352E+07, -7.005861266772370E+08, -2.214321939853235E+08,
2450788.777534722, A.D. 1997-Dec-06 06:39:39.0000,  9.956623324384439E+07, -7.002174086859664E+08, -2.218963656293513E+08,
2450789.777534722, A.D. 1997-Dec-07 06:39:39.0000,  1.005896393304631E+08, -6.998469858112332E+08, -2.223599967362227E+08,
2450790.777534722, A.D. 1997-Dec-08 06:39:39.0000,  1.016128008353487E+08, -6.994748584642506E+08, -2.228230860184887E+08,
2450791.777534722, A.D. 1997-Dec-09 06:39:39.0000,  1.026357152007747E+08, -6.991010270612842E+08, -2.232856321895599E+08,
2450792.777534722, A.D. 1997-Dec-10 06:39:39.0000,  1.036583798692524E+08, -6.987254920235171E+08, -2.237476339637084E+08,
2450793.777534722, A.D. 1997-Dec-11 06:39:39.0000,  1.046807922836014E+08, -6.983482537768874E+08, -2.242090900560663E+08,
2450794.777534722, A.D. 1997-Dec-12 06:39:39.0000,  1.057029498869813E+08, -6.979693127518983E+08, -2.246699991826177E+08,
2450795.777534722, A.D. 1997-Dec-13 06:39:39.0000,  1.067248501228826E+08, -6.975886693834156E+08, -2.251303600601866E+08,
2450796.777534722, A.D. 1997-Dec-14 06:39:39.0000,  1.077464904350666E+08, -6.972063241104600E+08, -2.255901714064188E+08,
2450797.777534722, A.D. 1997-Dec-15 06:39:39.0000,  1.087678682674508E+08, -6.968222773760139E+08, -2.260494319397610E+08,
2450798.777534722, A.D. 1997-Dec-16 06:39:39.0000,  1.097889810639459E+08, -6.964365296268548E+08, -2.265081403794366E+08,
2450799.777534722, A.D. 1997-Dec-17 06:39:39.0000,  1.108098262682510E+08, -6.960490813134369E+08, -2.269662954454230E+08,
2450800.777534722, A.D. 1997-Dec-18 06:39:39.0000,  1.118304013236218E+08, -6.956599328898215E+08, -2.274238958584284E+08,
2450801.777534722, A.D. 1997-Dec-19 06:39:39.0000,  1.128507036726321E+08, -6.952690848136740E+08, -2.278809403398750E+08,
2450802.777534722, A.D. 1997-Dec-20 06:39:39.0000,  1.138707307569415E+08, -6.948765375463169E+08, -2.283374276118871E+08,
2450803.777534722, A.D. 1997-Dec-21 06:39:39.0000,  1.148904800170904E+08, -6.944822915528376E+08, -2.287933563972857E+08,
2450804.777534722, A.D. 1997-Dec-22 06:39:39.0000,  1.159099488923332E+08, -6.940863473022356E+08, -2.292487254195907E+08,
2450805.777534722, A.D. 1997-Dec-23 06:39:39.0000,  1.169291348205161E+08, -6.936887052675958E+08, -2.297035334030277E+08,
2450806.777534722, A.D. 1997-Dec-24 06:39:39.0000,  1.179480352380031E+08, -6.932893659262751E+08, -2.301577790725418E+08,
2450807.777534722, A.D. 1997-Dec-25 06:39:39.0000,  1.189666475796465E+08, -6.928883297600851E+08, -2.306114611538154E+08,
2450808.777534722, A.D. 1997-Dec-26 06:39:39.0000,  1.199849692787956E+08, -6.924855972554631E+08, -2.310645783732865E+08,
2450809.777534722, A.D. 1997-Dec-27 06:39:39.0000,  1.210029977673378E+08, -6.920811689036241E+08, -2.315171294581706E+08,
2450810.777534722, A.D. 1997-Dec-28 06:39:39.0000,  1.220207304757595E+08, -6.916750452006863E+08, -2.319691131364810E+08,
2450811.777534722, A.D. 1997-Dec-29 06:39:39.0000,  1.230381648332241E+08, -6.912672266477780E+08, -2.324205281370502E+08,
2450812.777534722, A.D. 1997-Dec-30 06:39:39.0000,  1.240552982676551E+08, -6.908577137511132E+08, -2.328713731895475E+08,
2450813.777534722, A.D. 1997-Dec-31 06:39:39.0000,  1.250721282058216E+08, -6.904465070220491E+08, -2.333216470244974E+08,
2450814.777534722, A.D. 1998-Jan-01 06:39:39.0000,  1.260886520734220E+08, -6.900336069771255E+08, -2.337713483732948E+08,
2450815.777534722, A.D. 1998-Jan-02 06:39:39.0000,  1.271048672951612E+08, -6.896190141380868E+08, -2.342204759682186E+08,
2450816.777534722, A.D. 1998-Jan-03 06:39:39.0000,  1.281207712948228E+08, -6.892027290318935E+08, -2.346690285424444E+08,
2450817.777534722, A.D. 1998-Jan-04 06:39:39.0000,  1.291363614953317E+08, -6.887847521907227E+08, -2.351170048300550E+08,
2450818.777534722, A.D. 1998-Jan-05 06:39:39.0000,  1.301516353188103E+08, -6.883650841519637E+08, -2.355644035660501E+08,
2450819.777534722, A.D. 1998-Jan-06 06:39:39.0000,  1.311665901866270E+08, -6.879437254582081E+08, -2.360112234863541E+08,
2450820.777534722, A.D. 1998-Jan-07 06:39:39.0000,  1.321812235194367E+08, -6.875206766572360E+08, -2.364574633278245E+08,
2450821.777534722, A.D. 1998-Jan-08 06:39:39.0000,  1.331955327372161E+08, -6.870959383020025E+08, -2.369031218282584E+08,
2450822.777534722, A.D. 1998-Jan-09 06:39:39.0000,  1.342095152592929E+08, -6.866695109506228E+08, -2.373481977263981E+08,
2450823.777534722, A.D. 1998-Jan-10 06:39:39.0000,  1.352231685043700E+08, -6.862413951663556E+08, -2.377926897619378E+08,
2450824.777534722, A.D. 1998-Jan-11 06:39:39.0000,  1.362364898905459E+08, -6.858115915175906E+08, -2.382365966755285E+08,
2450825.777534722, A.D. 1998-Jan-12 06:39:39.0000,  1.372494768353309E+08, -6.853801005778340E+08, -2.386799172087832E+08,
2450826.777534722, A.D. 1998-Jan-13 06:39:39.0000,  1.382621267556612E+08, -6.849469229256966E+08, -2.391226501042821E+08,
2450827.777534722, A.D. 1998-Jan-14 06:39:39.0000,  1.392744370679099E+08, -6.845120591448827E+08, -2.395647941055771E+08,
2450828.777534722, A.D. 1998-Jan-15 06:39:39.0000,  1.402864051878963E+08, -6.840755098241811E+08, -2.400063479571974E+08,
2450829.777534722, A.D. 1998-Jan-16 06:39:39.0000,  1.412980285308930E+08, -6.836372755574563E+08, -2.404473104046531E+08,
2450830.777534722, A.D. 1998-Jan-17 06:39:39.0000,  1.423093045116325E+08, -6.831973569436421E+08, -2.408876801944410E+08,
2450831.777534722, A.D. 1998-Jan-18 06:39:39.0000,  1.433202305443122E+08, -6.827557545867357E+08, -2.413274560740483E+08,
2450832.777534722, A.D. 1998-Jan-19 06:39:39.0000,  1.443308040425982E+08, -6.823124690957943E+08, -2.417666367919582E+08,
2450833.777534722, A.D. 1998-Jan-20 06:39:39.0000,  1.453410224196291E+08, -6.818675010849309E+08, -2.422052210976542E+08,
2450834.777534722, A.D. 1998-Jan-21 06:39:39.0000,  1.463508830880192E+08, -6.814208511733131E+08, -2.426432077416249E+08,
2450835.777534722, A.D. 1998-Jan-22 06:39:39.0000,  1.473603834598604E+08, -6.809725199851620E+08, -2.430805954753686E+08,
2450836.777534722, A.D. 1998-Jan-23 06:39:39.0000,  1.483695209467249E+08, -6.805225081497523E+08, -2.435173830513990E+08,
2450837.777534722, A.D. 1998-Jan-24 06:39:39.0000,  1.493782929596673E+08, -6.800708163014126E+08, -2.439535692232490E+08,
2450838.777534722, A.D. 1998-Jan-25 06:39:39.0000,  1.503866969092257E+08, -6.796174450795281E+08, -2.443891527454765E+08,
2450839.777534722, A.D. 1998-Jan-26 06:39:39.0000,  1.513947302054242E+08, -6.791623951285425E+08, -2.448241323736687E+08,
2450840.777534722, A.D. 1998-Jan-27 06:39:39.0000,  1.524023902577741E+08, -6.787056670979618E+08, -2.452585068644478E+08,
2450841.777534722, A.D. 1998-Jan-28 06:39:39.0000,  1.534096744752754E+08, -6.782472616423578E+08, -2.456922749754754E+08,
2450842.777534722, A.D. 1998-Jan-29 06:39:39.0000,  1.544165802664184E+08, -6.777871794213736E+08, -2.461254354654581E+08,
2450843.777534722, A.D. 1998-Jan-30 06:39:39.0000,  1.554231050391853E+08, -6.773254210997281E+08, -2.465579870941523E+08,
2450844.777534722, A.D. 1998-Jan-31 06:39:39.0000,  1.564292462010515E+08, -6.768619873472230E+08, -2.469899286223699E+08,
2450845.777534722, A.D. 1998-Feb-01 06:39:39.0000,  1.574350011589876E+08, -6.763968788387489E+08, -2.474212588119833E+08,
2450846.777534722, A.D. 1998-Feb-02 06:39:39.0000,  1.584403673194603E+08, -6.759300962542933E+08, -2.478519764259303E+08,
2450847.777534722, A.D. 1998-Feb-03 06:39:39.0000,  1.594453420884347E+08, -6.754616402789479E+08, -2.482820802282200E+08,
2450848.777534722, A.D. 1998-Feb-04 06:39:39.0000,  1.604499228713756E+08, -6.749915116029181E+08, -2.487115689839379E+08,
2450849.777534722, A.D. 1998-Feb-05 06:39:39.0000,  1.614541070732487E+08, -6.745197109215323E+08, -2.491404414592515E+08,
2450850.777534722, A.D. 1998-Feb-06 06:39:39.0000,  1.624578920985238E+08, -6.740462389352520E+08, -2.495686964214159E+08,
2450851.777534722, A.D. 1998-Feb-07 06:39:39.0000,  1.634612753511755E+08, -6.735710963496826E+08, -2.499963326387790E+08,
2450852.777534722, A.D. 1998-Feb-08 06:39:39.0000,  1.644642542346859E+08, -6.730942838755867E+08, -2.504233488807877E+08,
2450853.777534722, A.D. 1998-Feb-09 06:39:39.0000,  1.654668261520463E+08, -6.726158022288954E+08, -2.508497439179932E+08,
2450854.777534722, A.D. 1998-Feb-10 06:39:39.0000,  1.664689885057600E+08, -6.721356521307231E+08, -2.512755165220568E+08,
2450855.777534722, A.D. 1998-Feb-11 06:39:39.0000,  1.674707386978451E+08, -6.716538343073825E+08, -2.517006654657562E+08,
2450856.777534722, A.D. 1998-Feb-12 06:39:39.0000,  1.684720741298375E+08, -6.711703494904006E+08, -2.521251895229917E+08,
2450857.777534722, A.D. 1998-Feb-13 06:39:39.0000,  1.694729922027942E+08, -6.706851984165368E+08, -2.525490874687917E+08,
2450858.777534722, A.D. 1998-Feb-14 06:39:39.0000,  1.704734903172983E+08, -6.701983818278024E+08, -2.529723580793198E+08,
2450859.777534722, A.D. 1998-Feb-15 06:39:39.0000,  1.714735658734636E+08, -6.697099004714801E+08, -2.533950001318814E+08,
2450860.777534722, A.D. 1998-Feb-16 06:39:39.0000,  1.724732162709409E+08, -6.692197551001482E+08, -2.538170124049298E+08,
2450861.777534722, A.D. 1998-Feb-17 06:39:39.0000,  1.734724389089256E+08, -6.687279464717042E+08, -2.542383936780742E+08,
2450862.777534722, A.D. 1998-Feb-18 06:39:39.0000,  1.744712311861673E+08, -6.682344753493922E+08, -2.546591427320867E+08,
2450863.777534722, A.D. 1998-Feb-19 06:39:39.0000,  1.754695905009810E+08, -6.677393425018303E+08, -2.550792583489104E+08,
2450864.777534722, A.D. 1998-Feb-20 06:39:39.0000,  1.764675142512617E+08, -6.672425487030435E+08, -2.554987393116671E+08,
2450865.777534722, A.D. 1998-Feb-21 06:39:39.0000,  1.774649998345021E+08, -6.667440947324961E+08, -2.559175844046674E+08,
2450866.777534722, A.D. 1998-Feb-22 06:39:39.0000,  1.784620446478150E+08, -6.662439813751249E+08, -2.563357924134176E+08,
2450867.777534722, A.D. 1998-Feb-23 06:39:39.0000,  1.794586460879596E+08, -6.657422094213810E+08, -2.567533621246321E+08,
2450868.777534722, A.D. 1998-Feb-24 06:39:39.0000,  1.804548015513759E+08, -6.652387796672648E+08, -2.571702923262429E+08,
2450869.777534722, A.D. 1998-Feb-25 06:39:39.0000,  1.814505084342247E+08, -6.647336929143659E+08, -2.575865818074110E+08,
2450870.777534722, A.D. 1998-Feb-26 06:39:39.0000,  1.824457641324371E+08, -6.642269499699020E+08, -2.580022293585383E+08,
2450871.777534722, A.D. 1998-Feb-27 06:39:39.0000,  1.834405660417735E+08, -6.637185516467558E+08, -2.584172337712807E+08,
2450872.777534722, A.D. 1998-Feb-28 06:39:39.0000,  1.844349115578929E+08, -6.632084987635062E+08, -2.588315938385613E+08,
2450873.777534722, A.D. 1998-Mar-01 06:39:39.0000,  1.854287980764345E+08, -6.626967921444545E+08, -2.592453083545844E+08,
2450874.777534722, A.D. 1998-Mar-02 06:39:39.0000,  1.864222229931100E+08, -6.621834326196401E+08, -2.596583761148496E+08,
2450875.777534722, A.D. 1998-Mar-03 06:39:39.0000,  1.874151837038080E+08, -6.616684210248407E+08, -2.600707959161660E+08,
2450876.777534722, A.D. 1998-Mar-04 06:39:39.0000,  1.884076776047074E+08, -6.611517582015556E+08, -2.604825665566652E+08,
2450877.777534722, A.D. 1998-Mar-05 06:39:39.0000,  1.893997020923963E+08, -6.606334449969653E+08, -2.608936868358140E+08,
2450878.777534722, A.D. 1998-Mar-06 06:39:39.0000,  1.903912545639932E+08, -6.601134822638643E+08, -2.613041555544235E+08,
2450879.777534722, A.D. 1998-Mar-07 06:39:39.0000,  1.913823324172612E+08, -6.595918708605640E+08, -2.617139715146568E+08,
2450880.777534722, A.D. 1998-Mar-08 06:39:39.0000,  1.923729330507087E+08, -6.590686116507635E+08, -2.621231335200317E+08,
2450881.777534722, A.D. 1998-Mar-09 06:39:39.0000,  1.933630538636646E+08, -6.585437055033915E+08, -2.625316403754194E+08,
2450882.777534722, A.D. 1998-Mar-10 06:39:39.0000,  1.943526922563184E+08, -6.580171532924241E+08, -2.629394908870371E+08,
2450883.777534722, A.D. 1998-Mar-11 06:39:39.0000,  1.953418456297185E+08, -6.574889558966856E+08, -2.633466838624368E+08,
2450884.777534722, A.D. 1998-Mar-12 06:39:39.0000,  1.963305113857161E+08, -6.569591141996484E+08, -2.637532181104872E+08,
2450885.777534722, A.D. 1998-Mar-13 06:39:39.0000,  1.973186869268587E+08, -6.564276290892453E+08, -2.641590924413544E+08,
2450886.777534722, A.D. 1998-Mar-14 06:39:39.0000,  1.983063696562347E+08, -6.558945014577107E+08, -2.645643056664774E+08,
2450887.777534722, A.D. 1998-Mar-15 06:39:39.0000,  1.992935569772756E+08, -6.553597322014656E+08, -2.649688565985461E+08,
2450888.777534722, A.D. 1998-Mar-16 06:39:39.0000,  2.002802462935343E+08, -6.548233222210594E+08, -2.653727440514807E+08,
2450889.777534722, A.D. 1998-Mar-17 06:39:39.0000,  2.012664350084535E+08, -6.542852724211705E+08, -2.657759668404137E+08,
2450890.777534722, A.D. 1998-Mar-18 06:39:39.0000,  2.022521205251454E+08, -6.537455837106668E+08, -2.661785237816806E+08,
2450891.777534722, A.D. 1998-Mar-19 06:39:39.0000,  2.032373002461974E+08, -6.532042570027181E+08, -2.665804136928147E+08,
2450892.777534722, A.D. 1998-Mar-20 06:39:39.0000,  2.042219715735156E+08, -6.526612932149487E+08, -2.669816353925500E+08,
2450893.777534722, A.D. 1998-Mar-21 06:39:39.0000,  2.052061319082146E+08, -6.521166932696162E+08, -2.673821877008295E+08,
2450894.777534722, A.D. 1998-Mar-22 06:39:39.0000,  2.061897786505547E+08, -6.515704580938008E+08, -2.677820694388206E+08,
2450895.777534722, A.D. 1998-Mar-23 06:39:39.0000,  2.071729091999246E+08, -6.510225886195899E+08, -2.681812794289314E+08,
2450896.777534722, A.D. 1998-Mar-24 06:39:39.0000,  2.081555209548619E+08, -6.504730857842532E+08, -2.685798164948332E+08,
2450897.777534722, A.D. 1998-Mar-25 06:39:39.0000,  2.091376113131040E+08, -6.499219505303965E+08, -2.689776794614804E+08,
2450898.777534722, A.D. 1998-Mar-26 06:39:39.0000,  2.101191776716627E+08, -6.493691838060894E+08, -2.693748671551336E+08,
2450899.777534722, A.D. 1998-Mar-27 06:39:39.0000,  2.111002174269116E+08, -6.488147865649706E+08, -2.697713784033797E+08,
2450900.777534722, A.D. 1998-Mar-28 06:39:39.0000,  2.120807279746807E+08, -6.482587597663277E+08, -2.701672120351524E+08,
2450901.777534722, A.D. 1998-Mar-29 06:39:39.0000,  2.130607067103534E+08, -6.477011043751554E+08, -2.705623668807495E+08,
2450902.777534722, A.D. 1998-Mar-30 06:39:39.0000,  2.140401510289607E+08, -6.471418213621938E+08, -2.709568417718503E+08,
2450903.777534722, A.D. 1998-Mar-31 06:39:39.0000,  2.150190583252698E+08, -6.465809117039534E+08, -2.713506355415292E+08,
2450904.777534722, A.D. 1998-Apr-01 06:39:39.0000,  2.159974259938674E+08, -6.460183763827248E+08, -2.717437470242689E+08,
2450905.777534722, A.D. 1998-Apr-02 06:39:39.0000,  2.169752514292331E+08, -6.454542163865812E+08, -2.721361750559726E+08,
2450906.777534722, A.D. 1998-Apr-03 06:39:39.0000,  2.179525320258076E+08, -6.448884327093731E+08, -2.725279184739732E+08,
2450907.777534722, A.D. 1998-Apr-04 06:39:39.0000,  2.189292651780513E+08, -6.443210263507175E+08, -2.729189761170434E+08,
2450908.777534722, A.D. 1998-Apr-05 06:39:39.0000,  2.199054482804974E+08, -6.437519983159857E+08, -2.733093468254031E+08,
2450909.777534722, A.D. 1998-Apr-06 06:39:39.0000,  2.208810787277980E+08, -6.431813496162864E+08, -2.736990294407279E+08,
2450910.777534722, A.D. 1998-Apr-07 06:39:39.0000,  2.218561539147644E+08, -6.426090812684512E+08, -2.740880228061555E+08,
2450911.777534722, A.D. 1998-Apr-08 06:39:39.0000,  2.228306712364038E+08, -6.420351942950176E+08, -2.744763257662920E+08,
2450912.777534722, A.D. 1998-Apr-09 06:39:39.0000,  2.238046280879498E+08, -6.414596897242126E+08, -2.748639371672187E+08,
2450913.777534722, A.D. 1998-Apr-10 06:39:39.0000,  2.247780218648918E+08, -6.408825685899382E+08, -2.752508558564980E+08,
2450914.777534722, A.D. 1998-Apr-11 06:39:39.0000,  2.257508499629991E+08, -6.403038319317566E+08, -2.756370806831782E+08,
2450915.777534722, A.D. 1998-Apr-12 06:39:39.0000,  2.267231097783444E+08, -6.397234807948768E+08, -2.760226104978004E+08,
2450916.777534722, A.D. 1998-Apr-13 06:39:39.0000,  2.276947987073241E+08, -6.391415162301425E+08, -2.764074441524032E+08,
2450917.777534722, A.D. 1998-Apr-14 06:39:39.0000,  2.286659141466772E+08, -6.385579392940207E+08, -2.767915805005286E+08,
2450918.777534722, A.D. 1998-Apr-15 06:39:39.0000,  2.296364534935031E+08, -6.379727510485919E+08, -2.771750183972268E+08,
2450919.777534722, A.D. 1998-Apr-16 06:39:39.0000,  2.306064141452782E+08, -6.373859525615402E+08, -2.775577566990623E+08,
2450920.777534722, A.D. 1998-Apr-17 06:39:39.0000,  2.315757934998706E+08, -6.367975449061463E+08, -2.779397942641190E+08,
2450921.777534722, A.D. 1998-Apr-18 06:39:39.0000,  2.325445889555561E+08, -6.362075291612793E+08, -2.783211299520056E+08,
2450922.777534722, A.D. 1998-Apr-19 06:39:39.0000,  2.335127979110311E+08, -6.356159064113904E+08, -2.787017626238613E+08,
2450923.777534722, A.D. 1998-Apr-20 06:39:39.0000,  2.344804177654272E+08, -6.350226777465078E+08, -2.790816911423608E+08,
2450924.777534722, A.D. 1998-Apr-21 06:39:39.0000,  2.354474459183239E+08, -6.344278442622306E+08, -2.794609143717202E+08,
2450925.777534722, A.D. 1998-Apr-22 06:39:39.0000,  2.364138797697614E+08, -6.338314070597255E+08, -2.798394311777028E+08,
2450926.777534722, A.D. 1998-Apr-23 06:39:39.0000,  2.373797167202539E+08, -6.332333672457225E+08, -2.802172404276236E+08,
2450927.777534722, A.D. 1998-Apr-24 06:39:39.0000,  2.383449541708011E+08, -6.326337259325117E+08, -2.805943409903564E+08,
2450928.777534722, A.D. 1998-Apr-25 06:39:39.0000,  2.393095895229008E+08, -6.320324842379402E+08, -2.809707317363379E+08,
2450929.777534722, A.D. 1998-Apr-26 06:39:39.0000,  2.402736201785608E+08, -6.314296432854105E+08, -2.813464115375746E+08,
2450930.777534722, A.D. 1998-Apr-27 06:39:39.0000,  2.412370435403105E+08, -6.308252042038784E+08, -2.817213792676473E+08,
2450931.777534722, A.D. 1998-Apr-28 06:39:39.0000,  2.421998570112129E+08, -6.302191681278512E+08, -2.820956338017182E+08,
2450932.777534722, A.D. 1998-Apr-29 06:39:39.0000,  2.431620579948759E+08, -6.296115361973871E+08, -2.824691740165355E+08,
2450933.777534722, A.D. 1998-Apr-30 06:39:39.0000,  2.441236438954634E+08, -6.290023095580947E+08, -2.828419987904395E+08,
2450934.777534722, A.D. 1998-May-01 06:39:39.0000,  2.450846121177070E+08, -6.283914893611326E+08, -2.832141070033685E+08,
2450935.777534722, A.D. 1998-May-02 06:39:39.0000,  2.460449600669167E+08, -6.277790767632098E+08, -2.835854975368649E+08,
2450936.777534722, A.D. 1998-May-03 06:39:39.0000,  2.470046851489920E+08, -6.271650729265866E+08, -2.839561692740802E+08,
2450937.777534722, A.D. 1998-May-04 06:39:39.0000,  2.479637847704329E+08, -6.265494790190761E+08, -2.843261210997820E+08,
2450938.777534722, A.D. 1998-May-05 06:39:39.0000,  2.489222563383505E+08, -6.259322962140453E+08, -2.846953519003593E+08,
2450939.777534722, A.D. 1998-May-06 06:39:39.0000,  2.498800972604773E+08, -6.253135256904188E+08, -2.850638605638285E+08,
2450940.777534722, A.D. 1998-May-07 06:39:39.0000,  2.508373049451787E+08, -6.246931686326809E+08, -2.854316459798393E+08,
2450941.777534722, A.D. 1998-May-08 06:39:39.0000,  2.517938768014624E+08, -6.240712262308801E+08, -2.857987070396816E+08,
2450942.777534722, A.D. 1998-May-09 06:39:39.0000,  2.527498102389902E+08, -6.234476996806339E+08, -2.861650426362909E+08,
2450943.777534722, A.D. 1998-May-10 06:39:39.0000,  2.537051026680877E+08, -6.228225901831346E+08, -2.865306516642550E+08,
2450944.777534722, A.D. 1998-May-11 06:39:39.0000,  2.546597514997555E+08, -6.221958989451554E+08, -2.868955330198202E+08,
2450945.777534722, A.D. 1998-May-12 06:39:39.0000,  2.556137541456805E+08, -6.215676271790600E+08, -2.872596856008980E+08,
2450946.777534722, A.D. 1998-May-13 06:39:39.0000,  2.565671080182473E+08, -6.209377761028104E+08, -2.876231083070716E+08,
2450947.777534722, A.D. 1998-May-14 06:39:39.0000,  2.575198105305504E+08, -6.203063469399786E+08, -2.879858000396029E+08,
2450948.777534722, A.D. 1998-May-15 06:39:39.0000,  2.584718590964071E+08, -6.196733409197595E+08, -2.883477597014396E+08,
2450949.777534722, A.D. 1998-May-16 06:39:39.0000,  2.594232511303725E+08, -6.190387592769847E+08, -2.887089861972227E+08,
2450950.777534722, A.D. 1998-May-17 06:39:39.0000,  2.603739840477541E+08, -6.184026032521386E+08, -2.890694784332935E+08,
2450951.777534722, A.D. 1998-May-18 06:39:39.0000,  2.613240552646305E+08, -6.177648740913776E+08, -2.894292353177030E+08,
2450952.777534722, A.D. 1998-May-19 06:39:39.0000,  2.622734621978716E+08, -6.171255730465496E+08, -2.897882557602185E+08,
2450953.777534722, A.D. 1998-May-20 06:39:39.0000,  2.632222022651618E+08, -6.164847013752173E+08, -2.901465386723339E+08,
2450954.777534722, A.D. 1998-May-21 06:39:39.0000,  2.641702728850280E+08, -6.158422603406825E+08, -2.905040829672790E+08,
2450955.777534722, A.D. 1998-May-22 06:39:39.0000,  2.651176714768720E+08, -6.151982512120129E+08, -2.908608875600287E+08,
2450956.777534722, A.D. 1998-May-23 06:39:39.0000,  2.660643954610092E+08, -6.145526752640684E+08, -2.912169513673147E+08,
2450957.777534722, A.D. 1998-May-24 06:39:39.0000,  2.670104422587140E+08, -6.139055337775304E+08, -2.915722733076363E+08,
2450958.777534722, A.D. 1998-May-25 06:39:39.0000,  2.679558092922737E+08, -6.132568280389285E+08, -2.919268523012727E+08,
2450959.777534722, A.D. 1998-May-26 06:39:39.0000,  2.689004939850524E+08, -6.126065593406662E+08, -2.922806872702960E+08,
2450960.777534722, A.D. 1998-May-27 06:39:39.0000,  2.698444937615646E+08, -6.119547289810414E+08, -2.926337771385840E+08,
2450961.777534722, A.D. 1998-May-28 06:39:39.0000,  2.707878060475603E+08, -6.113013382642601E+08, -2.929861208318353E+08,
2450962.777534722, A.D. 1998-May-29 06:39:39.0000,  2.717304282701225E+08, -6.106463885004402E+08, -2.933377172775820E+08,
2450963.777534722, A.D. 1998-May-30 06:39:39.0000,  2.726723578577738E+08, -6.099898810056009E+08, -2.936885654052051E+08,
2450964.777534722, A.D. 1998-May-31 06:39:39.0000,  2.736135922405933E+08, -6.093318171016328E+08, -2.940386641459463E+08,
2450965.777534722, A.D. 1998-Jun-01 06:39:39.0000,  2.745541288503394E+08, -6.086721981162460E+08, -2.943880124329212E+08,
2450966.777534722, A.D. 1998-Jun-02 06:39:39.0000,  2.754939651205720E+08, -6.080110253828896E+08, -2.947366092011284E+08,
2450967.777534722, A.D. 1998-Jun-03 06:39:39.0000,  2.764330984867697E+08, -6.073483002406428E+08, -2.950844533874561E+08,
2450968.777534722, A.D. 1998-Jun-04 06:39:39.0000,  2.773715263864316E+08, -6.066840240340732E+08, -2.954315439306859E+08,
2450969.777534722, A.D. 1998-Jun-05 06:39:39.0000,  2.783092462591537E+08, -6.060181981130664E+08, -2.957778797714895E+08,
2450970.777534722, A.D. 1998-Jun-06 06:39:39.0000,  2.792462555466699E+08, -6.053508238326309E+08, -2.961234598524228E+08,
2450971.777534722, A.D. 1998-Jun-07 06:39:39.0000,  2.801825516928478E+08, -6.046819025526880E+08, -2.964682831179130E+08,
2450972.777534722, A.D. 1998-Jun-08 06:39:39.0000,  2.811181321436349E+08, -6.040114356378603E+08, -2.968123485142407E+08,
2450973.777534722, A.D. 1998-Jun-09 06:39:39.0000,  2.820529943469505E+08, -6.033394244572723E+08, -2.971556549895197E+08,
2450974.777534722, A.D. 1998-Jun-10 06:39:39.0000,  2.829871357525291E+08, -6.026658703843815E+08, -2.974982014936736E+08,
2450975.777534722, A.D. 1998-Jun-11 06:39:39.0000,  2.839205538117227E+08, -6.019907747968563E+08, -2.978399869784131E+08,
2450976.777534722, A.D. 1998-Jun-12 06:39:39.0000,  2.848532459772778E+08, -6.013141390765030E+08, -2.981810103972135E+08,
2450977.777534722, A.D. 1998-Jun-13 06:39:39.0000,  2.857852097031059E+08, -6.006359646092606E+08, -2.985212707052992E+08,
2450978.777534722, A.D. 1998-Jun-14 06:39:39.0000,  2.867164424440616E+08, -5.999562527852504E+08, -2.988607668596325E+08,
2450979.777534722, A.D. 1998-Jun-15 06:39:39.0000,  2.876469416557493E+08, -5.992750049988796E+08, -2.991994978189092E+08,
2450980.777534722, A.D. 1998-Jun-16 06:39:39.0000,  2.885767047943676E+08, -5.985922226489826E+08, -2.995374625435607E+08,
2450981.777534722, A.D. 1998-Jun-17 06:39:39.0000,  2.895057293165999E+08, -5.979079071389897E+08, -2.998746599957635E+08,
2450982.777534722, A.D. 1998-Jun-18 06:39:39.0000,  2.904340126795517E+08, -5.972220598771038E+08, -3.002110891394521E+08,
2450983.777534722, A.D. 1998-Jun-19 06:39:39.0000,  2.913615523407328E+08, -5.965346822764770E+08, -3.005467489403378E+08,
2450984.777534722, A.D. 1998-Jun-20 06:39:39.0000,  2.922883457580776E+08, -5.958457757553718E+08, -3.008816383659280E+08,
2450985.777534722, A.D. 1998-Jun-21 06:39:39.0000,  2.932143903899959E+08, -5.951553417373029E+08, -3.012157563855482E+08,
2450986.777534722, A.D. 1998-Jun-22 06:39:39.0000,  2.941396836954445E+08, -5.944633816511554E+08, -3.015491019703633E+08,
2450987.777534722, A.D. 1998-Jun-23 06:39:39.0000,  2.950642231340137E+08, -5.937698969312770E+08, -3.018816740933975E+08,
2450988.777534722, A.D. 1998-Jun-24 06:39:39.0000,  2.959880061660198E+08, -5.930748890175482E+08, -3.022134717295546E+08,
2450989.777534722, A.D. 1998-Jun-25 06:39:39.0000,  2.969110302525989E+08, -5.923783593554268E+08, -3.025444938556346E+08,
2450990.777534722, A.D. 1998-Jun-26 06:39:39.0000,  2.978332928557987E+08, -5.916803093959782E+08, -3.028747394503502E+08,
2450991.777534722, A.D. 1998-Jun-27 06:39:39.0000,  2.987547914386640E+08, -5.909807405958872E+08, -3.032042074943408E+08,
2450992.777534722, A.D. 1998-Jun-28 06:39:39.0000,  2.996755234653159E+08, -5.902796544174592E+08, -3.035328969701843E+08,
2450993.777534722, A.D. 1998-Jun-29 06:39:39.0000,  3.005954864010230E+08, -5.895770523286110E+08, -3.038608068624091E+08,
2450994.777534722, A.D. 1998-Jun-30 06:39:39.0000,  3.015146777122646E+08, -5.888729358028558E+08, -3.041879361575026E+08,
2450995.777534722, A.D. 1998-Jul-01 06:39:39.0000,  3.024330948667859E+08, -5.881673063192830E+08, -3.045142838439210E+08,
2450996.777534722, A.D. 1998-Jul-02 06:39:39.0000,  3.033507353336475E+08, -5.874601653625349E+08, -3.048398489120963E+08,
2450997.777534722, A.D. 1998-Jul-03 06:39:39.0000,  3.042675965832660E+08, -5.867515144227818E+08, -3.051646303544430E+08,
2450998.777534722, A.D. 1998-Jul-04 06:39:39.0000,  3.051836760874518E+08, -5.860413549956970E+08, -3.054886271653656E+08,
2450999.777534722, A.D. 1998-Jul-05 06:39:39.0000,  3.060989713194394E+08, -5.853296885824302E+08, -3.058118383412633E+08,
2451000.777534722, A.D. 1998-Jul-06 06:39:39.0000,  3.070134797539149E+08, -5.846165166895834E+08, -3.061342628805361E+08,
2451001.777534722, A.D. 1998-Jul-07 06:39:39.0000,  3.079271988670393E+08, -5.839018408291855E+08, -3.064558997835906E+08,
2451002.777534722, A.D. 1998-Jul-08 06:39:39.0000,  3.088401261364688E+08, -5.831856625186701E+08, -3.067767480528442E+08,
2451003.777534722, A.D. 1998-Jul-09 06:39:39.0000,  3.097522590413724E+08, -5.824679832808526E+08, -3.070968066927308E+08,
2451004.777534722, A.D. 1998-Jul-10 06:39:39.0000,  3.106635950624472E+08, -5.817488046439097E+08, -3.074160747097051E+08,
2451005.777534722, A.D. 1998-Jul-11 06:39:39.0000,  3.115741316819324E+08, -5.810281281413600E+08, -3.077345511122480E+08,
2451006.777534722, A.D. 1998-Jul-12 06:39:39.0000,  3.124838663836213E+08, -5.803059553120453E+08, -3.080522349108709E+08,
2451007.777534722, A.D. 1998-Jul-13 06:39:39.0000,  3.133927966528718E+08, -5.795822877001133E+08, -3.083691251181202E+08,
2451008.777534722, A.D. 1998-Jul-14 06:39:39.0000,  3.143009199766167E+08, -5.788571268550017E+08, -3.086852207485831E+08,
2451009.777534722, A.D. 1998-Jul-15 06:39:39.0000,  3.152082338433723E+08, -5.781304743314230E+08, -3.090005208188910E+08,
2451010.777534722, A.D. 1998-Jul-16 06:39:39.0000,  3.161147357432466E+08, -5.774023316893507E+08, -3.093150243477253E+08,
2451011.777534722, A.D. 1998-Jul-17 06:39:39.0000,  3.170204231679471E+08, -5.766727004940063E+08, -3.096287303558215E+08,
2451012.777534722, A.D. 1998-Jul-18 06:39:39.0000,  3.179252936107872E+08, -5.759415823158461E+08, -3.099416378659742E+08,
2451013.777534722, A.D. 1998-Jul-19 06:39:39.0000,  3.188293445666935E+08, -5.752089787305510E+08, -3.102537459030421E+08,
2451014.777534722, A.D. 1998-Jul-20 06:39:39.0000,  3.197325735322118E+08, -5.744748913190145E+08, -3.105650534939520E+08,
2451015.777534722, A.D. 1998-Jul-21 06:39:39.0000,  3.206349780055122E+08, -5.737393216673342E+08, -3.108755596677053E+08,
2451016.777534722, A.D. 1998-Jul-22 06:39:39.0000,  3.215365554863958E+08, -5.730022713668013E+08, -3.111852634553807E+08,
2451017.777534722, A.D. 1998-Jul-23 06:39:39.0000,  3.224373034762990E+08, -5.722637420138924E+08, -3.114941638901409E+08,
2451018.777534722, A.D. 1998-Jul-24 06:39:39.0000,  3.233372194782988E+08, -5.715237352102617E+08, -3.118022600072367E+08,
2451019.777534722, A.D. 1998-Jul-25 06:39:39.0000,  3.242363009971178E+08, -5.707822525627335E+08, -3.121095508440114E+08,
2451020.777534722, A.D. 1998-Jul-26 06:39:39.0000,  3.251345455391281E+08, -5.700392956832955E+08, -3.124160354399073E+08,
2451021.777534722, A.D. 1998-Jul-27 06:39:39.0000,  3.260319506123562E+08, -5.692948661890924E+08, -3.127217128364692E+08,
2451022.777534722, A.D. 1998-Jul-28 06:39:39.0000,  3.269285137264868E+08, -5.685489657024208E+08, -3.130265820773500E+08,
2451023.777534722, A.D. 1998-Jul-29 06:39:39.0000,  3.278242323928667E+08, -5.678015958507245E+08, -3.133306422083156E+08,
2451024.777534722, A.D. 1998-Jul-30 06:39:39.0000,  3.287191041245083E+08, -5.670527582665896E+08, -3.136338922772504E+08,
2451025.777534722, A.D. 1998-Jul-31 06:39:39.0000,  3.296131264360937E+08, -5.663024545877423E+08, -3.139363313341614E+08,
2451026.777534722, A.D. 1998-Aug-01 06:39:39.0000,  3.305062968439774E+08, -5.655506864570453E+08, -3.142379584311846E+08,
2451027.777534722, A.D. 1998-Aug-02 06:39:39.0000,  3.313986128661901E+08, -5.647974555224961E+08, -3.145387726225890E+08,
2451028.777534722, A.D. 1998-Aug-03 06:39:39.0000,  3.322900720224413E+08, -5.640427634372268E+08, -3.148387729647827E+08,
2451029.777534722, A.D. 1998-Aug-04 06:39:39.0000,  3.331806718341232E+08, -5.632866118595035E+08, -3.151379585163176E+08,
2451030.777534722, A.D. 1998-Aug-05 06:39:39.0000,  3.340704098243125E+08, -5.625290024527278E+08, -3.154363283378952E+08,
2451031.777534722, A.D. 1998-Aug-06 06:39:39.0000,  3.349592835177747E+08, -5.617699368854390E+08, -3.157338814923719E+08,
2451032.777534722, A.D. 1998-Aug-07 06:39:39.0000,  3.358472904409667E+08, -5.610094168313180E+08, -3.160306170447642E+08,
2451033.777534722, A.D. 1998-Aug-08 06:39:39.0000,  3.367344281220406E+08, -5.602474439691925E+08, -3.163265340622552E+08,
2451034.777534722, A.D. 1998-Aug-09 06:39:39.0000,  3.376206940908480E+08, -5.594840199830432E+08, -3.166216316141998E+08,
2451035.777534722, A.D. 1998-Aug-10 06:39:39.0000,  3.385060858789436E+08, -5.587191465620121E+08, -3.169159087721308E+08,
2451036.777534722, A.D. 1998-Aug-11 06:39:39.0000,  3.393906010195923E+08, -5.579528254004142E+08, -3.172093646097655E+08,
2451037.777534722, A.D. 1998-Aug-12 06:39:39.0000,  3.402742370477741E+08, -5.571850581977479E+08, -3.175019982030121E+08,
2451038.777534722, A.D. 1998-Aug-13 06:39:39.0000,  3.411569915001938E+08, -5.564158466587108E+08, -3.177938086299763E+08,
2451039.777534722, A.D. 1998-Aug-14 06:39:39.0000,  3.420388619152907E+08, -5.556451924932163E+08, -3.180847949709685E+08,
2451040.777534722, A.D. 1998-Aug-15 06:39:39.0000,  3.429198458332514E+08, -5.548730974164119E+08, -3.183749563085120E+08,
2451041.777534722, A.D. 1998-Aug-16 06:39:39.0000,  3.437999407960262E+08, -5.540995631487013E+08, -3.186642917273501E+08,
2451042.777534722, A.D. 1998-Aug-17 06:39:39.0000,  3.446791443473494E+08, -5.533245914157689E+08, -3.189528003144557E+08,
2451043.777534722, A.D. 1998-Aug-18 06:39:39.0000,  3.455574540327646E+08, -5.525481839486029E+08, -3.192404811590400E+08,
2451044.777534722, A.D. 1998-Aug-19 06:39:39.0000,  3.464348673996563E+08, -5.517703424835258E+08, -3.195273333525625E+08,
2451045.777534722, A.D. 1998-Aug-20 06:39:39.0000,  3.473113819972872E+08, -5.509910687622181E+08, -3.198133559887409E+08,
2451046.777534722, A.D. 1998-Aug-21 06:39:39.0000,  3.481869953768472E+08, -5.502103645317490E+08, -3.200985481635639E+08,
2451047.777534722, A.D. 1998-Aug-22 06:39:39.0000,  3.490617050915090E+08, -5.494282315446005E+08, -3.203829089753021E+08,
2451048.777534722, A.D. 1998-Aug-23 06:39:39.0000,  3.499355086964949E+08, -5.486446715586873E+08, -3.206664375245210E+08,
2451049.777534722, A.D. 1998-Aug-24 06:39:39.0000,  3.508084037491562E+08, -5.478596863373724E+08, -3.209491329140937E+08,
2451050.777534722, A.D. 1998-Aug-25 06:39:39.0000,  3.516803878090627E+08, -5.470732776494702E+08, -3.212309942492148E+08,
2451051.777534722, A.D. 1998-Aug-26 06:39:39.0000,  3.525514584381040E+08, -5.462854472692363E+08, -3.215120206374129E+08,
2451052.777534722, A.D. 1998-Aug-27 06:39:39.0000,  3.534216132005997E+08, -5.454961969763387E+08, -3.217922111885634E+08,
2451053.777534722, A.D. 1998-Aug-28 06:39:39.0000,  3.542908496634154E+08, -5.447055285558065E+08, -3.220715650148997E+08,
2451054.777534722, A.D. 1998-Aug-29 06:39:39.0000,  3.551591653960783E+08, -5.439134437979496E+08, -3.223500812310214E+08,
2451055.777534722, A.D. 1998-Aug-30 06:39:39.0000,  3.560265579708885E+08, -5.431199444982505E+08, -3.226277589539009E+08,
2451056.777534722, A.D. 1998-Aug-31 06:39:39.0000,  3.568930249630128E+08, -5.423250324572245E+08, -3.229045973028851E+08,
2451057.777534722, A.D. 1998-Sep-01 06:39:39.0000,  3.577585639505543E+08, -5.415287094802498E+08, -3.231805953996917E+08,
2451058.777534722, A.D. 1998-Sep-02 06:39:39.0000,  3.586231725145867E+08, -5.407309773773744E+08, -3.234557523684026E+08,
2451059.777534722, A.D. 1998-Sep-03 06:39:39.0000,  3.594868482391434E+08, -5.399318379631083E+08, -3.237300673354492E+08,
2451060.777534722, A.D. 1998-Sep-04 06:39:39.0000,  3.603495887111549E+08, -5.391312930562141E+08, -3.240035394295946E+08,
2451061.777534722, A.D. 1998-Sep-05 06:39:39.0000,  3.612113915203344E+08, -5.383293444795130E+08, -3.242761677819122E+08,
2451062.777534722, A.D. 1998-Sep-06 06:39:39.0000,  3.620722542590147E+08, -5.375259940597186E+08, -3.245479515257607E+08,
2451063.777534722, A.D. 1998-Sep-07 06:39:39.0000,  3.629321745219440E+08, -5.367212436273177E+08, -3.248188897967610E+08,
2451064.777534722, A.D. 1998-Sep-08 06:39:39.0000,  3.637911499060580E+08, -5.359150950165070E+08, -3.250889817327744E+08,
2451065.777534722, A.D. 1998-Sep-09 06:39:39.0000,  3.646491780102440E+08, -5.351075500651904E+08, -3.253582264738850E+08,
2451066.777534722, A.D. 1998-Sep-10 06:39:39.0000,  3.655062564351168E+08, -5.342986106150348E+08, -3.256266231623881E+08,
2451067.777534722, A.D. 1998-Sep-11 06:39:39.0000,  3.663623827828217E+08, -5.334882785115774E+08, -3.258941709427856E+08,
2451068.777534722, A.D. 1998-Sep-12 06:39:39.0000,  3.672175546568756E+08, -5.326765556043732E+08, -3.261608689617876E+08,
2451069.777534722, A.D. 1998-Sep-13 06:39:39.0000,  3.680717696620544E+08, -5.318634437471687E+08, -3.264267163683208E+08,
2451070.777534722, A.D. 1998-Sep-14 06:39:39.0000,  3.689250254043291E+08, -5.310489447980825E+08, -3.266917123135420E+08,
2451071.777534722, A.D. 1998-Sep-15 06:39:39.0000,  3.697773194908451E+08, -5.302330606197853E+08, -3.269558559508547E+08,
2451072.777534722, A.D. 1998-Sep-16 06:39:39.0000,  3.706286495299402E+08, -5.294157930796651E+08, -3.272191464359293E+08,
2451073.777534722, A.D. 1998-Sep-17 06:39:39.0000,  3.714790131311928E+08, -5.285971440499743E+08, -3.274815829267230E+08,
2451074.777534722, A.D. 1998-Sep-18 06:39:39.0000,  3.723284079054914E+08, -5.277771154079494E+08, -3.277431645835013E+08,
2451075.777534722, A.D. 1998-Sep-19 06:39:39.0000,  3.731768314651188E+08, -5.269557090359095E+08, -3.280038905688573E+08,
2451076.777534722, A.D. 1998-Sep-20 06:39:39.0000,  3.740242814238414E+08, -5.261329268213283E+08, -3.282637600477301E+08,
2451077.777534722, A.D. 1998-Sep-21 06:39:39.0000,  3.748707553970020E+08, -5.253087706568846E+08, -3.285227721874223E+08,
2451078.777534722, A.D. 1998-Sep-22 06:39:39.0000,  3.757162510016083E+08, -5.244832424404961E+08, -3.287809261576145E+08,
2451079.777534722, A.D. 1998-Sep-23 06:39:39.0000,  3.765607658564166E+08, -5.236563440753366E+08, -3.290382211303790E+08,
2451080.777534722, A.D. 1998-Sep-24 06:39:39.0000,  3.774042975820103E+08, -5.228280774698406E+08, -3.292946562801915E+08,
2451081.777534722, A.D. 1998-Sep-25 06:39:39.0000,  3.782468438008677E+08, -5.219984445377002E+08, -3.295502307839410E+08,
2451082.777534722, A.D. 1998-Sep-26 06:39:39.0000,  3.790884021374252E+08, -5.211674471978545E+08, -3.298049438209395E+08,
2451083.777534722, A.D. 1998-Sep-27 06:39:39.0000,  3.799289702181317E+08, -5.203350873744740E+08, -3.300587945729295E+08,
2451084.777534722, A.D. 1998-Sep-28 06:39:39.0000,  3.807685456714956E+08, -5.195013669969437E+08, -3.303117822240912E+08,
2451085.777534722, A.D. 1998-Sep-29 06:39:39.0000,  3.816071261281269E+08, -5.186662879998419E+08, -3.305639059610485E+08,
2451086.777534722, A.D. 1998-Sep-30 06:39:39.0000,  3.824447092207735E+08, -5.178298523229214E+08, -3.308151649728755E+08,
2451087.777534722, A.D. 1998-Oct-01 06:39:39.0000,  3.832812925843518E+08, -5.169920619110873E+08, -3.310655584511015E+08,
2451088.777534722, A.D. 1998-Oct-02 06:39:39.0000,  3.841168738559746E+08, -5.161529187143786E+08, -3.313150855897156E+08,
2451089.777534722, A.D. 1998-Oct-03 06:39:39.0000,  3.849514506749750E+08, -5.153124246879485E+08, -3.315637455851722E+08,
2451090.777534722, A.D. 1998-Oct-04 06:39:39.0000,  3.857850206829272E+08, -5.144705817920458E+08, -3.318115376363946E+08,
2451091.777534722, A.D. 1998-Oct-05 06:39:39.0000,  3.866175815236652E+08, -5.136273919919987E+08, -3.320584609447804E+08,
2451092.777534722, A.D. 1998-Oct-06 06:39:39.0000,  3.874491308433003E+08, -5.127828572581989E+08, -3.323045147142055E+08,
2451093.777534722, A.D. 1998-Oct-07 06:39:39.0000,  3.882796662902354E+08, -5.119369795660864E+08, -3.325496981510279E+08,
2451094.777534722, A.D. 1998-Oct-08 06:39:39.0000,  3.891091855151795E+08, -5.110897608961375E+08, -3.327940104640924E+08,
2451095.777534722, A.D. 1998-Oct-09 06:39:39.0000,  3.899376861711603E+08, -5.102412032338504E+08, -3.330374508647348E+08,
2451096.777534722, A.D. 1998-Oct-10 06:39:39.0000,  3.907651659135367E+08, -5.093913085697361E+08, -3.332800185667861E+08,
2451097.777534722, A.D. 1998-Oct-11 06:39:39.0000,  3.915916224000105E+08, -5.085400788993067E+08, -3.335217127865765E+08,
2451098.777534722, A.D. 1998-Oct-12 06:39:39.0000,  3.924170532906362E+08, -5.076875162230666E+08, -3.337625327429401E+08,
2451099.777534722, A.D. 1998-Oct-13 06:39:39.0000,  3.932414562478332E+08, -5.068336225465037E+08, -3.340024776572188E+08,
2451100.777534722, A.D. 1998-Oct-14 06:39:39.0000,  3.940648289363945E+08, -5.059783998800817E+08, -3.342415467532666E+08,
2451101.777534722, A.D. 1998-Oct-15 06:39:39.0000,  3.948871690234980E+08, -5.051218502392333E+08, -3.344797392574544E+08,
2451102.777534722, A.D. 1998-Oct-16 06:39:39.0000,  3.957084741787162E+08, -5.042639756443531E+08, -3.347170543986738E+08,
2451103.777534722, A.D. 1998-Oct-17 06:39:39.0000,  3.965287420740251E+08, -5.034047781207921E+08, -3.349534914083418E+08,
2451104.777534722, A.D. 1998-Oct-18 06:39:39.0000,  3.973479703838149E+08, -5.025442596988525E+08, -3.351890495204051E+08,
2451105.777534722, A.D. 1998-Oct-19 06:39:39.0000,  3.981661567848991E+08, -5.016824224137826E+08, -3.354237279713448E+08,
2451106.777534722, A.D. 1998-Oct-20 06:39:39.0000,  3.989832989565244E+08, -5.008192683057730E+08, -3.356575260001802E+08,
2451107.777534722, A.D. 1998-Oct-21 06:39:39.0000,  3.997993945803796E+08, -4.999547994199523E+08, -3.358904428484746E+08,
2451108.777534722, A.D. 1998-Oct-22 06:39:39.0000,  4.006144413406059E+08, -4.990890178063835E+08, -3.361224777603384E+08,
2451109.777534722, A.D. 1998-Oct-23 06:39:39.0000,  4.014284369238055E+08, -4.982219255200621E+08, -3.363536299824344E+08,
2451110.777534722, A.D. 1998-Oct-24 06:39:39.0000,  4.022413790190520E+08, -4.973535246209127E+08, -3.365838987639825E+08,
2451111.777534722, A.D. 1998-Oct-25 06:39:39.0000,  4.030532653178987E+08, -4.964838171737876E+08, -3.368132833567641E+08,
2451112.777534722, A.D. 1998-Oct-26 06:39:39.0000,  4.038640935143889E+08, -4.956128052484651E+08, -3.370417830151267E+08,
2451113.777534722, A.D. 1998-Oct-27 06:39:39.0000,  4.046738613050650E+08, -4.947404909196484E+08, -3.372693969959888E+08,
2451114.777534722, A.D. 1998-Oct-28 06:39:39.0000,  4.054825663889776E+08, -4.938668762669660E+08, -3.374961245588446E+08,
2451115.777534722, A.D. 1998-Oct-29 06:39:39.0000,  4.062902064676955E+08, -4.929919633749715E+08, -3.377219649657687E+08,
2451116.777534722, A.D. 1998-Oct-30 06:39:39.0000,  4.070967792453144E+08, -4.921157543331444E+08, -3.379469174814208E+08,
2451117.777534722, A.D. 1998-Oct-31 06:39:39.0000,  4.079022824284673E+08, -4.912382512358924E+08, -3.381709813730512E+08,
2451118.777534722, A.D. 1998-Nov-01 06:39:39.0000,  4.087067137263334E+08, -4.903594561825539E+08, -3.383941559105055E+08,
2451119.777534722, A.D. 1998-Nov-02 06:39:39.0000,  4.095100708506486E+08, -4.894793712774016E+08, -3.386164403662291E+08,
2451120.777534722, A.D. 1998-Nov-03 06:39:39.0000,  4.103123515157148E+08, -4.885979986296468E+08, -3.388378340152733E+08,
2451121.777534722, A.D. 1998-Nov-04 06:39:39.0000,  4.111135534384114E+08, -4.877153403534465E+08, -3.390583361353006E+08,
2451122.777534722, A.D. 1998-Nov-05 06:39:39.0000,  4.119136743382057E+08, -4.868313985679095E+08, -3.392779460065889E+08,
2451123.777534722, A.D. 1998-Nov-06 06:39:39.0000,  4.127127119371648E+08, -4.859461753971061E+08, -3.394966629120393E+08,
2451124.777534722, A.D. 1998-Nov-07 06:39:39.0000,  4.135106639599687E+08, -4.850596729700776E+08, -3.397144861371801E+08,
2451125.777534722, A.D. 1998-Nov-08 06:39:39.0000,  4.143075281339243E+08, -4.841718934208497E+08, -3.399314149701737E+08,
2451126.777534722, A.D. 1998-Nov-09 06:39:39.0000,  4.151033021889805E+08, -4.832828388884458E+08, -3.401474487018236E+08,
2451127.777534722, A.D. 1998-Nov-10 06:39:39.0000,  4.158979838577465E+08, -4.823925115169036E+08, -3.403625866255801E+08,
2451128.777534722, A.D. 1998-Nov-11 06:39:39.0000,  4.166915708755133E+08, -4.815009134552934E+08, -3.405768280375485E+08,
2451129.777534722, A.D. 1998-Nov-12 06:39:39.0000,  4.174840609802748E+08, -4.806080468577390E+08, -3.407901722364967E+08,
2451130.777534722, A.D. 1998-Nov-13 06:39:39.0000,  4.182754519127591E+08, -4.797139138834388E+08, -3.410026185238625E+08,
2451131.777534722, A.D. 1998-Nov-14 06:39:39.0000,  4.190657414164599E+08, -4.788185166966913E+08, -3.412141662037640E+08,
2451132.777534722, A.D. 1998-Nov-15 06:39:39.0000,  4.198549272376755E+08, -4.779218574669192E+08, -3.414248145830075E+08,
2451133.777534722, A.D. 1998-Nov-16 06:39:39.0000,  4.206430071255565E+08, -4.770239383686962E+08, -3.416345629710993E+08,
2451134.777534722, A.D. 1998-Nov-17 06:39:39.0000,  4.214299788321593E+08, -4.761247615817708E+08, -3.418434106802550E+08,
2451135.777534722, A.D. 1998-Nov-18 06:39:39.0000,  4.222158401125120E+08, -4.752243292910892E+08, -3.420513570254127E+08,
2451136.777534722, A.D. 1998-Nov-19 06:39:39.0000,  4.230005887246895E+08, -4.743226436868140E+08, -3.422584013242444E+08,
2451137.777534722, A.D. 1998-Nov-20 06:39:39.0000,  4.237842224298979E+08, -4.734197069643338E+08, -3.424645428971676E+08,
2451138.777534722, A.D. 1998-Nov-21 06:39:39.0000,  4.245667389925770E+08, -4.725155213242646E+08, -3.426697810673606E+08,
2451139.777534722, A.D. 1998-Nov-22 06:39:39.0000,  4.253481361805051E+08, -4.716100889724346E+08, -3.428741151607736E+08,
2451140.777534722, A.D. 1998-Nov-23 06:39:39.0000,  4.261284117649195E+08, -4.707034121198512E+08, -3.430775445061405E+08,
2451141.777534722, A.D. 1998-Nov-24 06:39:39.0000,  4.269075635206388E+08, -4.697954929826444E+08, -3.432800684349904E+08,
2451142.777534722, A.D. 1998-Nov-25 06:39:39.0000,  4.276855892261871E+08, -4.688863337819823E+08, -3.434816862816548E+08,
2451143.777534722, A.D. 1998-Nov-26 06:39:39.0000,  4.284624866639106E+08, -4.679759367439567E+08, -3.436823973832735E+08,
2451144.777534722, A.D. 1998-Nov-27 06:39:39.0000,  4.292382536200804E+08, -4.670643040994380E+08, -3.438822010797963E+08,
2451145.777534722, A.D. 1998-Nov-28 06:39:39.0000,  4.300128878849674E+08, -4.661514380838988E+08, -3.440810967139781E+08,
2451146.777534722, A.D. 1998-Nov-29 06:39:39.0000,  4.307863872528821E+08, -4.652373409372156E+08, -3.442790836313716E+08,
2451147.777534722, A.D. 1998-Nov-30 06:39:39.0000,  4.315587495221695E+08, -4.643220149034553E+08, -3.444761611803123E+08,
2451148.777534722, A.D. 1998-Dec-01 06:39:39.0000,  4.323299724951522E+08, -4.634054622306602E+08, -3.446723287118998E+08,
2451149.777534722, A.D. 1998-Dec-02 06:39:39.0000,  4.331000539780216E+08, -4.624876851706482E+08, -3.448675855799758E+08,
2451150.777534722, A.D. 1998-Dec-03 06:39:39.0000,  4.338689917806791E+08, -4.615686859788426E+08, -3.450619311410984E+08,
2451151.777534722, A.D. 1998-Dec-04 06:39:39.0000,  4.346367837165386E+08, -4.606484669141480E+08, -3.452553647545187E+08,
2451152.777534722, A.D. 1998-Dec-05 06:39:39.0000,  4.354034276023033E+08, -4.597270302388822E+08, -3.454478857821580E+08,
2451153.777534722, A.D. 1998-Dec-06 06:39:39.0000,  4.361689212577389E+08, -4.588043782187682E+08, -3.456394935885907E+08,
2451154.777534722, A.D. 1998-Dec-07 06:39:39.0000,  4.369332625054536E+08, -4.578805131229851E+08, -3.458301875410311E+08,
2451155.777534722, A.D. 1998-Dec-08 06:39:39.0000,  4.376964491707094E+08, -4.569554372242707E+08, -3.460199670093294E+08,
2451156.777534722, A.D. 1998-Dec-09 06:39:39.0000,  4.384584790812705E+08, -4.560291527990625E+08, -3.462088313659728E+08,
2451157.777534722, A.D. 1998-Dec-10 06:39:39.0000,  4.392193500672984E+08, -4.551016621276627E+08, -3.463967799860924E+08,
2451158.777534722, A.D. 1998-Dec-11 06:39:39.0000,  4.399790599612948E+08, -4.541729674944134E+08, -3.465838122474774E+08,
2451159.777534722, A.D. 1998-Dec-12 06:39:39.0000,  4.407376065980877E+08, -4.532430711878678E+08, -3.467699275305902E+08,
2451160.777534722, A.D. 1998-Dec-13 06:39:39.0000,  4.414949878148562E+08, -4.523119755009469E+08, -3.469551252185868E+08,
2451161.777534722, A.D. 1998-Dec-14 06:39:39.0000,  4.422512014511839E+08, -4.513796827310773E+08, -3.471394046973350E+08,
2451162.777534722, A.D. 1998-Dec-15 06:39:39.0000,  4.430062453491353E+08, -4.504461951803027E+08, -3.473227653554361E+08,
2451163.777534722, A.D. 1998-Dec-16 06:39:39.0000,  4.437601173533435E+08, -4.495115151553726E+08, -3.475052065842427E+08,
2451164.777534722, A.D. 1998-Dec-17 06:39:39.0000,  4.445128153111061E+08, -4.485756449678053E+08, -3.476867277778771E+08,
2451165.777534722, A.D. 1998-Dec-18 06:39:39.0000,  4.452643370724809E+08, -4.476385869339289E+08, -3.478673283332465E+08,
2451166.777534722, A.D. 1998-Dec-19 06:39:39.0000,  4.460146804903790E+08, -4.467003433749059E+08, -3.480470076500584E+08,
2451167.777534722, A.D. 1998-Dec-20 06:39:39.0000,  4.467638434206536E+08, -4.457609166167405E+08, -3.482257651308322E+08,
2451168.777534722, A.D. 1998-Dec-21 06:39:39.0000,  4.475118237221795E+08, -4.448203089902744E+08, -3.484036001809100E+08,
2451169.777534722, A.D. 1998-Dec-22 06:39:39.0000,  4.482586192569276E+08, -4.438785228311741E+08, -3.485805122084667E+08,
2451170.777534722, A.D. 1998-Dec-23 06:39:39.0000,  4.490042278900288E+08, -4.429355604799104E+08, -3.487565006245176E+08,
2451171.777534722, A.D. 1998-Dec-24 06:39:39.0000,  4.497486474898325E+08, -4.419914242817339E+08, -3.489315648429249E+08,
2451172.777534722, A.D. 1998-Dec-25 06:39:39.0000,  4.504918759279566E+08, -4.410461165866475E+08, -3.491057042804050E+08,
2451173.777534722, A.D. 1998-Dec-26 06:39:39.0000,  4.512339110793318E+08, -4.400996397493772E+08, -3.492789183565331E+08,
2451174.777534722, A.D. 1998-Dec-27 06:39:39.0000,  4.519747508222407E+08, -4.391519961293415E+08, -3.494512064937479E+08,
2451175.777534722, A.D. 1998-Dec-28 06:39:39.0000,  4.527143930383505E+08, -4.382031880906218E+08, -3.496225681173563E+08,
2451176.777534722, A.D. 1998-Dec-29 06:39:39.0000,  4.534528356127436E+08, -4.372532180019320E+08, -3.497930026555372E+08,
2451177.777534722, A.D. 1998-Dec-30 06:39:39.0000,  4.541900764339423E+08, -4.363020882365899E+08, -3.499625095393454E+08,
2451178.777534722, A.D. 1998-Dec-31 06:39:39.0000,  4.549261133939323E+08, -4.353498011724891E+08, -3.501310882027147E+08,
2451179.777534722, A.D. 1999-Jan-01 06:39:39.0000,  4.556609443881829E+08, -4.343963591920722E+08, -3.502987380824613E+08,
2451180.777534722, A.D. 1999-Jan-02 06:39:39.0000,  4.563945673156647E+08, -4.334417646823043E+08, -3.504654586182873E+08,
2451181.777534722, A.D. 1999-Jan-03 06:39:39.0000,  4.571269800788664E+08, -4.324860200346498E+08, -3.506312492527838E+08,
2451182.777534722, A.D. 1999-Jan-04 06:39:39.0000,  4.578581805838094E+08, -4.315291276450473E+08, -3.507961094314339E+08,
2451183.777534722, A.D. 1999-Jan-05 06:39:39.0000,  4.585881667400617E+08, -4.305710899138879E+08, -3.509600386026151E+08,
2451184.777534722, A.D. 1999-Jan-06 06:39:39.0000,  4.593169364607497E+08, -4.296119092459937E+08, -3.511230362176039E+08,
2451185.777534722, A.D. 1999-Jan-07 06:39:39.0000,  4.600444876625713E+08, -4.286515880505976E+08, -3.512851017305771E+08,
2451186.777534722, A.D. 1999-Jan-08 06:39:39.0000,  4.607708182658057E+08, -4.276901287413231E+08, -3.514462345986161E+08,
2451187.777534722, A.D. 1999-Jan-09 06:39:39.0000,  4.614959261943244E+08, -4.267275337361658E+08, -3.516064342817093E+08,
2451188.777534722, A.D. 1999-Jan-10 06:39:39.0000,  4.622198093756013E+08, -4.257638054574757E+08, -3.517657002427549E+08,
2451189.777534722, A.D. 1999-Jan-11 06:39:39.0000,  4.629424657407215E+08, -4.247989463319392E+08, -3.519240319475648E+08,
2451190.777534722, A.D. 1999-Jan-12 06:39:39.0000,  4.636638932243915E+08, -4.238329587905630E+08, -3.520814288648669E+08,
2451191.777534722, A.D. 1999-Jan-13 06:39:39.0000,  4.643840897649469E+08, -4.228658452686578E+08, -3.522378904663082E+08,
2451192.777534722, A.D. 1999-Jan-14 06:39:39.0000,  4.651030533043616E+08, -4.218976082058226E+08, -3.523934162264587E+08,
2451193.777534722, A.D. 1999-Jan-15 06:39:39.0000,  4.658207817882557E+08, -4.209282500459300E+08, -3.525480056228130E+08,
2451194.777534722, A.D. 1999-Jan-16 06:39:39.0000,  4.665372731659034E+08, -4.199577732371120E+08, -3.527016581357947E+08,
2451195.777534722, A.D. 1999-Jan-17 06:39:39.0000,  4.672525253902410E+08, -4.189861802317455E+08, -3.528543732487590E+08,
2451196.777534722, A.D. 1999-Jan-18 06:39:39.0000,  4.679665364178740E+08, -4.180134734864389E+08, -3.530061504479957E+08,
2451197.777534722, A.D. 1999-Jan-19 06:39:39.0000,  4.686793042090847E+08, -4.170396554620197E+08, -3.531569892227325E+08,
2451198.777534722, A.D. 1999-Jan-20 06:39:39.0000,  4.693908267278393E+08, -4.160647286235216E+08, -3.533068890651379E+08,
2451199.777534722, A.D. 1999-Jan-21 06:39:39.0000,  4.701011019417938E+08, -4.150886954401732E+08, -3.534558494703248E+08,
2451200.777534722, A.D. 1999-Jan-22 06:39:39.0000,  4.708101278223023E+08, -4.141115583853853E+08, -3.536038699363528E+08,
2451201.777534722, A.D. 1999-Jan-23 06:39:39.0000,  4.715179023444216E+08, -4.131333199367422E+08, -3.537509499642327E+08,
2451202.777534722, A.D. 1999-Jan-24 06:39:39.0000,  4.722244234869186E+08, -4.121539825759902E+08, -3.538970890579283E+08,
2451203.777534722, A.D. 1999-Jan-25 06:39:39.0000,  4.729296892322760E+08, -4.111735487890286E+08, -3.540422867243607E+08,
2451204.777534722, A.D. 1999-Jan-26 06:39:39.0000,  4.736336975666982E+08, -4.101920210659013E+08, -3.541865424734110E+08,
2451205.777534722, A.D. 1999-Jan-27 06:39:39.0000,  4.743364464801173E+08, -4.092094019007890E+08, -3.543298558179235E+08,
2451206.777534722, A.D. 1999-Jan-28 06:39:39.0000,  4.750379339661986E+08, -4.082256937920022E+08, -3.544722262737102E+08,
2451207.777534722, A.D. 1999-Jan-29 06:39:39.0000,  4.757381580223467E+08, -4.072408992419759E+08, -3.546136533595526E+08,
2451208.777534722, A.D. 1999-Jan-30 06:39:39.0000,  4.764371166497111E+08, -4.062550207572649E+08, -3.547541365972067E+08,
2451209.777534722, A.D. 1999-Jan-31 06:39:39.0000,  4.771348078531926E+08, -4.052680608485405E+08, -3.548936755114059E+08,
2451210.777534722, A.D. 1999-Feb-01 06:39:39.0000,  4.778312296414495E+08, -4.042800220305891E+08, -3.550322696298652E+08,
2451211.777534722, A.D. 1999-Feb-02 06:39:39.0000,  4.785263800269051E+08, -4.032909068223114E+08, -3.551699184832847E+08,
2451212.777534722, A.D. 1999-Feb-03 06:39:39.0000,  4.792202570257553E+08, -4.023007177467251E+08, -3.553066216053550E+08,
2451213.777534722, A.D. 1999-Feb-04 06:39:39.0000,  4.799128586579778E+08, -4.013094573309672E+08, -3.554423785327601E+08,
2451214.777534722, A.D. 1999-Feb-05 06:39:39.0000,  4.806041829473425E+08, -4.003171281063006E+08, -3.555771888051831E+08,
2451215.777534722, A.D. 1999-Feb-06 06:39:39.0000,  4.812942279214239E+08, -3.993237326081212E+08, -3.557110519653114E+08,
2451216.777534722, A.D. 1999-Feb-07 06:39:39.0000,  4.819829916116170E+08, -3.983292733759682E+08, -3.558439675588416E+08,
2451217.777534722, A.D. 1999-Feb-08 06:39:39.0000,  4.826704720531544E+08, -3.973337529535363E+08, -3.559759351344858E+08,
2451218.777534722, A.D. 1999-Feb-09 06:39:39.0000,  4.833566672851297E+08, -3.963371738886898E+08, -3.561069542439784E+08,
2451219.777534722, A.D. 1999-Feb-10 06:39:39.0000,  4.840415753505243E+08, -3.953395387334784E+08, -3.562370244420828E+08,
2451220.777534722, A.D. 1999-Feb-11 06:39:39.0000,  4.847251942962409E+08, -3.943408500441554E+08, -3.563661452865990E+08,
2451221.777534722, A.D. 1999-Feb-12 06:39:39.0000,  4.854075221731437E+08, -3.933411103811944E+08, -3.564943163383725E+08,
2451222.777534722, A.D. 1999-Feb-13 06:39:39.0000,  4.860885570361081E+08, -3.923403223093075E+08, -3.566215371613030E+08,
2451223.777534722, A.D. 1999-Feb-14 06:39:39.0000,  4.867682969440781E+08, -3.913384883974594E+08, -3.567478073223547E+08,
2451224.777534722, A.D. 1999-Feb-15 06:39:39.0000,  4.874467399601360E+08, -3.903356112188784E+08, -3.568731263915661E+08,
2451225.777534722, A.D. 1999-Feb-16 06:39:39.0000,  4.881238841515822E+08, -3.893316933510597E+08, -3.569974939420610E+08,
2451226.777534722, A.D. 1999-Feb-17 06:39:39.0000,  4.887997275900270E+08, -3.883267373757573E+08, -3.571209095500600E+08,
2451227.777534722, A.D. 1999-Feb-18 06:39:39.0000,  4.894742683514927E+08, -3.873207458789636E+08, -3.572433727948903E+08,
2451228.777534722, A.D. 1999-Feb-19 06:39:39.0000,  4.901475045165252E+08, -3.863137214508669E+08, -3.573648832589968E+08,
2451229.777534722, A.D. 1999-Feb-20 06:39:39.0000,  4.908194341703095E+08, -3.853056666857889E+08, -3.574854405279500E+08,
2451230.777534722, A.D. 1999-Feb-21 06:39:39.0000,  4.914900554027869E+08, -3.842965841820918E+08, -3.576050441904522E+08,
2451231.777534722, A.D. 1999-Feb-22 06:39:39.0000,  4.921593663087639E+08, -3.832864765420572E+08, -3.577236938383416E+08,
2451232.777534722, A.D. 1999-Feb-23 06:39:39.0000,  4.928273649880058E+08, -3.822753463717327E+08, -3.578413890665898E+08,
2451233.777534722, A.D. 1999-Feb-24 06:39:39.0000,  4.934940495453037E+08, -3.812631962807504E+08, -3.579581294732984E+08,
2451234.777534722, A.D. 1999-Feb-25 06:39:39.0000,  4.941594180905049E+08, -3.802500288821213E+08, -3.580739146596863E+08,
2451235.777534722, A.D. 1999-Feb-26 06:39:39.0000,  4.948234687384998E+08, -3.792358467920148E+08, -3.581887442300742E+08,
2451236.777534722, A.D. 1999-Feb-27 06:39:39.0000,  4.954861996091534E+08, -3.782206526295402E+08, -3.583026177918638E+08,
2451237.777534722, A.D. 1999-Feb-28 06:39:39.0000,  4.961476088271881E+08, -3.772044490165406E+08, -3.584155349555125E+08,
2451238.777534722, A.D. 1999-Mar-01 06:39:39.0000,  4.968076945220151E+08, -3.761872385774203E+08, -3.585274953345076E+08,
2451239.777534722, A.D. 1999-Mar-02 06:39:39.0000,  4.974664548275276E+08, -3.751690239390159E+08, -3.586384985453395E+08,
2451240.777534722, A.D. 1999-Mar-03 06:39:39.0000,  4.981238878818701E+08, -3.741498077305257E+08, -3.587485442074770E+08,
2451241.777534722, A.D. 1999-Mar-04 06:39:39.0000,  4.987799918272002E+08, -3.731295925834996E+08, -3.588576319433492E+08,
2451242.777534722, A.D. 1999-Mar-05 06:39:39.0000,  4.994347648094647E+08, -3.721083811318870E+08, -3.589657613783306E+08,
2451243.777534722, A.D. 1999-Mar-06 06:39:39.0000,  5.000882049782011E+08, -3.710861760121351E+08, -3.590729321407341E+08,
2451244.777534722, A.D. 1999-Mar-07 06:39:39.0000,  5.007403104863800E+08, -3.700629798633288E+08, -3.591791438618108E+08,
2451245.777534722, A.D. 1999-Mar-08 06:39:39.0000,  5.013910794902925E+08, -3.690387953273510E+08, -3.592843961757558E+08,
2451246.777534722, A.D. 1999-Mar-09 06:39:39.0000,  5.020405101494861E+08, -3.680136250490555E+08, -3.593886887197194E+08,
2451247.777534722, A.D. 1999-Mar-10 06:39:39.0000,  5.026886006267436E+08, -3.669874716764323E+08, -3.594920211338216E+08,
2451248.777534722, A.D. 1999-Mar-11 06:39:39.0000,  5.033353490881002E+08, -3.659603378607619E+08, -3.595943930611684E+08,
2451249.777534722, A.D. 1999-Mar-12 06:39:39.0000,  5.039807537028891E+08, -3.649322262567494E+08, -3.596958041478709E+08,
2451250.777534722, A.D. 1999-Mar-13 06:39:39.0000,  5.046248126438094E+08, -3.639031395226316E+08, -3.597962540430619E+08,
2451251.777534722, A.D. 1999-Mar-14 06:39:39.0000,  5.052675240870062E+08, -3.628730803202622E+08, -3.598957423989136E+08,
2451252.777534722, A.D. 1999-Mar-15 06:39:39.0000,  5.059088862121558E+08, -3.618420513151712E+08, -3.599942688706535E+08,
2451253.777534722, A.D. 1999-Mar-16 06:39:39.0000,  5.065488972025549E+08, -3.608100551766047E+08, -3.600918331165771E+08,
2451254.777534722, A.D. 1999-Mar-17 06:39:39.0000,  5.071875552452038E+08, -3.597770945775445E+08, -3.601884347980614E+08,
2451255.777534722, A.D. 1999-Mar-18 06:39:39.0000,  5.078248585308853E+08, -3.587431721947143E+08, -3.602840735795743E+08,
2451256.777534722, A.D. 1999-Mar-19 06:39:39.0000,  5.084608052542366E+08, -3.577082907085737E+08, -3.603787491286838E+08,
2451257.777534722, A.D. 1999-Mar-20 06:39:39.0000,  5.090953936138135E+08, -3.566724528033024E+08, -3.604724611160650E+08,
2451258.777534722, A.D. 1999-Mar-21 06:39:39.0000,  5.097286218121461E+08, -3.556356611667798E+08, -3.605652092155067E+08,
2451259.777534722, A.D. 1999-Mar-22 06:39:39.0000,  5.103604880557877E+08, -3.545979184905579E+08, -3.606569931039152E+08,
2451260.777534722, A.D. 1999-Mar-23 06:39:39.0000,  5.109909905553564E+08, -3.535592274698340E+08, -3.607478124613194E+08,
2451261.777534722, A.D. 1999-Mar-24 06:39:39.0000,  5.116201275255698E+08, -3.525195908034195E+08, -3.608376669708736E+08,
2451262.777534722, A.D. 1999-Mar-25 06:39:39.0000,  5.122478971852751E+08, -3.514790111937096E+08, -3.609265563188605E+08,
2451263.777534722, A.D. 1999-Mar-26 06:39:39.0000,  5.128742977574744E+08, -3.504374913466532E+08, -3.610144801946930E+08,
2451264.777534722, A.D. 1999-Mar-27 06:39:39.0000,  5.134993274693443E+08, -3.493950339717225E+08, -3.611014382909166E+08,
2451265.777534722, A.D. 1999-Mar-28 06:39:39.0000,  5.141229845522538E+08, -3.483516417818845E+08, -3.611874303032107E+08,
2451266.777534722, A.D. 1999-Mar-29 06:39:39.0000,  5.147452672417780E+08, -3.473073174935731E+08, -3.612724559303905E+08,
2451267.777534722, A.D. 1999-Mar-30 06:39:39.0000,  5.153661737777102E+08, -3.462620638266627E+08, -3.613565148744075E+08,
2451268.777534722, A.D. 1999-Mar-31 06:39:39.0000,  5.159857024040711E+08, -3.452158835044435E+08, -3.614396068403515E+08,
2451269.777534722, A.D. 1999-Apr-01 06:39:39.0000,  5.166038513691170E+08, -3.441687792535976E+08, -3.615217315364513E+08,
2451270.777534722, A.D. 1999-Apr-02 06:39:39.0000,  5.172206189253461E+08, -3.431207538041763E+08, -3.616028886740759E+08,
2451271.777534722, A.D. 1999-Apr-03 06:39:39.0000,  5.178360033295040E+08, -3.420718098895798E+08, -3.616830779677355E+08,
2451272.777534722, A.D. 1999-Apr-04 06:39:39.0000,  5.184500028425881E+08, -3.410219502465364E+08, -3.617622991350823E+08,
2451273.777534722, A.D. 1999-Apr-05 06:39:39.0000,  5.190626157298511E+08, -3.399711776150846E+08, -3.618405518969120E+08,
2451274.777534722, A.D. 1999-Apr-06 06:39:39.0000,  5.196738402608047E+08, -3.389194947385551E+08, -3.619178359771647E+08,
2451275.777534722, A.D. 1999-Apr-07 06:39:39.0000,  5.202836747092210E+08, -3.378669043635539E+08, -3.619941511029253E+08,
2451276.777534722, A.D. 1999-Apr-08 06:39:39.0000,  5.208921173531362E+08, -3.368134092399472E+08, -3.620694970044256E+08,
2451277.777534722, A.D. 1999-Apr-09 06:39:39.0000,  5.214991664748511E+08, -3.357590121208462E+08, -3.621438734150450E+08,
2451278.777534722, A.D. 1999-Apr-10 06:39:39.0000,  5.221048203609337E+08, -3.347037157625929E+08, -3.622172800713105E+08,
2451279.777534722, A.D. 1999-Apr-11 06:39:39.0000,  5.227090773022198E+08, -3.336475229247479E+08, -3.622897167128998E+08,
2451280.777534722, A.D. 1999-Apr-12 06:39:39.0000,  5.233119355938147E+08, -3.325904363700765E+08, -3.623611830826408E+08,
2451281.777534722, A.D. 1999-Apr-13 06:39:39.0000,  5.239133935350944E+08, -3.315324588645387E+08, -3.624316789265136E+08,
2451282.777534722, A.D. 1999-Apr-14 06:39:39.0000,  5.245134494297062E+08, -3.304735931772767E+08, -3.625012039936510E+08,
2451283.777534722, A.D. 1999-Apr-15 06:39:39.0000,  5.251121015855697E+08, -3.294138420806054E+08, -3.625697580363405E+08,
2451284.777534722, A.D. 1999-Apr-16 06:39:39.0000,  5.257093483148777E+08, -3.283532083500026E+08, -3.626373408100247E+08,
2451285.777534722, A.D. 1999-Apr-17 06:39:39.0000,  5.263051879340969E+08, -3.272916947640998E+08, -3.627039520733032E+08,
2451286.777534722, A.D. 1999-Apr-18 06:39:39.0000,  5.268996187639684E+08, -3.262293041046742E+08, -3.627695915879333E+08,
2451287.777534722, A.D. 1999-Apr-19 06:39:39.0000,  5.274926391295086E+08, -3.251660391566408E+08, -3.628342591188315E+08,
2451288.777534722, A.D. 1999-Apr-20 06:39:39.0000,  5.280842473600096E+08, -3.241019027080455E+08, -3.628979544340749E+08,
2451289.777534722, A.D. 1999-Apr-21 06:39:39.0000,  5.286744417890397E+08, -3.230368975500592E+08, -3.629606773049021E+08,
2451290.777534722, A.D. 1999-Apr-22 06:39:39.0000,  5.292632207544444E+08, -3.219710264769725E+08, -3.630224275057154E+08,
2451291.777534722, A.D. 1999-Apr-23 06:39:39.0000,  5.298505825983465E+08, -3.209042922861904E+08, -3.630832048140812E+08,
2451292.777534722, A.D. 1999-Apr-24 06:39:39.0000,  5.304365256671470E+08, -3.198366977782298E+08, -3.631430090107322E+08,
2451293.777534722, A.D. 1999-Apr-25 06:39:39.0000,  5.310210483115257E+08, -3.187682457567159E+08, -3.632018398795685E+08,
2451294.777534722, A.D. 1999-Apr-26 06:39:39.0000,  5.316041488864425E+08, -3.176989390283813E+08, -3.632596972076597E+08,
2451295.777534722, A.D. 1999-Apr-27 06:39:39.0000,  5.321858257511379E+08, -3.166287804030657E+08, -3.633165807852455E+08,
2451296.777534722, A.D. 1999-Apr-28 06:39:39.0000,  5.327660772691353E+08, -3.155577726937158E+08, -3.633724904057392E+08,
2451297.777534722, A.D. 1999-Apr-29 06:39:39.0000,  5.333449018082418E+08, -3.144859187163888E+08, -3.634274258657279E+08,
2451298.777534722, A.D. 1999-Apr-30 06:39:39.0000,  5.339222977405516E+08, -3.134132212902563E+08, -3.634813869649758E+08,
2451299.777534722, A.D. 1999-May-01 06:39:39.0000,  5.344982634424487E+08, -3.123396832376088E+08, -3.635343735064255E+08,
2451300.777534722, A.D. 1999-May-02 06:39:39.0000,  5.350727972946118E+08, -3.112653073838643E+08, -3.635863852962016E+08,
2451301.777534722, A.D. 1999-May-03 06:39:39.0000,  5.356458976820195E+08, -3.101900965575772E+08, -3.636374221436122E+08,
2451302.777534722, A.D. 1999-May-04 06:39:39.0000,  5.362175629939582E+08, -3.091140535904498E+08, -3.636874838611532E+08,
2451303.777534722, A.D. 1999-May-05 06:39:39.0000,  5.367877916240311E+08, -3.080371813173460E+08, -3.637365702645104E+08,
2451304.777534722, A.D. 1999-May-06 06:39:39.0000,  5.373565819701723E+08, -3.069594825763081E+08, -3.637846811725650E+08,
2451305.777534722, A.D. 1999-May-07 06:39:39.0000,  5.379239324346601E+08, -3.058809602085742E+08, -3.638318164073961E+08,
2451306.777534722, A.D. 1999-May-08 06:39:39.0000,  5.384898414241400E+08, -3.048016170585988E+08, -3.638779757942865E+08,
2451307.777534722, A.D. 1999-May-09 06:39:39.0000,  5.390543073496486E+08, -3.037214559740753E+08, -3.639231591617283E+08,
2451308.777534722, A.D. 1999-May-10 06:39:39.0000,  5.396173286266460E+08, -3.026404798059593E+08, -3.639673663414285E+08,
2451309.777534722, A.D. 1999-May-11 06:39:39.0000,  5.401789036750550E+08, -3.015586914084925E+08, -3.640105971683157E+08,
2451310.777534722, A.D. 1999-May-12 06:39:39.0000,  5.407390309193089E+08, -3.004760936392269E+08, -3.640528514805493E+08,
2451311.777534722, A.D. 1999-May-13 06:39:39.0000,  5.412977087884091E+08, -2.993926893590440E+08, -3.640941291195247E+08,
2451312.777534722, A.D. 1999-May-14 06:39:39.0000,  5.418549357159940E+08, -2.983084814321725E+08, -3.641344299298846E+08,
2451313.777534722, A.D. 1999-May-15 06:39:39.0000,  5.424107101404185E+08, -2.972234727261975E+08, -3.641737537595274E+08,
2451314.777534722, A.D. 1999-May-16 06:39:39.0000,  5.429650305048468E+08, -2.961376661120585E+08, -3.642121004596165E+08,
2451315.777534722, A.D. 1999-May-17 06:39:39.0000,  5.435178952573531E+08, -2.950510644640325E+08, -3.642494698845893E+08,
2451316.777534722, A.D. 1999-May-18 06:39:39.0000,  5.440693028510342E+08, -2.939636706597007E+08, -3.642858618921659E+08,
2451317.777534722, A.D. 1999-May-19 06:39:39.0000,  5.446192517441268E+08, -2.928754875798872E+08, -3.643212763433564E+08,
2451318.777534722, A.D. 1999-May-20 06:39:39.0000,  5.451677404001236E+08, -2.917865181085731E+08, -3.643557131024650E+08,
2451319.777534722, A.D. 1999-May-21 06:39:39.0000,  5.457147672878836E+08, -2.906967651327803E+08, -3.643891720370918E+08,
2451320.777534722, A.D. 1999-May-22 06:39:39.0000,  5.462603308817258E+08, -2.896062315424229E+08, -3.644216530181302E+08,
2451321.777534722, A.D. 1999-May-23 06:39:39.0000,  5.468044296614974E+08, -2.885149202301300E+08, -3.644531559197602E+08,
2451322.777534722, A.D. 1999-May-24 06:39:39.0000,  5.473470621126028E+08, -2.874228340910445E+08, -3.644836806194337E+08,
2451323.777534722, A.D. 1999-May-25 06:39:39.0000,  5.478882267259924E+08, -2.863299760226104E+08, -3.645132269978601E+08,
2451324.777534722, A.D. 1999-May-26 06:39:39.0000,  5.484279219980943E+08, -2.852363489243575E+08, -3.645417949389809E+08,
2451325.777534722, A.D. 1999-May-27 06:39:39.0000,  5.489661464306971E+08, -2.841419556977024E+08, -3.645693843299446E+08,
2451326.777534722, A.D. 1999-May-28 06:39:39.0000,  5.495028985307833E+08, -2.830467992457817E+08, -3.645959950610781E+08,
2451327.777534722, A.D. 1999-May-29 06:39:39.0000,  5.500381768103231E+08, -2.819508824733304E+08, -3.646216270258595E+08,
2451328.777534722, A.D. 1999-May-30 06:39:39.0000,  5.505719797860467E+08, -2.808542082866182E+08, -3.646462801208923E+08,
2451329.777534722, A.D. 1999-May-31 06:39:39.0000,  5.511043059792106E+08, -2.797567795934448E+08, -3.646699542458843E+08,
2451330.777534722, A.D. 1999-Jun-01 06:39:39.0000,  5.516351539153754E+08, -2.786585993031948E+08, -3.646926493036331E+08,
2451331.777534722, A.D. 1999-Jun-02 06:39:39.0000,  5.521645221242131E+08, -2.775596703269435E+08, -3.647143652000172E+08,
2451332.777534722, A.D. 1999-Jun-03 06:39:39.0000,  5.526924091393545E+08, -2.764599955775996E+08, -3.647351018439951E+08,
2451333.777534722, A.D. 1999-Jun-04 06:39:39.0000,  5.532188134982823E+08, -2.753595779700718E+08, -3.647548591476091E+08,
2451334.777534722, A.D. 1999-Jun-05 06:39:39.0000,  5.537437337422719E+08, -2.742584204214443E+08, -3.647736370259957E+08,
2451335.777534722, A.D. 1999-Jun-06 06:39:39.0000,  5.542671684163764E+08, -2.731565258511475E+08, -3.647914353973987E+08,
2451336.777534722, A.D. 1999-Jun-07 06:39:39.0000,  5.547891160694482E+08, -2.720538971811147E+08, -3.648082541831843E+08,
2451337.777534722, A.D. 1999-Jun-08 06:39:39.0000,  5.553095752541920E+08, -2.709505373359172E+08, -3.648240933078580E+08,
2451338.777534722, A.D. 1999-Jun-09 06:39:39.0000,  5.558285445272356E+08, -2.698464492428768E+08, -3.648389526990816E+08,
2451339.777534722, A.D. 1999-Jun-10 06:39:39.0000,  5.563460224492166E+08, -2.687416358321511E+08, -3.648528322876874E+08,
2451340.777534722, A.D. 1999-Jun-11 06:39:39.0000,  5.568620075848733E+08, -2.676361000367966E+08, -3.648657320076938E+08,
2451341.777534722, A.D. 1999-Jun-12 06:39:39.0000,  5.573764985031376E+08, -2.665298447928092E+08, -3.648776517963168E+08,
2451342.777534722, A.D. 1999-Jun-13 06:39:39.0000,  5.578894937772242E+08, -2.654228730391462E+08, -3.648885915939810E+08,
2451343.777534722, A.D. 1999-Jun-14 06:39:39.0000,  5.584009919847152E+08, -2.643151877177352E+08, -3.648985513443292E+08,
2451344.777534722, A.D. 1999-Jun-15 06:39:39.0000,  5.589109917076371E+08, -2.632067917734682E+08, -3.649075309942283E+08,
2451345.777534722, A.D. 1999-Jun-16 06:39:39.0000,  5.594194915325298E+08, -2.620976881541887E+08, -3.649155304937764E+08,
2451346.777534722, A.D. 1999-Jun-17 06:39:39.0000,  5.599264900505091E+08, -2.609878798106719E+08, -3.649225497963073E+08,
2451347.777534722, A.D. 1999-Jun-18 06:39:39.0000,  5.604319858573204E+08, -2.598773696965993E+08, -3.649285888583930E+08,
2451348.777534722, A.D. 1999-Jun-19 06:39:39.0000,  5.609359775533866E+08, -2.587661607685320E+08, -3.649336476398478E+08,
2451349.777534722, A.D. 1999-Jun-20 06:39:39.0000,  5.614384637438483E+08, -2.576542559858805E+08, -3.649377261037292E+08,
2451350.777534722, A.D. 1999-Jun-21 06:39:39.0000,  5.619394430386012E+08, -2.565416583108752E+08, -3.649408242163396E+08,
2451351.777534722, A.D. 1999-Jun-22 06:39:39.0000,  5.624389140523250E+08, -2.554283707085361E+08, -3.649429419472272E+08,
2451352.777534722, A.D. 1999-Jun-23 06:39:39.0000,  5.629368754045124E+08, -2.543143961466432E+08, -3.649440792691867E+08,
2451353.777534722, A.D. 1999-Jun-24 06:39:39.0000,  5.634333257194908E+08, -2.531997375957073E+08, -3.649442361582592E+08,
2451354.777534722, A.D. 1999-Jun-25 06:39:39.0000,  5.639282636264436E+08, -2.520843980289424E+08, -3.649434125937326E+08,
2451355.777534722, A.D. 1999-Jun-26 06:39:39.0000,  5.644216877594284E+08, -2.509683804222382E+08, -3.649416085581417E+08,
2451356.777534722, A.D. 1999-Jun-27 06:39:39.0000,  5.649135967573926E+08, -2.498516877541345E+08, -3.649388240372673E+08,
2451357.777534722, A.D. 1999-Jun-28 06:39:39.0000,  5.654039892641883E+08, -2.487343230057966E+08, -3.649350590201371E+08,
2451358.777534722, A.D. 1999-Jun-29 06:39:39.0000,  5.658928639285849E+08, -2.476162891609911E+08, -3.649303134990241E+08,
2451359.777534722, A.D. 1999-Jun-30 06:39:39.0000,  5.663802194042813E+08, -2.464975892060638E+08, -3.649245874694473E+08,
2451360.777534722, A.D. 1999-Jul-01 06:39:39.0000,  5.668660543499166E+08, -2.453782261299175E+08, -3.649178809301712E+08,
2451361.777534722, A.D. 1999-Jul-02 06:39:39.0000,  5.673503674290806E+08, -2.442582029239913E+08, -3.649101938832049E+08,
2451362.777534722, A.D. 1999-Jul-03 06:39:39.0000,  5.678331573103234E+08, -2.431375225822406E+08, -3.649015263338025E+08,
2451363.777534722, A.D. 1999-Jul-04 06:39:39.0000,  5.683144226671643E+08, -2.420161881011181E+08, -3.648918782904622E+08,
2451364.777534722, A.D. 1999-Jul-05 06:39:39.0000,  5.687941621781003E+08, -2.408942024795545E+08, -3.648812497649260E+08,
2451365.777534722, A.D. 1999-Jul-06 06:39:39.0000,  5.692723745266154E+08, -2.397715687189417E+08, -3.648696407721803E+08,
2451366.777534722, A.D. 1999-Jul-07 06:39:39.0000,  5.697490584011871E+08, -2.386482898231142E+08, -3.648570513304541E+08,
2451367.777534722, A.D. 1999-Jul-08 06:39:39.0000,  5.702242124952949E+08, -2.375243687983333E+08, -3.648434814612201E+08,
2451368.777534722, A.D. 1999-Jul-09 06:39:39.0000,  5.706978355074288E+08, -2.363998086532702E+08, -3.648289311891935E+08,
2451369.777534722, A.D. 1999-Jul-10 06:39:39.0000,  5.711699261410944E+08, -2.352746123989906E+08, -3.648134005423324E+08,
2451370.777534722, A.D. 1999-Jul-11 06:39:39.0000,  5.716404831048223E+08, -2.341487830489389E+08, -3.647968895518367E+08,
2451371.777534722, A.D. 1999-Jul-12 06:39:39.0000,  5.721095051121734E+08, -2.330223236189238E+08, -3.647793982521489E+08,
2451372.777534722, A.D. 1999-Jul-13 06:39:39.0000,  5.725769908817465E+08, -2.318952371271034E+08, -3.647609266809534E+08,
2451373.777534722, A.D. 1999-Jul-14 06:39:39.0000,  5.730429391371847E+08, -2.307675265939714E+08, -3.647414748791759E+08,
2451374.777534722, A.D. 1999-Jul-15 06:39:39.0000,  5.735073486071818E+08, -2.296391950423434E+08, -3.647210428909839E+08,
2451375.777534722, A.D. 1999-Jul-16 06:39:39.0000,  5.739702180254886E+08, -2.285102454973437E+08, -3.646996307637861E+08,
2451376.777534722, A.D. 1999-Jul-17 06:39:39.0000,  5.744315461309192E+08, -2.273806809863932E+08, -3.646772385482323E+08,
2451377.777534722, A.D. 1999-Jul-18 06:39:39.0000,  5.748913316673570E+08, -2.262505045391963E+08, -3.646538662982135E+08,
2451378.777534722, A.D. 1999-Jul-19 06:39:39.0000,  5.753495733837600E+08, -2.251197191877303E+08, -3.646295140708614E+08,
2451379.777534722, A.D. 1999-Jul-20 06:39:39.0000,  5.758062700341674E+08, -2.239883279662343E+08, -3.646041819265486E+08,
2451380.777534722, A.D. 1999-Jul-21 06:39:39.0000,  5.762614203777049E+08, -2.228563339111989E+08, -3.645778699288886E+08,
2451381.777534722, A.D. 1999-Jul-22 06:39:39.0000,  5.767150231785898E+08, -2.217237400613568E+08, -3.645505781447356E+08,
2451382.777534722, A.D. 1999-Jul-23 06:39:39.0000,  5.771670772061379E+08, -2.205905494576745E+08, -3.645223066441849E+08,
2451383.777534722, A.D. 1999-Jul-24 06:39:39.0000,  5.776175812347678E+08, -2.194567651433449E+08, -3.644930555005730E+08,
2451384.777534722, A.D. 1999-Jul-25 06:39:39.0000,  5.780665340440078E+08, -2.183223901637806E+08, -3.644628247904775E+08,
2451385.777534722, A.D. 1999-Jul-26 06:39:39.0000,  5.785139344185013E+08, -2.171874275666090E+08, -3.644316145937180E+08,
2451386.777534722, A.D. 1999-Jul-27 06:39:39.0000,  5.789597811480137E+08, -2.160518804016686E+08, -3.643994249933562E+08,
2451387.777534722, A.D. 1999-Jul-28 06:39:39.0000,  5.794040730274398E+08, -2.149157517210070E+08, -3.643662560756971E+08,
2451388.777534722, A.D. 1999-Jul-29 06:39:39.0000,  5.798468088568116E+08, -2.137790445788797E+08, -3.643321079302896E+08,
2451389.777534722, A.D. 1999-Jul-30 06:39:39.0000,  5.802879874413073E+08, -2.126417620317523E+08, -3.642969806499275E+08,
2451390.777534722, A.D. 1999-Jul-31 06:39:39.0000,  5.807276075912631E+08, -2.115039071383033E+08, -3.642608743306516E+08,
2451391.777534722, A.D. 1999-Aug-01 06:39:39.0000,  5.811656681221844E+08, -2.103654829594297E+08, -3.642237890717511E+08,
2451392.777534722, A.D. 1999-Aug-02 06:39:39.0000,  5.816021678547635E+08, -2.092264925582544E+08, -3.641857249757655E+08,
2451393.777534722, A.D. 1999-Aug-03 06:39:39.0000,  5.820371056148965E+08, -2.080869390001358E+08, -3.641466821484879E+08,
2451394.777534722, A.D. 1999-Aug-04 06:39:39.0000,  5.824704802337070E+08, -2.069468253526798E+08, -3.641066606989679E+08,
2451395.777534722, A.D. 1999-Aug-05 06:39:39.0000,  5.829022905475744E+08, -2.058061546857527E+08, -3.640656607395159E+08,
2451396.777534722, A.D. 1999-Aug-06 06:39:39.0000,  5.833325353981675E+08, -2.046649300714961E+08, -3.640236823857070E+08,
2451397.777534722, A.D. 1999-Aug-07 06:39:39.0000,  5.837612136324861E+08, -2.035231545843408E+08, -3.639807257563860E+08,
2451398.777534722, A.D. 1999-Aug-08 06:39:39.0000,  5.841883241029109E+08, -2.023808313010223E+08, -3.639367909736741E+08,
2451399.777534722, A.D. 1999-Aug-09 06:39:39.0000,  5.846138656672624E+08, -2.012379633005910E+08, -3.638918781629749E+08,
2451400.777534722, A.D. 1999-Aug-10 06:39:39.0000,  5.850378371888721E+08, -2.000945536644196E+08, -3.638459874529812E+08,
2451401.777534722, A.D. 1999-Aug-11 06:39:39.0000,  5.854602375366625E+08, -1.989506054762022E+08, -3.637991189756830E+08,
2451402.777534722, A.D. 1999-Aug-12 06:39:39.0000,  5.858810655852407E+08, -1.978061218219434E+08, -3.637512728663754E+08,
2451403.777534722, A.D. 1999-Aug-13 06:39:39.0000,  5.863003202150021E+08, -1.966611057899307E+08, -3.637024492636653E+08,
2451404.777534722, A.D. 1999-Aug-14 06:39:39.0000,  5.867180003122406E+08, -1.955155604706905E+08, -3.636526483094777E+08,
2451405.777534722, A.D. 1999-Aug-15 06:39:39.0000,  5.871341047692682E+08, -1.943694889569165E+08, -3.636018701490627E+08,
2451406.777534722, A.D. 1999-Aug-16 06:39:39.0000,  5.875486324845297E+08, -1.932228943433739E+08, -3.635501149309963E+08,
2451407.777534722, A.D. 1999-Aug-17 06:39:39.0000,  5.879615823627130E+08, -1.920757797267713E+08, -3.634973828071809E+08,
2451408.777534722, A.D. 1999-Aug-18 06:39:39.0000,  5.883729533148410E+08, -1.909281482056017E+08, -3.634436739328413E+08,
2451409.777534722, A.D. 1999-Aug-19 06:39:39.0000,  5.887827442583373E+08, -1.897800028799548E+08, -3.633889884665138E+08,
2451410.777534722, A.D. 1999-Aug-20 06:39:39.0000,  5.891909541170552E+08, -1.886313468513060E+08, -3.633333265700331E+08,
2451411.777534722, A.D. 1999-Aug-21 06:39:39.0000,  5.895975818212615E+08, -1.874821832222916E+08, -3.632766884085126E+08,
2451412.777534722, A.D. 1999-Aug-22 06:39:39.0000,  5.900026263075660E+08, -1.863325150964851E+08, -3.632190741503183E+08,
2451413.777534722, A.D. 1999-Aug-23 06:39:39.0000,  5.904060865188007E+08, -1.851823455781895E+08, -3.631604839670417E+08,
2451414.777534722, A.D. 1999-Aug-24 06:39:39.0000,  5.908079614038500E+08, -1.840316777722602E+08, -3.631009180334697E+08,
2451415.777534722, A.D. 1999-Aug-25 06:39:39.0000,  5.912082499174416E+08, -1.828805147839753E+08, -3.630403765275540E+08,
2451416.777534722, A.D. 1999-Aug-26 06:39:39.0000,  5.916069510199161E+08, -1.817288597189648E+08, -3.629788596303852E+08,
2451417.777534722, A.D. 1999-Aug-27 06:39:39.0000,  5.920040636769892E+08, -1.805767156831969E+08, -3.629163675261692E+08,
2451418.777534722, A.D. 1999-Aug-28 06:39:39.0000,  5.923995868595289E+08, -1.794240857830250E+08, -3.628529004022103E+08,
2451419.777534722, A.D. 1999-Aug-29 06:39:39.0000,  5.927935195433609E+08, -1.782709731252837E+08, -3.627884584489018E+08,
2451420.777534722, A.D. 1999-Aug-30 06:39:39.0000,  5.931858607091125E+08, -1.771173808174233E+08, -3.627230418597218E+08,
2451421.777534722, A.D. 1999-Aug-31 06:39:39.0000,  5.935766093421038E+08, -1.759633119676680E+08, -3.626566508312365E+08,
2451422.777534722, A.D. 1999-Sep-01 06:39:39.0000,  5.939657644322869E+08, -1.748087696851804E+08, -3.625892855631077E+08,
2451423.777534722, A.D. 1999-Sep-02 06:39:39.0000,  5.943533249742273E+08, -1.736537570802219E+08, -3.625209462581041E+08,
2451424.777534722, A.D. 1999-Sep-03 06:39:39.0000,  5.947392899671230E+08, -1.724982772642998E+08, -3.624516331221156E+08,
2451425.777534722, A.D. 1999-Sep-04 06:39:39.0000,  5.951236584148521E+08, -1.713423333502930E+08, -3.623813463641664E+08,
2451426.777534722, A.D. 1999-Sep-05 06:39:39.0000,  5.955064293260413E+08, -1.701859284525517E+08, -3.623100861964303E+08,
2451427.777534722, A.D. 1999-Sep-06 06:39:39.0000,  5.958876017141471E+08, -1.690290656869745E+08, -3.622378528342438E+08,
2451428.777534722, A.D. 1999-Sep-07 06:39:39.0000,  5.962671745975410E+08, -1.678717481710605E+08, -3.621646464961183E+08,
2451429.777534722, A.D. 1999-Sep-08 06:39:39.0000,  5.966451469995980E+08, -1.667139790239401E+08, -3.620904674037503E+08,
2451430.777534722, A.D. 1999-Sep-09 06:39:39.0000,  5.970215179487802E+08, -1.655557613663873E+08, -3.620153157820297E+08,
2451431.777534722, A.D. 1999-Sep-10 06:39:39.0000,  5.973962864787142E+08, -1.643970983208182E+08, -3.619391918590469E+08,
2451432.777534722, A.D. 1999-Sep-11 06:39:39.0000,  5.977694516282632E+08, -1.632379930112769E+08, -3.618620958660974E+08,
2451433.777534722, A.D. 1999-Sep-12 06:39:39.0000,  5.981410124415890E+08, -1.620784485634124E+08, -3.617840280376861E+08,
2451434.777534722, A.D. 1999-Sep-13 06:39:39.0000,  5.985109679682078E+08, -1.609184681044497E+08, -3.617049886115291E+08,
2451435.777534722, A.D. 1999-Sep-14 06:39:39.0000,  5.988793172630376E+08, -1.597580547631561E+08, -3.616249778285553E+08,
2451436.777534722, A.D. 1999-Sep-15 06:39:39.0000,  5.992460593864381E+08, -1.585972116698048E+08, -3.615439959329066E+08,
2451437.777534722, A.D. 1999-Sep-16 06:39:39.0000,  5.996111934042455E+08, -1.574359419561366E+08, -3.614620431719378E+08,
2451438.777534722, A.D. 1999-Sep-17 06:39:39.0000,  5.999747183878006E+08, -1.562742487553219E+08, -3.613791197962157E+08,
2451439.777534722, A.D. 1999-Sep-18 06:39:39.0000,  6.003366334139718E+08, -1.551121352019216E+08, -3.612952260595172E+08,
2451440.777534722, A.D. 1999-Sep-19 06:39:39.0000,  6.006969375651751E+08, -1.539496044318494E+08, -3.612103622188284E+08,
2451441.777534722, A.D. 1999-Sep-20 06:39:39.0000,  6.010556299293891E+08, -1.527866595823345E+08, -3.611245285343422E+08,
2451442.777534722, A.D. 1999-Sep-21 06:39:39.0000,  6.014127096001683E+08, -1.516233037918858E+08, -3.610377252694557E+08,
2451443.777534722, A.D. 1999-Sep-22 06:39:39.0000,  6.017681756766521E+08, -1.504595402002565E+08, -3.609499526907685E+08,
2451444.777534722, A.D. 1999-Sep-23 06:39:39.0000,  6.021220272635727E+08, -1.492953719484112E+08, -3.608612110680800E+08,
2451445.777534722, A.D. 1999-Sep-24 06:39:39.0000,  6.024742634712621E+08, -1.481308021784928E+08, -3.607715006743867E+08,
2451446.777534722, A.D. 1999-Sep-25 06:39:39.0000,  6.028248834156553E+08, -1.469658340337916E+08, -3.606808217858796E+08,
2451447.777534722, A.D. 1999-Sep-26 06:39:39.0000,  6.031738862182935E+08, -1.458004706587155E+08, -3.605891746819416E+08,
2451448.777534722, A.D. 1999-Sep-27 06:39:39.0000,  6.035212710063270E+08, -1.446347151987605E+08, -3.604965596451450E+08,
2451449.777534722, A.D. 1999-Sep-28 06:39:39.0000,  6.038670369125158E+08, -1.434685708004832E+08, -3.604029769612486E+08,
2451450.777534722, A.D. 1999-Sep-29 06:39:39.0000,  6.042111830752293E+08, -1.423020406114740E+08, -3.603084269191952E+08,
2451451.777534722, A.D. 1999-Sep-30 06:39:39.0000,  6.045537086384474E+08, -1.411351277803306E+08, -3.602129098111086E+08,
2451452.777534722, A.D. 1999-Oct-01 06:39:39.0000,  6.048946127517581E+08, -1.399678354566334E+08, -3.601164259322912E+08,
2451453.777534722, A.D. 1999-Oct-02 06:39:39.0000,  6.052338945703574E+08, -1.388001667909208E+08, -3.600189755812213E+08,
2451454.777534722, A.D. 1999-Oct-03 06:39:39.0000,  6.055715532550467E+08, -1.376321249346656E+08, -3.599205590595501E+08,
2451455.777534722, A.D. 1999-Oct-04 06:39:39.0000,  6.059075879722303E+08, -1.364637130402525E+08, -3.598211766720998E+08,
2451456.777534722, A.D. 1999-Oct-05 06:39:39.0000,  6.062419978939141E+08, -1.352949342609552E+08, -3.597208287268599E+08,
2451457.777534722, A.D. 1999-Oct-06 06:39:39.0000,  6.065747821977009E+08, -1.341257917509158E+08, -3.596195155349855E+08,
2451458.777534722, A.D. 1999-Oct-07 06:39:39.0000,  6.069059400667887E+08, -1.329562886651230E+08, -3.595172374107939E+08,
2451459.777534722, A.D. 1999-Oct-08 06:39:39.0000,  6.072354706899664E+08, -1.317864281593922E+08, -3.594139946717628E+08,
2451460.777534722, A.D. 1999-Oct-09 06:39:39.0000,  6.075633732616096E+08, -1.306162133903460E+08, -3.593097876385265E+08,
2451461.777534722, A.D. 1999-Oct-10 06:39:39.0000,  6.078896469816771E+08, -1.294456475153951E+08, -3.592046166348751E+08,
2451462.777534722, A.D. 1999-Oct-11 06:39:39.0000,  6.082142910557061E+08, -1.282747336927196E+08, -3.590984819877494E+08,
2451463.777534722, A.D. 1999-Oct-12 06:39:39.0000,  6.085373046948086E+08, -1.271034750812515E+08, -3.589913840272409E+08,
2451464.777534722, A.D. 1999-Oct-13 06:39:39.0000,  6.088586871156641E+08, -1.259318748406581E+08, -3.588833230865876E+08,
2451465.777534722, A.D. 1999-Oct-14 06:39:39.0000,  6.091784375405169E+08, -1.247599361313248E+08, -3.587742995021719E+08,
2451466.777534722, A.D. 1999-Oct-15 06:39:39.0000,  6.094965551971693E+08, -1.235876621143405E+08, -3.586643136135179E+08,
2451467.777534722, A.D. 1999-Oct-16 06:39:39.0000,  6.098130393189762E+08, -1.224150559514827E+08, -3.585533657632896E+08,
2451468.777534722, A.D. 1999-Oct-17 06:39:39.0000,  6.101278891448398E+08, -1.212421208052035E+08, -3.584414562972877E+08,
2451469.777534722, A.D. 1999-Oct-18 06:39:39.0000,  6.104411039192029E+08, -1.200688598386172E+08, -3.583285855644474E+08,
2451470.777534722, A.D. 1999-Oct-19 06:39:39.0000,  6.107526828920437E+08, -1.188952762154888E+08, -3.582147539168364E+08,
2451471.777534722, A.D. 1999-Oct-20 06:39:39.0000,  6.110626253188690E+08, -1.177213731002233E+08, -3.580999617096525E+08,
2451472.777534722, A.D. 1999-Oct-21 06:39:39.0000,  6.113709304607091E+08, -1.165471536578568E+08, -3.579842093012212E+08,
2451473.777534722, A.D. 1999-Oct-22 06:39:39.0000,  6.116775975841113E+08, -1.153726210540493E+08, -3.578674970529940E+08,
2451474.777534722, A.D. 1999-Oct-23 06:39:39.0000,  6.119826259611353E+08, -1.141977784550782E+08, -3.577498253295463E+08,
2451475.777534722, A.D. 1999-Oct-24 06:39:39.0000,  6.122860148693479E+08, -1.130226290278345E+08, -3.576311944985763E+08,
2451476.777534722, A.D. 1999-Oct-25 06:39:39.0000,  6.125877635918194E+08, -1.118471759398205E+08, -3.575116049309025E+08,
2451477.777534722, A.D. 1999-Oct-26 06:39:39.0000,  6.128878714171213E+08, -1.106714223591497E+08, -3.573910570004636E+08,
2451478.777534722, A.D. 1999-Oct-27 06:39:39.0000,  6.131863376393231E+08, -1.094953714545486E+08, -3.572695510843166E+08,
2451479.777534722, A.D. 1999-Oct-28 06:39:39.0000,  6.134831615579970E+08, -1.083190263953616E+08, -3.571470875626373E+08,
2451480.777534722, A.D. 1999-Oct-29 06:39:39.0000,  6.137783424782166E+08, -1.071423903515571E+08, -3.570236668187192E+08,
2451481.777534722, A.D. 1999-Oct-30 06:39:39.0000,  6.140718797105677E+08, -1.059654664937371E+08, -3.568992892389740E+08,
2451482.777534722, A.D. 1999-Oct-31 06:39:39.0000,  6.143637725711563E+08, -1.047882579931484E+08, -3.567739552129332E+08,
2451483.777534722, A.D. 1999-Nov-01 06:39:39.0000,  6.146540203816267E+08, -1.036107680216959E+08, -3.566476651332484E+08,
2451484.777534722, A.D. 1999-Nov-02 06:39:39.0000,  6.149426224691818E+08, -1.024329997519572E+08, -3.565204193956949E+08,
2451485.777534722, A.D. 1999-Nov-03 06:39:39.0000,  6.152295781666142E+08, -1.012549563571974E+08, -3.563922183991730E+08,
2451486.777534722, A.D. 1999-Nov-04 06:39:39.0000,  6.155148868123426E+08, -1.000766410113845E+08, -3.562630625457124E+08,
2451487.777534722, A.D. 1999-Nov-05 06:39:39.0000,  6.157985477504606E+08, -9.889805688920106E+07, -3.561329522404765E+08,
2451488.777534722, A.D. 1999-Nov-06 06:39:39.0000,  6.160805603307940E+08, -9.771920716605210E+07, -3.560018878917668E+08,
2451489.777534722, A.D. 1999-Nov-07 06:39:39.0000,  6.163609239089705E+08, -9.654009501806560E+07, -3.558698699110280E+08,
2451490.777534722, A.D. 1999-Nov-08 06:39:39.0000,  6.166396378465018E+08, -9.536072362208226E+07, -3.557368987128536E+08,
2451491.777534722, A.D. 1999-Nov-09 06:39:39.0000,  6.169167015108736E+08, -9.418109615563023E+07, -3.556029747149911E+08,
2451492.777534722, A.D. 1999-Nov-10 06:39:39.0000,  6.171921142756464E+08, -9.300121579688099E+07, -3.554680983383461E+08,
2451493.777534722, A.D. 1999-Nov-11 06:39:39.0000,  6.174658755205617E+08, -9.182108572458127E+07, -3.553322700069848E+08,
2451494.777534722, A.D. 1999-Nov-12 06:39:39.0000,  6.177379846316448E+08, -9.064070911795776E+07, -3.551954901481351E+08,
2451495.777534722, A.D. 1999-Nov-13 06:39:39.0000,  6.180084410013030E+08, -8.946008915659100E+07, -3.550577591921831E+08,
2451496.777534722, A.D. 1999-Nov-14 06:39:39.0000,  6.182772440284052E+08, -8.827922902025881E+07, -3.549190775726670E+08,
2451497.777534722, A.D. 1999-Nov-15 06:39:39.0000,  6.185443931183357E+08, -8.709813188875100E+07, -3.547794457262649E+08,
2451498.777534722, A.D. 1999-Nov-16 06:39:39.0000,  6.188098876830099E+08, -8.591680094166118E+07, -3.546388640927777E+08,
2451499.777534722, A.D. 1999-Nov-17 06:39:39.0000,  6.190737271408428E+08, -8.473523935816598E+07, -3.544973331151072E+08,
2451500.777534722, A.D. 1999-Nov-18 06:39:39.0000,  6.193359109166690E+08, -8.355345031680563E+07, -3.543548532392292E+08,
2451501.777534722, A.D. 1999-Nov-19 06:39:39.0000,  6.195964384416066E+08, -8.237143699528041E+07, -3.542114249141624E+08,
2451502.777534722, A.D. 1999-Nov-20 06:39:39.0000,  6.198553091528764E+08, -8.118920257028049E+07, -3.540670485919368E+08,
2451503.777534722, A.D. 1999-Nov-21 06:39:39.0000,  6.201125224935791E+08, -8.000675021736294E+07, -3.539217247275616E+08,
2451504.777534722, A.D. 1999-Nov-22 06:39:39.0000,  6.203680779124546E+08, -7.882408311088559E+07, -3.537754537789956E+08,
2451505.777534722, A.D. 1999-Nov-23 06:39:39.0000,  6.206219748636341E+08, -7.764120442400217E+07, -3.536282362071233E+08,
2451506.777534722, A.D. 1999-Nov-24 06:39:39.0000,  6.208742128064059E+08, -7.645811732871571E+07, -3.534800724757354E+08,
2451507.777534722, A.D. 1999-Nov-25 06:39:39.0000,  6.211247912050112E+08, -7.527482499598283E+07, -3.533309630515171E+08,
2451508.777534722, A.D. 1999-Nov-26 06:39:39.0000,  6.213737095284805E+08, -7.409133059585387E+07, -3.531809084040428E+08,
2451509.777534722, A.D. 1999-Nov-27 06:39:39.0000,  6.216209672505150E+08, -7.290763729763743E+07, -3.530299090057773E+08,
2451510.777534722, A.D. 1999-Nov-28 06:39:39.0000,  6.218665638494178E+08, -7.172374827007185E+07, -3.528779653320808E+08,
2451511.777534722, A.D. 1999-Nov-29 06:39:39.0000,  6.221104988080655E+08, -7.053966668149275E+07, -3.527250778612195E+08,
2451512.777534722, A.D. 1999-Nov-30 06:39:39.0000,  6.223527716139201E+08, -6.935539569998464E+07, -3.525712470743761E+08,
2451513.777534722, A.D. 1999-Dec-01 06:39:39.0000,  6.225933817590669E+08, -6.817093849351303E+07, -3.524164734556628E+08,
2451514.777534722, A.D. 1999-Dec-02 06:39:39.0000,  6.228323287402748E+08, -6.698629823003204E+07, -3.522607574921337E+08,
2451515.777534722, A.D. 1999-Dec-03 06:39:39.0000,  6.230696120590675E+08, -6.580147807756689E+07, -3.521040996737962E+08,
2451516.777534722, A.D. 1999-Dec-04 06:39:39.0000,  6.233052312218020E+08, -6.461648120427285E+07, -3.519465004936208E+08,
2451517.777534722, A.D. 1999-Dec-05 06:39:39.0000,  6.235391857397463E+08, -6.343131077847315E+07, -3.517879604475498E+08,
2451518.777534722, A.D. 1999-Dec-06 06:39:39.0000,  6.237714751291552E+08, -6.224596996867912E+07, -3.516284800345036E+08,
2451519.777534722, A.D. 1999-Dec-07 06:39:39.0000,  6.240020989113398E+08, -6.106046194359586E+07, -3.514680597563854E+08,
2451520.777534722, A.D. 1999-Dec-08 06:39:39.0000,  6.242310566127298E+08, -5.987478987211603E+07, -3.513067001180852E+08,
2451521.777534722, A.D. 1999-Dec-09 06:39:39.0000,  6.244583477649294E+08, -5.868895692330493E+07, -3.511444016274804E+08,
2451522.777534722, A.D. 1999-Dec-10 06:39:39.0000,  6.246839719047636E+08, -5.750296626638007E+07, -3.509811647954372E+08,
2451523.777534722, A.D. 1999-Dec-11 06:39:39.0000,  6.249079285743189E+08, -5.631682107068588E+07, -3.508169901358099E+08,
2451524.777534722, A.D. 1999-Dec-12 06:39:39.0000,  6.251302173209759E+08, -5.513052450566594E+07, -3.506518781654395E+08,
2451525.777534722, A.D. 1999-Dec-13 06:39:39.0000,  6.253508376974367E+08, -5.394407974083394E+07, -3.504858294041513E+08,
2451526.777534722, A.D. 1999-Dec-14 06:39:39.0000,  6.255697892617460E+08, -5.275748994574402E+07, -3.503188443747527E+08,
2451527.777534722, A.D. 1999-Dec-15 06:39:39.0000,  6.257870715773089E+08, -5.157075828996143E+07, -3.501509236030300E+08,
2451528.777534722, A.D. 1999-Dec-16 06:39:39.0000,  6.260026842129029E+08, -5.038388794303378E+07, -3.499820676177447E+08,
2451529.777534722, A.D. 1999-Dec-17 06:39:39.0000,  6.262166267426885E+08, -4.919688207446349E+07, -3.498122769506308E+08,
2451530.777534722, A.D. 1999-Dec-18 06:39:39.0000,  6.264288987462153E+08, -4.800974385368076E+07, -3.496415521363892E+08,
2451531.777534722, A.D. 1999-Dec-19 06:39:39.0000,  6.266394998084272E+08, -4.682247645001863E+07, -3.494698937126855E+08,
2451532.777534722, A.D. 1999-Dec-20 06:39:39.0000,  6.268484295196644E+08, -4.563508303268878E+07, -3.492973022201447E+08,
2451533.777534722, A.D. 1999-Dec-21 06:39:39.0000,  6.270556874756649E+08, -4.444756677075902E+07, -3.491237782023479E+08,
2451534.777534722, A.D. 1999-Dec-22 06:39:39.0000,  6.272612732775642E+08, -4.325993083313166E+07, -3.489493222058276E+08,
2451535.777534722, A.D. 1999-Dec-23 06:39:39.0000,  6.274651865318944E+08, -4.207217838852336E+07, -3.487739347800636E+08,
2451536.777534722, A.D. 1999-Dec-24 06:39:39.0000,  6.276674268505819E+08, -4.088431260544600E+07, -3.485976164774787E+08,
2451537.777534722, A.D. 1999-Dec-25 06:39:39.0000,  6.278679938509445E+08, -3.969633665218881E+07, -3.484203678534350E+08,
2451538.777534722, A.D. 1999-Dec-26 06:39:39.0000,  6.280668871556890E+08, -3.850825369680122E+07, -3.482421894662291E+08,
2451539.777534722, A.D. 1999-Dec-27 06:39:39.0000,  6.282641063929077E+08, -3.732006690707675E+07, -3.480630818770883E+08,
2451540.777534722, A.D. 1999-Dec-28 06:39:39.0000,  6.284596511960740E+08, -3.613177945053805E+07, -3.478830456501667E+08,
2451541.777534722, A.D. 1999-Dec-29 06:39:39.0000,  6.286535212040385E+08, -3.494339449442220E+07, -3.477020813525401E+08,
2451542.777534722, A.D. 1999-Dec-30 06:39:39.0000,  6.288457160610253E+08, -3.375491520566724E+07, -3.475201895542033E+08,
