JDTDB,Calendar Date (TDB),X,Y,Z,
2450470.572824074, A.D. 1997-Jan-22 01:44:52.0000, -3.555017567476181E+08, -5.928751924986058E+08,  1.732142168273696E+08,
2450471.572824074, A.D. 1997-Jan-23 01:44:52.0000, -3.544294892546350E+08, -5.934108067052548E+08,  1.734607677771235E+08,
2450472.572824074, A.D. 1997-Jan-24 01:44:52.0000, -3.533562506785161E+08, -5.939447951355736E+08,  1.737068435114560E+08,
2450473.572824074, A.D. 1997-Jan-25 01:44:52.0000, -3.522820438492967E+08, -5.944771561296641E+08,  1.739524433002254E+08,
2450474.572824074, A.D. 1997-Jan-26 01:44:52.0000, -3.512068716009855E+08, -5.950078880330151E+08,  1.741975664147058E+08,
2450475.572824074, A.D. 1997-Jan-27 01:44:52.0000, -3.501307367715397E+08, -5.955369891964972E+08,  1.744422121275913E+08,
2450476.572824074, A.D. 1997-Jan-28 01:44:52.0000, -3.490536422028450E+08, -5.960644579763571E+08,  1.746863797130010E+08,
2450477.572824074, A.D. 1997-Jan-29 01:44:52.0000, -3.479755907406955E+08, -5.965902927342145E+08,  1.749300684464828E+08,
2450478.572824074, A.D. 1997-Jan-30 01:44:52.0000, -3.468965852347759E+08, -5.971144918370595E+08,  1.751732776050183E+08,
2450479.572824074, A.D. 1997-Jan-31 01:44:52.0000, -3.458166285386450E+08, -5.976370536572508E+08,  1.754160064670271E+08,
2450480.572824074, A.D. 1997-Feb-01 01:44:52.0000, -3.447357235097196E+08, -5.981579765725150E+08,  1.756582543123714E+08,
2450481.572824074, A.D. 1997-Feb-02 01:44:52.0000, -3.436538730092602E+08, -5.986772589659482E+08,  1.759000204223606E+08,
2450482.572824074, A.D. 1997-Feb-03 01:44:52.0000, -3.425710799023561E+08, -5.991948992260159E+08,  1.761413040797557E+08,
2450483.572824074, A.D. 1997-Feb-04 01:44:52.0000, -3.414873470579120E+08, -5.997108957465553E+08,  1.763821045687734E+08,
2450484.572824074, A.D. 1997-Feb-05 01:44:52.0000, -3.404026773486349E+08, -6.002252469267794E+08,  1.766224211750910E+08,
2450485.572824074, A.D. 1997-Feb-06 01:44:52.0000, -3.393170736510207E+08, -6.007379511712790E+08,  1.768622531858509E+08,
2450486.572824074, A.D. 1997-Feb-07 01:44:52.0000, -3.382305388453419E+08, -6.012490068900275E+08,  1.771015998896639E+08,
2450487.572824074, A.D. 1997-Feb-08 01:44:52.0000, -3.371430758156353E+08, -6.017584124983861E+08,  1.773404605766149E+08,
2450488.572824074, A.D. 1997-Feb-09 01:44:52.0000, -3.360546874496893E+08, -6.022661664171081E+08,  1.775788345382660E+08,
2450489.572824074, A.D. 1997-Feb-10 01:44:52.0000, -3.349653766390327E+08, -6.027722670723457E+08,  1.778167210676615E+08,
2450490.572824074, A.D. 1997-Feb-11 01:44:52.0000, -3.338751462789218E+08, -6.032767128956554E+08,  1.780541194593315E+08,
2450491.572824074, A.D. 1997-Feb-12 01:44:52.0000, -3.327839992683299E+08, -6.037795023240051E+08,  1.782910290092964E+08,
2450492.572824074, A.D. 1997-Feb-13 01:44:52.0000, -3.316919385099347E+08, -6.042806337997819E+08,  1.785274490150709E+08,
2450493.572824074, A.D. 1997-Feb-14 01:44:52.0000, -3.305989669101073E+08, -6.047801057707987E+08,  1.787633787756682E+08,
2450494.572824074, A.D. 1997-Feb-15 01:44:52.0000, -3.295050873789008E+08, -6.052779166903028E+08,  1.789988175916038E+08,
2450495.572824074, A.D. 1997-Feb-16 01:44:52.0000, -3.284103028300394E+08, -6.057740650169851E+08,  1.792337647648995E+08,
2450496.572824074, A.D. 1997-Feb-17 01:44:52.0000, -3.273146161809065E+08, -6.062685492149880E+08,  1.794682195990876E+08,
2450497.572824074, A.D. 1997-Feb-18 01:44:52.0000, -3.262180303525348E+08, -6.067613677539157E+08,  1.797021813992144E+08,
2450498.572824074, A.D. 1997-Feb-19 01:44:52.0000, -3.251205482695941E+08, -6.072525191088446E+08,  1.799356494718448E+08,
2450499.572824074, A.D. 1997-Feb-20 01:44:52.0000, -3.240221728603818E+08, -6.077420017603338E+08,  1.801686231250648E+08,
2450500.572824074, A.D. 1997-Feb-21 01:44:52.0000, -3.229229070568111E+08, -6.082298141944364E+08,  1.804011016684867E+08,
2450501.572824074, A.D. 1997-Feb-22 01:44:52.0000, -3.218227537944008E+08, -6.087159549027125E+08,  1.806330844132515E+08,
2450502.572824074, A.D. 1997-Feb-23 01:44:52.0000, -3.207217160122641E+08, -6.092004223822411E+08,  1.808645706720332E+08,
2450503.572824074, A.D. 1997-Feb-24 01:44:52.0000, -3.196197966530985E+08, -6.096832151356360E+08,  1.810955597590422E+08,
2450504.572824074, A.D. 1997-Feb-25 01:44:52.0000, -3.185169986631736E+08, -6.101643316710587E+08,  1.813260509900283E+08,
2450505.572824074, A.D. 1997-Feb-26 01:44:52.0000, -3.174133249923211E+08, -6.106437705022372E+08,  1.815560436822845E+08,
2450506.572824074, A.D. 1997-Feb-27 01:44:52.0000, -3.163087785939223E+08, -6.111215301484811E+08,  1.817855371546492E+08,
2450507.572824074, A.D. 1997-Feb-28 01:44:52.0000, -3.152033624248959E+08, -6.115976091347033E+08,  1.820145307275100E+08,
2450508.572824074, A.D. 1997-Mar-01 01:44:52.0000, -3.140970794456851E+08, -6.120720059914385E+08,  1.822430237228056E+08,
2450509.572824074, A.D. 1997-Mar-02 01:44:52.0000, -3.129899326202440E+08, -6.125447192548673E+08,  1.824710154640288E+08,
2450510.572824074, A.D. 1997-Mar-03 01:44:52.0000, -3.118819249160210E+08, -6.130157474668399E+08,  1.826985052762283E+08,
2450511.572824074, A.D. 1997-Mar-04 01:44:52.0000, -3.107730593039423E+08, -6.134850891749033E+08,  1.829254924860104E+08,
2450512.572824074, A.D. 1997-Mar-05 01:44:52.0000, -3.096633387583918E+08, -6.139527429323285E+08,  1.831519764215403E+08,
2450513.572824074, A.D. 1997-Mar-06 01:44:52.0000, -3.085527662571882E+08, -6.144187072981429E+08,  1.833779564125433E+08,
2450514.572824074, A.D. 1997-Mar-07 01:44:52.0000, -3.074413447815589E+08, -6.148829808371631E+08,  1.836034317903050E+08,
2450515.572824074, A.D. 1997-Mar-08 01:44:52.0000, -3.063290773161089E+08, -6.153455621200273E+08,  1.838284018876709E+08,
2450516.572824074, A.D. 1997-Mar-09 01:44:52.0000, -3.052159668487833E+08, -6.158064497232349E+08,  1.840528660390457E+08,
2450517.572824074, A.D. 1997-Mar-10 01:44:52.0000, -3.041020163708251E+08, -6.162656422291806E+08,  1.842768235803916E+08,
2450518.572824074, A.D. 1997-Mar-11 01:44:52.0000, -3.029872288767230E+08, -6.167231382261932E+08,  1.845002738492260E+08,
2450519.572824074, A.D. 1997-Mar-12 01:44:52.0000, -3.018716073641511E+08, -6.171789363085701E+08,  1.847232161846189E+08,
2450520.572824074, A.D. 1997-Mar-13 01:44:52.0000, -3.007551548338985E+08, -6.176330350766091E+08,  1.849456499271885E+08,
2450521.572824074, A.D. 1997-Mar-14 01:44:52.0000, -2.996378742897877E+08, -6.180854331366339E+08,  1.851675744190972E+08,
2450522.572824074, A.D. 1997-Mar-15 01:44:52.0000, -2.985197687385811E+08, -6.185361291010119E+08,  1.853889890040476E+08,
2450523.572824074, A.D. 1997-Mar-16 01:44:52.0000, -2.974008411898768E+08, -6.189851215881572E+08,  1.856098930272770E+08,
2450524.572824074, A.D. 1997-Mar-17 01:44:52.0000, -2.962810946559944E+08, -6.194324092225182E+08,  1.858302858355542E+08,
2450525.572824074, A.D. 1997-Mar-18 01:44:52.0000, -2.951605321518536E+08, -6.198779906345434E+08,  1.860501667771758E+08,
2450526.572824074, A.D. 1997-Mar-19 01:44:52.0000, -2.940391566948504E+08, -6.203218644606199E+08,  1.862695352019655E+08,
2450527.572824074, A.D. 1997-Mar-20 01:44:52.0000, -2.929169713047359E+08, -6.207640293429852E+08,  1.864883904612753E+08,
2450528.572824074, A.D. 1997-Mar-21 01:44:52.0000, -2.917939790035081E+08, -6.212044839296058E+08,  1.867067319079912E+08,
2450529.572824074, A.D. 1997-Mar-22 01:44:52.0000, -2.906701828153240E+08, -6.216432268740261E+08,  1.869245588965418E+08,
2450530.572824074, A.D. 1997-Mar-23 01:44:52.0000, -2.895455857664455E+08, -6.220802568351917E+08,  1.871418707829141E+08,
2450531.572824074, A.D. 1997-Mar-24 01:44:52.0000, -2.884201908852224E+08, -6.225155724772509E+08,  1.873586669246730E+08,
2450532.572824074, A.D. 1997-Mar-25 01:44:52.0000, -2.872940012021306E+08, -6.229491724693515E+08,  1.875749466809857E+08,
2450533.572824074, A.D. 1997-Mar-26 01:44:52.0000, -2.861670197498586E+08, -6.233810554854465E+08,  1.877907094126525E+08,
2450534.572824074, A.D. 1997-Mar-27 01:44:52.0000, -2.850392495634469E+08, -6.238112202041193E+08,  1.880059544821373E+08,
2450535.572824074, A.D. 1997-Mar-28 01:44:52.0000, -2.839106936804718E+08, -6.242396653084538E+08,  1.882206812536014E+08,
2450536.572824074, A.D. 1997-Mar-29 01:44:52.0000, -2.827813551412600E+08, -6.246663894859523E+08,  1.884348890929349E+08,
2450537.572824074, A.D. 1997-Mar-30 01:44:52.0000, -2.816512369891180E+08, -6.250913914285154E+08,  1.886485773677838E+08,
2450538.572824074, A.D. 1997-Mar-31 01:44:52.0000, -2.805203422705572E+08, -6.255146698324815E+08,  1.888617454475734E+08,
2450539.572824074, A.D. 1997-Apr-01 01:44:52.0000, -2.793886740354981E+08, -6.259362233987217E+08,  1.890743927035239E+08,
2450540.572824074, A.D. 1997-Apr-02 01:44:52.0000, -2.782562353374399E+08, -6.263560508327780E+08,  1.892865185086600E+08,
2450541.572824074, A.D. 1997-Apr-03 01:44:52.0000, -2.771230292335862E+08, -6.267741508450346E+08,  1.894981222378135E+08,
2450542.572824074, A.D. 1997-Apr-04 01:44:52.0000, -2.759890587849235E+08, -6.271905221509027E+08,  1.897092032676203E+08,
2450543.572824074, A.D. 1997-Apr-05 01:44:52.0000, -2.748543270562530E+08, -6.276051634710077E+08,  1.899197609765133E+08,
2450544.572824074, A.D. 1997-Apr-06 01:44:52.0000, -2.737188371161824E+08, -6.280180735313654E+08,  1.901297947447122E+08,
2450545.572824074, A.D. 1997-Apr-07 01:44:52.0000, -2.725825920370845E+08, -6.284292510635431E+08,  1.903393039542114E+08,
2450546.572824074, A.D. 1997-Apr-08 01:44:52.0000, -2.714455948950303E+08, -6.288386948047948E+08,  1.905482879887679E+08,
2450547.572824074, A.D. 1997-Apr-09 01:44:52.0000, -2.703078487697063E+08, -6.292464034981726E+08,  1.907567462338898E+08,
2450548.572824074, A.D. 1997-Apr-10 01:44:52.0000, -2.691693567443225E+08, -6.296523758926139E+08,  1.909646780768257E+08,
2450549.572824074, A.D. 1997-Apr-11 01:44:52.0000, -2.680301219055171E+08, -6.300566107430049E+08,  1.911720829065553E+08,
2450550.572824074, A.D. 1997-Apr-12 01:44:52.0000, -2.668901473432626E+08, -6.304591068102255E+08,  1.913789601137824E+08,
2450551.572824074, A.D. 1997-Apr-13 01:44:52.0000, -2.657494361507769E+08, -6.308598628611763E+08,  1.915853090909297E+08,
2450552.572824074, A.D. 1997-Apr-14 01:44:52.0000, -2.646079914244398E+08, -6.312588776687937E+08,  1.917911292321342E+08,
2450553.572824074, A.D. 1997-Apr-15 01:44:52.0000, -2.634658162637190E+08, -6.316561500120536E+08,  1.919964199332457E+08,
2450554.572824074, A.D. 1997-Apr-16 01:44:52.0000, -2.623229137711013E+08, -6.320516786759685E+08,  1.922011805918252E+08,
2450555.572824074, A.D. 1997-Apr-17 01:44:52.0000, -2.611792870520343E+08, -6.324454624515777E+08,  1.924054106071454E+08,
2450556.572824074, A.D. 1997-Apr-18 01:44:52.0000, -2.600349392148736E+08, -6.328375001359358E+08,  1.926091093801916E+08,
2450557.572824074, A.D. 1997-Apr-19 01:44:52.0000, -2.588898733708372E+08, -6.332277905320978E+08,  1.928122763136636E+08,
2450558.572824074, A.D. 1997-Apr-20 01:44:52.0000, -2.577440926339663E+08, -6.336163324491041E+08,  1.930149108119785E+08,
2450559.572824074, A.D. 1997-Apr-21 01:44:52.0000, -2.565976001210904E+08, -6.340031247019635E+08,  1.932170122812729E+08,
2450560.572824074, A.D. 1997-Apr-22 01:44:52.0000, -2.554503989517975E+08, -6.343881661116397E+08,  1.934185801294073E+08,
2450561.572824074, A.D. 1997-Apr-23 01:44:52.0000, -2.543024922484084E+08, -6.347714555050344E+08,  1.936196137659689E+08,
2450562.572824074, A.D. 1997-Apr-24 01:44:52.0000, -2.531538831359537E+08, -6.351529917149756E+08,  1.938201126022758E+08,
2450563.572824074, A.D. 1997-Apr-25 01:44:52.0000, -2.520045747421536E+08, -6.355327735802040E+08,  1.940200760513808E+08,
2450564.572824074, A.D. 1997-Apr-26 01:44:52.0000, -2.508545701974006E+08, -6.359107999453621E+08,  1.942195035280758E+08,
2450565.572824074, A.D. 1997-Apr-27 01:44:52.0000, -2.497038726347433E+08, -6.362870696609842E+08,  1.944183944488956E+08,
2450566.572824074, A.D. 1997-Apr-28 01:44:52.0000, -2.485524851898726E+08, -6.366615815834874E+08,  1.946167482321222E+08,
2450567.572824074, A.D. 1997-Apr-29 01:44:52.0000, -2.474004110011083E+08, -6.370343345751647E+08,  1.948145642977890E+08,
2450568.572824074, A.D. 1997-Apr-30 01:44:52.0000, -2.462476532093877E+08, -6.374053275041782E+08,  1.950118420676851E+08,
2450569.572824074, A.D. 1997-May-01 01:44:52.0000, -2.450942149582547E+08, -6.377745592445538E+08,  1.952085809653591E+08,
2450570.572824074, A.D. 1997-May-02 01:44:52.0000, -2.439400993938493E+08, -6.381420286761769E+08,  1.954047804161237E+08,
2450571.572824074, A.D. 1997-May-03 01:44:52.0000, -2.427853096648985E+08, -6.385077346847904E+08,  1.956004398470595E+08,
2450572.572824074, A.D. 1997-May-04 01:44:52.0000, -2.416298489227069E+08, -6.388716761619900E+08,  1.957955586870192E+08,
2450573.572824074, A.D. 1997-May-05 01:44:52.0000, -2.404737203211483E+08, -6.392338520052252E+08,  1.959901363666313E+08,
2450574.572824074, A.D. 1997-May-06 01:44:52.0000, -2.393169270166578E+08, -6.395942611177969E+08,  1.961841723183046E+08,
2450575.572824074, A.D. 1997-May-07 01:44:52.0000, -2.381594721682232E+08, -6.399529024088583E+08,  1.963776659762318E+08,
2450576.572824074, A.D. 1997-May-08 01:44:52.0000, -2.370013589373780E+08, -6.403097747934157E+08,  1.965706167763936E+08,
2450577.572824074, A.D. 1997-May-09 01:44:52.0000, -2.358425904881939E+08, -6.406648771923295E+08,  1.967630241565622E+08,
2450578.572824074, A.D. 1997-May-10 01:44:52.0000, -2.346831699872735E+08, -6.410182085323175E+08,  1.969548875563057E+08,
2450579.572824074, A.D. 1997-May-11 01:44:52.0000, -2.335231006037433E+08, -6.413697677459558E+08,  1.971462064169911E+08,
2450580.572824074, A.D. 1997-May-12 01:44:52.0000, -2.323623855092471E+08, -6.417195537716839E+08,  1.973369801817887E+08,
2450581.572824074, A.D. 1997-May-13 01:44:52.0000, -2.312010278779394E+08, -6.420675655538085E+08,  1.975272082956755E+08,
2450582.572824074, A.D. 1997-May-14 01:44:52.0000, -2.300390308864788E+08, -6.424138020425078E+08,  1.977168902054387E+08,
2450583.572824074, A.D. 1997-May-15 01:44:52.0000, -2.288763977140215E+08, -6.427582621938372E+08,  1.979060253596795E+08,
2450584.572824074, A.D. 1997-May-16 01:44:52.0000, -2.277131315422158E+08, -6.431009449697354E+08,  1.980946132088166E+08,
2450585.572824074, A.D. 1997-May-17 01:44:52.0000, -2.265492355551952E+08, -6.434418493380314E+08,  1.982826532050894E+08,
2450586.572824074, A.D. 1997-May-18 01:44:52.0000, -2.253847129395731E+08, -6.437809742724518E+08,  1.984701448025621E+08,
2450587.572824074, A.D. 1997-May-19 01:44:52.0000, -2.242195668844368E+08, -6.441183187526292E+08,  1.986570874571258E+08,
2450588.572824074, A.D. 1997-May-20 01:44:52.0000, -2.230538005813412E+08, -6.444538817641124E+08,  1.988434806265033E+08,
2450589.572824074, A.D. 1997-May-21 01:44:52.0000, -2.218874172243038E+08, -6.447876622983751E+08,  1.990293237702510E+08,
2450590.572824074, A.D. 1997-May-22 01:44:52.0000, -2.207204200097981E+08, -6.451196593528292E+08,  1.992146163497626E+08,
2450591.572824074, A.D. 1997-May-23 01:44:52.0000, -2.195528121367485E+08, -6.454498719308358E+08,  1.993993578282721E+08,
2450592.572824074, A.D. 1997-May-24 01:44:52.0000, -2.183845968065233E+08, -6.457782990417199E+08,  1.995835476708565E+08,
2450593.572824074, A.D. 1997-May-25 01:44:52.0000, -2.172157772229291E+08, -6.461049397007846E+08,  1.997671853444385E+08,
2450594.572824074, A.D. 1997-May-26 01:44:52.0000, -2.160463565922034E+08, -6.464297929293294E+08,  1.999502703177890E+08,
2450595.572824074, A.D. 1997-May-27 01:44:52.0000, -2.148763381230075E+08, -6.467528577546664E+08,  2.001328020615296E+08,
2450596.572824074, A.D. 1997-May-28 01:44:52.0000, -2.137057250264179E+08, -6.470741332101434E+08,  2.003147800481344E+08,
2450597.572824074, A.D. 1997-May-29 01:44:52.0000, -2.125345205159169E+08, -6.473936183351630E+08,  2.004962037519324E+08,
2450598.572824074, A.D. 1997-May-30 01:44:52.0000, -2.113627278073821E+08, -6.477113121752090E+08,  2.006770726491081E+08,
2450599.572824074, A.D. 1997-May-31 01:44:52.0000, -2.101903501190728E+08, -6.480272137818730E+08,  2.008573862177037E+08,
2450600.572824074, A.D. 1997-Jun-01 01:44:52.0000, -2.090173906716153E+08, -6.483413222128814E+08,  2.010371439376188E+08,
2450601.572824074, A.D. 1997-Jun-02 01:44:52.0000, -2.078438526879840E+08, -6.486536365321294E+08,  2.012163452906116E+08,
2450602.572824074, A.D. 1997-Jun-03 01:44:52.0000, -2.066697393934794E+08, -6.489641558097119E+08,  2.013949897602979E+08,
2450603.572824074, A.D. 1997-Jun-04 01:44:52.0000, -2.054950540157010E+08, -6.492728791219612E+08,  2.015730768321506E+08,
2450604.572824074, A.D. 1997-Jun-05 01:44:52.0000, -2.043197997845147E+08, -6.495798055514827E+08,  2.017506059934978E+08,
2450605.572824074, A.D. 1997-Jun-06 01:44:52.0000, -2.031439799320127E+08, -6.498849341871935E+08,  2.019275767335209E+08,
2450606.572824074, A.D. 1997-Jun-07 01:44:52.0000, -2.019675976924665E+08, -6.501882641243613E+08,  2.021039885432510E+08,
2450607.572824074, A.D. 1997-Jun-08 01:44:52.0000, -2.007906563022694E+08, -6.504897944646403E+08,  2.022798409155660E+08,
2450608.572824074, A.D. 1997-Jun-09 01:44:52.0000, -1.996131589998695E+08, -6.507895243161048E+08,  2.024551333451854E+08,
2450609.572824074, A.D. 1997-Jun-10 01:44:52.0000, -1.984351090256914E+08, -6.510874527932768E+08,  2.026298653286655E+08,
2450610.572824074, A.D. 1997-Jun-11 01:44:52.0000, -1.972565096220450E+08, -6.513835790171447E+08,  2.028040363643943E+08,
2450611.572824074, A.D. 1997-Jun-12 01:44:52.0000, -1.960773640330261E+08, -6.516779021151685E+08,  2.029776459525858E+08,
2450612.572824074, A.D. 1997-Jun-13 01:44:52.0000, -1.948976755044032E+08, -6.519704212212697E+08,  2.031506935952757E+08,
2450613.572824074, A.D. 1997-Jun-14 01:44:52.0000, -1.937174472834994E+08, -6.522611354757973E+08,  2.033231787963168E+08,
2450614.572824074, A.D. 1997-Jun-15 01:44:52.0000, -1.925366826190714E+08, -6.525500440254705E+08,  2.034951010613780E+08,
2450615.572824074, A.D. 1997-Jun-16 01:44:52.0000, -1.913553847611918E+08, -6.528371460232900E+08,  2.036664598979440E+08,
2450616.572824074, A.D. 1997-Jun-17 01:44:52.0000, -1.901735569611432E+08, -6.531224406284212E+08,  2.038372548153212E+08,
2450617.572824074, A.D. 1997-Jun-18 01:44:52.0000, -1.889912024713332E+08, -6.534059270060434E+08,  2.040074853246448E+08,
2450618.572824074, A.D. 1997-Jun-19 01:44:52.0000, -1.878083245452426E+08, -6.536876043271754E+08,  2.041771509388939E+08,
2450619.572824074, A.D. 1997-Jun-20 01:44:52.0000, -1.866249264374150E+08, -6.539674717684822E+08,  2.043462511729107E+08,
2450620.572824074, A.D. 1997-Jun-21 01:44:52.0000, -1.854410114034949E+08, -6.542455285120739E+08,  2.045147855434239E+08,
2450621.572824074, A.D. 1997-Jun-22 01:44:52.0000, -1.842565827003184E+08, -6.545217737453150E+08,  2.046827535690782E+08,
2450622.572824074, A.D. 1997-Jun-23 01:44:52.0000, -1.830716435860555E+08, -6.547962066606559E+08,  2.048501547704649E+08,
2450623.572824074, A.D. 1997-Jun-24 01:44:52.0000, -1.818861973203964E+08, -6.550688264555070E+08,  2.050169886701535E+08,
2450624.572824074, A.D. 1997-Jun-25 01:44:52.0000, -1.807002471647675E+08, -6.553396323321633E+08,  2.051832547927226E+08,
2450625.572824074, A.D. 1997-Jun-26 01:44:52.0000, -1.795137963825606E+08, -6.556086234977888E+08,  2.053489526647858E+08,
2450626.572824074, A.D. 1997-Jun-27 01:44:52.0000, -1.783268482393596E+08, -6.558757991644635E+08,  2.055140818150140E+08,
2450627.572824074, A.D. 1997-Jun-28 01:44:52.0000, -1.771394060031433E+08, -6.561411585492830E+08,  2.056786417741495E+08,
2450628.572824074, A.D. 1997-Jun-29 01:44:52.0000, -1.759514729444539E+08, -6.564047008745030E+08,  2.058426320750140E+08,
2450629.572824074, A.D. 1997-Jun-30 01:44:52.0000, -1.747630523365210E+08, -6.566664253677150E+08,  2.060060522525106E+08,
2450630.572824074, A.D. 1997-Jul-01 01:44:52.0000, -1.735741474553380E+08, -6.569263312620358E+08,  2.061689018436190E+08,
2450631.572824074, A.D. 1997-Jul-02 01:44:52.0000, -1.723847615796920E+08, -6.571844177962995E+08,  2.063311803873874E+08,
2450632.572824074, A.D. 1997-Jul-03 01:44:52.0000, -1.711948979911538E+08, -6.574406842152375E+08,  2.064928874249204E+08,
2450633.572824074, A.D. 1997-Jul-04 01:44:52.0000, -1.700045599740340E+08, -6.576951297696435E+08,  2.066540224993668E+08,
2450634.572824074, A.D. 1997-Jul-05 01:44:52.0000, -1.688137508153143E+08, -6.579477537165120E+08,  2.068145851559054E+08,
2450635.572824074, A.D. 1997-Jul-06 01:44:52.0000, -1.676224738045627E+08, -6.581985553191550E+08,  2.069745749417326E+08,
2450636.572824074, A.D. 1997-Jul-07 01:44:52.0000, -1.664307322338395E+08, -6.584475338472918E+08,  2.071339914060506E+08,
2450637.572824074, A.D. 1997-Jul-08 01:44:52.0000, -1.652385293975995E+08, -6.586946885771171E+08,  2.072928341000565E+08,
2450638.572824074, A.D. 1997-Jul-09 01:44:52.0000, -1.640458685925964E+08, -6.589400187913488E+08,  2.074511025769347E+08,
2450639.572824074, A.D. 1997-Jul-10 01:44:52.0000, -1.628527531177905E+08, -6.591835237792617E+08,  2.076087963918498E+08,
2450640.572824074, A.D. 1997-Jul-11 01:44:52.0000, -1.616591862742638E+08, -6.594252028367039E+08,  2.077659151019410E+08,
2450641.572824074, A.D. 1997-Jul-12 01:44:52.0000, -1.604651713651415E+08, -6.596650552661066E+08,  2.079224582663192E+08,
2450642.572824074, A.D. 1997-Jul-13 01:44:52.0000, -1.592707116955217E+08, -6.599030803764848E+08,  2.080784254460644E+08,
2450643.572824074, A.D. 1997-Jul-14 01:44:52.0000, -1.580758105724125E+08, -6.601392774834323E+08,  2.082338162042243E+08,
2450644.572824074, A.D. 1997-Jul-15 01:44:52.0000, -1.568804713046761E+08, -6.603736459091136E+08,  2.083886301058142E+08,
2450645.572824074, A.D. 1997-Jul-16 01:44:52.0000, -1.556846972029791E+08, -6.606061849822553E+08,  2.085428667178176E+08,
2450646.572824074, A.D. 1997-Jul-17 01:44:52.0000, -1.544884915797490E+08, -6.608368940381328E+08,  2.086965256091872E+08,
2450647.572824074, A.D. 1997-Jul-18 01:44:52.0000, -1.532918577491350E+08, -6.610657724185597E+08,  2.088496063508462E+08,
2450648.572824074, A.D. 1997-Jul-19 01:44:52.0000, -1.520947990269740E+08, -6.612928194718766E+08,  2.090021085156907E+08,
2450649.572824074, A.D. 1997-Jul-20 01:44:52.0000, -1.508973187307587E+08, -6.615180345529402E+08,  2.091540316785913E+08,
2450650.572824074, A.D. 1997-Jul-21 01:44:52.0000, -1.496994201796105E+08, -6.617414170231138E+08,  2.093053754163960E+08,
2450651.572824074, A.D. 1997-Jul-22 01:44:52.0000, -1.485011066942534E+08, -6.619629662502590E+08,  2.094561393079323E+08,
2450652.572824074, A.D. 1997-Jul-23 01:44:52.0000, -1.473023815969911E+08, -6.621826816087277E+08,  2.096063229340098E+08,
2450653.572824074, A.D. 1997-Jul-24 01:44:52.0000, -1.461032482116849E+08, -6.624005624793558E+08,  2.097559258774232E+08,
2450654.572824074, A.D. 1997-Jul-25 01:44:52.0000, -1.449037098637335E+08, -6.626166082494578E+08,  2.099049477229543E+08,
2450655.572824074, A.D. 1997-Jul-26 01:44:52.0000, -1.437037698800539E+08, -6.628308183128241E+08,  2.100533880573753E+08,
2450656.572824074, A.D. 1997-Jul-27 01:44:52.0000, -1.425034315890626E+08, -6.630431920697161E+08,  2.102012464694510E+08,
2450657.572824074, A.D. 1997-Jul-28 01:44:52.0000, -1.413026983206584E+08, -6.632537289268639E+08,  2.103485225499413E+08,
2450658.572824074, A.D. 1997-Jul-29 01:44:52.0000, -1.401015734062051E+08, -6.634624282974674E+08,  2.104952158916042E+08,
2450659.572824074, A.D. 1997-Jul-30 01:44:52.0000, -1.389000601785143E+08, -6.636692896011932E+08,  2.106413260891979E+08,
2450660.572824074, A.D. 1997-Jul-31 01:44:52.0000, -1.376981619718300E+08, -6.638743122641760E+08,  2.107868527394834E+08,
2450661.572824074, A.D. 1997-Aug-01 01:44:52.0000, -1.364958821218114E+08, -6.640774957190192E+08,  2.109317954412269E+08,
2450662.572824074, A.D. 1997-Aug-02 01:44:52.0000, -1.352932239655177E+08, -6.642788394047971E+08,  2.110761537952023E+08,
2450663.572824074, A.D. 1997-Aug-03 01:44:52.0000, -1.340901908413919E+08, -6.644783427670565E+08,  2.112199274041932E+08,
2450664.572824074, A.D. 1997-Aug-04 01:44:52.0000, -1.328867860892453E+08, -6.646760052578188E+08,  2.113631158729953E+08,
2450665.572824074, A.D. 1997-Aug-05 01:44:52.0000, -1.316830130502418E+08, -6.648718263355842E+08,  2.115057188084186E+08,
2450666.572824074, A.D. 1997-Aug-06 01:44:52.0000, -1.304788750668822E+08, -6.650658054653348E+08,  2.116477358192899E+08,
2450667.572824074, A.D. 1997-Aug-07 01:44:52.0000, -1.292743754829891E+08, -6.652579421185383E+08,  2.117891665164540E+08,
2450668.572824074, A.D. 1997-Aug-08 01:44:52.0000, -1.280695176436910E+08, -6.654482357731525E+08,  2.119300105127769E+08,
2450669.572824074, A.D. 1997-Aug-09 01:44:52.0000, -1.268643048954071E+08, -6.656366859136307E+08,  2.120702674231466E+08,
2450670.572824074, A.D. 1997-Aug-10 01:44:52.0000, -1.256587405858318E+08, -6.658232920309268E+08,  2.122099368644762E+08,
2450671.572824074, A.D. 1997-Aug-11 01:44:52.0000, -1.244528280639196E+08, -6.660080536225005E+08,  2.123490184557048E+08,
2450672.572824074, A.D. 1997-Aug-12 01:44:52.0000, -1.232465706798692E+08, -6.661909701923240E+08,  2.124875118178002E+08,
2450673.572824074, A.D. 1997-Aug-13 01:44:52.0000, -1.220399717851090E+08, -6.663720412508885E+08,  2.126254165737596E+08,
2450674.572824074, A.D. 1997-Aug-14 01:44:52.0000, -1.208330347322808E+08, -6.665512663152114E+08,  2.127627323486127E+08,
2450675.572824074, A.D. 1997-Aug-15 01:44:52.0000, -1.196257628752254E+08, -6.667286449088444E+08,  2.128994587694219E+08,
2450676.572824074, A.D. 1997-Aug-16 01:44:52.0000, -1.184181595689665E+08, -6.669041765618808E+08,  2.130355954652849E+08,
2450677.572824074, A.D. 1997-Aug-17 01:44:52.0000, -1.172102281696960E+08, -6.670778608109660E+08,  2.131711420673355E+08,
2450678.572824074, A.D. 1997-Aug-18 01:44:52.0000, -1.160019720347580E+08, -6.672496971993070E+08,  2.133060982087456E+08,
2450679.572824074, A.D. 1997-Aug-19 01:44:52.0000, -1.147933945226332E+08, -6.674196852766829E+08,  2.134404635247259E+08,
2450680.572824074, A.D. 1997-Aug-20 01:44:52.0000, -1.135844989929232E+08, -6.675878245994565E+08,  2.135742376525272E+08,
2450681.572824074, A.D. 1997-Aug-21 01:44:52.0000, -1.123752888063343E+08, -6.677541147305889E+08,  2.137074202314416E+08,
2450682.572824074, A.D. 1997-Aug-22 01:44:52.0000, -1.111657673246606E+08, -6.679185552396514E+08,  2.138400109028026E+08,
2450683.572824074, A.D. 1997-Aug-23 01:44:52.0000, -1.099559379107667E+08, -6.680811457028433E+08,  2.139720093099870E+08,
2450684.572824074, A.D. 1997-Aug-24 01:44:52.0000, -1.087458039285697E+08, -6.682418857030077E+08,  2.141034150984139E+08,
2450685.572824074, A.D. 1997-Aug-25 01:44:52.0000, -1.075353687430196E+08, -6.684007748296511E+08,  2.142342279155455E+08,
2450686.572824074, A.D. 1997-Aug-26 01:44:52.0000, -1.063246357200783E+08, -6.685578126789641E+08,  2.143644474108867E+08,
2450687.572824074, A.D. 1997-Aug-27 01:44:52.0000, -1.051136082266973E+08, -6.687129988538449E+08,  2.144940732359849E+08,
2450688.572824074, A.D. 1997-Aug-28 01:44:52.0000, -1.039022896307919E+08, -6.688663329639223E+08,  2.146231050444283E+08,
2450689.572824074, A.D. 1997-Aug-29 01:44:52.0000, -1.026906833012132E+08, -6.690178146255845E+08,  2.147515424918447E+08,
2450690.572824074, A.D. 1997-Aug-30 01:44:52.0000, -1.014787926077156E+08, -6.691674434620075E+08,  2.148793852359000E+08,
2450691.572824074, A.D. 1997-Aug-31 01:44:52.0000, -1.002666209209201E+08, -6.693152191031851E+08,  2.150066329362946E+08,
2450692.572824074, A.D. 1997-Sep-01 01:44:52.0000, -9.905417161227152E+07, -6.694611411859622E+08,  2.151332852547609E+08,
2450693.572824074, A.D. 1997-Sep-02 01:44:52.0000, -9.784144805398910E+07, -6.696052093540659E+08,  2.152593418550586E+08,
2450694.572824074, A.D. 1997-Sep-03 01:44:52.0000, -9.662845361900890E+07, -6.697474232581401E+08,  2.153848024029709E+08,
2450695.572824074, A.D. 1997-Sep-04 01:44:52.0000, -9.541519168091697E+07, -6.698877825557743E+08,  2.155096665662981E+08,
2450696.572824074, A.D. 1997-Sep-05 01:44:52.0000, -9.420166561387262E+07, -6.700262869115312E+08,  2.156339340148515E+08,
2450697.572824074, A.D. 1997-Sep-06 01:44:52.0000, -9.298787879251997E+07, -6.701629359969683E+08,  2.157576044204475E+08,
2450698.572824074, A.D. 1997-Sep-07 01:44:52.0000, -9.177383459188841E+07, -6.702977294906482E+08,  2.158806774568997E+08,
2450699.572824074, A.D. 1997-Sep-08 01:44:52.0000, -9.055953638728160E+07, -6.704306670781374E+08,  2.160031528000123E+08,
2450700.572824074, A.D. 1997-Sep-09 01:44:52.0000, -8.934498755415668E+07, -6.705617484519881E+08,  2.161250301275736E+08,
2450701.572824074, A.D. 1997-Sep-10 01:44:52.0000, -8.813019146799688E+07, -6.706909733116955E+08,  2.162463091193503E+08,
2450702.572824074, A.D. 1997-Sep-11 01:44:52.0000, -8.691515150418130E+07, -6.708183413636324E+08,  2.163669894570843E+08,
2450703.572824074, A.D. 1997-Sep-12 01:44:52.0000, -8.569987103785874E+07, -6.709438523209529E+08,  2.164870708244919E+08,
2450704.572824074, A.D. 1997-Sep-13 01:44:52.0000, -8.448435344383378E+07, -6.710675059034629E+08,  2.166065529072664E+08,
2450705.572824074, A.D. 1997-Sep-14 01:44:52.0000, -8.326860209647521E+07, -6.711893018374631E+08,  2.167254353930855E+08,
2450706.572824074, A.D. 1997-Sep-15 01:44:52.0000, -8.205262036965623E+07, -6.713092398555659E+08,  2.168437179716246E+08,
2450707.572824074, A.D. 1997-Sep-16 01:44:52.0000, -8.083641163673700E+07, -6.714273196964891E+08,  2.169614003345731E+08,
2450708.572824074, A.D. 1997-Sep-17 01:44:52.0000, -7.961997927059729E+07, -6.715435411048489E+08,  2.170784821756581E+08,
2450709.572824074, A.D. 1997-Sep-18 01:44:52.0000, -7.840332664372133E+07, -6.716579038309593E+08,  2.171949631906713E+08,
2450710.572824074, A.D. 1997-Sep-19 01:44:52.0000, -7.718645712833336E+07, -6.717704076306560E+08,  2.173108430774984E+08,
2450711.572824074, A.D. 1997-Sep-20 01:44:52.0000, -7.596937409657748E+07, -6.718810522651606E+08,  2.174261215361495E+08,
2450712.572824074, A.D. 1997-Sep-21 01:44:52.0000, -7.475208092072773E+07, -6.719898375009979E+08,  2.175407982687875E+08,
2450713.572824074, A.D. 1997-Sep-22 01:44:52.0000, -7.353458097341128E+07, -6.720967631099745E+08,  2.176548729797533E+08,
2450714.572824074, A.D. 1997-Sep-23 01:44:52.0000, -7.231687762782629E+07, -6.722018288692137E+08,  2.177683453755853E+08,
2450715.572824074, A.D. 1997-Sep-24 01:44:52.0000, -7.109897425793791E+07, -6.723050345612485E+08,  2.178812151650325E+08,
2450716.572824074, A.D. 1997-Sep-25 01:44:52.0000, -6.988087423863915E+07, -6.724063799741560E+08,  2.179934820590605E+08,
2450717.572824074, A.D. 1997-Sep-26 01:44:52.0000, -6.866258094586736E+07, -6.725058649017233E+08,  2.181051457708517E+08,
2450718.572824074, A.D. 1997-Sep-27 01:44:52.0000, -6.744409775667320E+07, -6.726034891436266E+08,  2.182162060157989E+08,
2450719.572824074, A.D. 1997-Sep-28 01:44:52.0000, -6.622542804924320E+07, -6.726992525056113E+08,  2.183266625114955E+08,
2450720.572824074, A.D. 1997-Sep-29 01:44:52.0000, -6.500657520288286E+07, -6.727931547996614E+08,  2.184365149777221E+08,
2450721.572824074, A.D. 1997-Sep-30 01:44:52.0000, -6.378754259796734E+07, -6.728851958441523E+08,  2.185457631364325E+08,
2450722.572824074, A.D. 1997-Oct-01 01:44:52.0000, -6.256833361586608E+07, -6.729753754639767E+08,  2.186544067117384E+08,
2450723.572824074, A.D. 1997-Oct-02 01:44:52.0000, -6.134895163885332E+07, -6.730636934906491E+08,  2.187624454298949E+08,
2450724.572824074, A.D. 1997-Oct-03 01:44:52.0000, -6.012940005000894E+07, -6.731501497623829E+08,  2.188698790192876E+08,
2450725.572824074, A.D. 1997-Oct-04 01:44:52.0000, -5.890968223311659E+07, -6.732347441241471E+08,  2.189767072104212E+08,
2450726.572824074, A.D. 1997-Oct-05 01:44:52.0000, -5.768980157256361E+07, -6.733174764277011E+08,  2.190829297359089E+08,
2450727.572824074, A.D. 1997-Oct-06 01:44:52.0000, -5.646976145324539E+07, -6.733983465316157E+08,  2.191885463304652E+08,
2450728.572824074, A.D. 1997-Oct-07 01:44:52.0000, -5.524956526047651E+07, -6.734773543012772E+08,  2.192935567308985E+08,
2450729.572824074, A.D. 1997-Oct-08 01:44:52.0000, -5.402921637990940E+07, -6.735544996088855E+08,  2.193979606761070E+08,
2450730.572824074, A.D. 1997-Oct-09 01:44:52.0000, -5.280871819746093E+07, -6.736297823334410E+08,  2.195017579070742E+08,
2450731.572824074, A.D. 1997-Oct-10 01:44:52.0000, -5.158807409924677E+07, -6.737032023607289E+08,  2.196049481668670E+08,
2450732.572824074, A.D. 1997-Oct-11 01:44:52.0000, -5.036728747152290E+07, -6.737747595832971E+08,  2.197075312006340E+08,
2450733.572824074, A.D. 1997-Oct-12 01:44:52.0000, -4.914636170063382E+07, -6.738444539004362E+08,  2.198095067556045E+08,
2450734.572824074, A.D. 1997-Oct-13 01:44:52.0000, -4.792530017296679E+07, -6.739122852181529E+08,  2.199108745810883E+08,
2450735.572824074, A.D. 1997-Oct-14 01:44:52.0000, -4.670410627491098E+07, -6.739782534491482E+08,  2.200116344284760E+08,
2450736.572824074, A.D. 1997-Oct-15 01:44:52.0000, -4.548278339282135E+07, -6.740423585127919E+08,  2.201117860512397E+08,
2450737.572824074, A.D. 1997-Oct-16 01:44:52.0000, -4.426133491298620E+07, -6.741046003351010E+08,  2.202113292049338E+08,
2450738.572824074, A.D. 1997-Oct-17 01:44:52.0000, -4.303976422159824E+07, -6.741649788487161E+08,  2.203102636471957E+08,
2450739.572824074, A.D. 1997-Oct-18 01:44:52.0000, -4.181807470472778E+07, -6.742234939928817E+08,  2.204085891377480E+08,
2450740.572824074, A.D. 1997-Oct-19 01:44:52.0000, -4.059626974829906E+07, -6.742801457134244E+08,  2.205063054383987E+08,
2450741.572824074, A.D. 1997-Oct-20 01:44:52.0000, -3.937435273806781E+07, -6.743349339627358E+08,  2.206034123130435E+08,
2450742.572824074, A.D. 1997-Oct-21 01:44:52.0000, -3.815232705960082E+07, -6.743878586997528E+08,  2.206999095276665E+08,
2450743.572824074, A.D. 1997-Oct-22 01:44:52.0000, -3.693019609825662E+07, -6.744389198899428E+08,  2.207957968503421E+08,
2450744.572824074, A.D. 1997-Oct-23 01:44:52.0000, -3.570796323916739E+07, -6.744881175052865E+08,  2.208910740512361E+08,
2450745.572824074, A.D. 1997-Oct-24 01:44:52.0000, -3.448563186722179E+07, -6.745354515242637E+08,  2.209857409026073E+08,
2450746.572824074, A.D. 1997-Oct-25 01:44:52.0000, -3.326320536704847E+07, -6.745809219318403E+08,  2.210797971788086E+08,
2450747.572824074, A.D. 1997-Oct-26 01:44:52.0000, -3.204068712300041E+07, -6.746245287194535E+08,  2.211732426562887E+08,
2450748.572824074, A.D. 1997-Oct-27 01:44:52.0000, -3.081808051913967E+07, -6.746662718850009E+08,  2.212660771135930E+08,
2450749.572824074, A.D. 1997-Oct-28 01:44:52.0000, -2.959538893922266E+07, -6.747061514328290E+08,  2.213583003313652E+08,
2450750.572824074, A.D. 1997-Oct-29 01:44:52.0000, -2.837261576668590E+07, -6.747441673737223E+08,  2.214499120923483E+08,
2450751.572824074, A.D. 1997-Oct-30 01:44:52.0000, -2.714976438463226E+07, -6.747803197248917E+08,  2.215409121813855E+08,
2450752.572824074, A.D. 1997-Oct-31 01:44:52.0000, -2.592683817581702E+07, -6.748146085099667E+08,  2.216313003854222E+08,
2450753.572824074, A.D. 1997-Nov-01 01:44:52.0000, -2.470384052263495E+07, -6.748470337589858E+08,  2.217210764935060E+08,
2450754.572824074, A.D. 1997-Nov-02 01:44:52.0000, -2.348077480710719E+07, -6.748775955083865E+08,  2.218102402967884E+08,
2450755.572824074, A.D. 1997-Nov-03 01:44:52.0000, -2.225764441086863E+07, -6.749062938009994E+08,  2.218987915885258E+08,
2450756.572824074, A.D. 1997-Nov-04 01:44:52.0000, -2.103445271515546E+07, -6.749331286860386E+08,  2.219867301640801E+08,
2450757.572824074, A.D. 1997-Nov-05 01:44:52.0000, -1.981120310079296E+07, -6.749581002190970E+08,  2.220740558209199E+08,
2450758.572824074, A.D. 1997-Nov-06 01:44:52.0000, -1.858789894818365E+07, -6.749812084621370E+08,  2.221607683586212E+08,
2450759.572824074, A.D. 1997-Nov-07 01:44:52.0000, -1.736454363729557E+07, -6.750024534834861E+08,  2.222468675788685E+08,
2450760.572824074, A.D. 1997-Nov-08 01:44:52.0000, -1.614114054765087E+07, -6.750218353578312E+08,  2.223323532854550E+08,
2450761.572824074, A.D. 1997-Nov-09 01:44:52.0000, -1.491769305831450E+07, -6.750393541662142E+08,  2.224172252842843E+08,
2450762.572824074, A.D. 1997-Nov-10 01:44:52.0000, -1.369420454788361E+07, -6.750550099960263E+08,  2.225014833833698E+08,
2450763.572824074, A.D. 1997-Nov-11 01:44:52.0000, -1.247067839447613E+07, -6.750688029410052E+08,  2.225851273928361E+08,
2450764.572824074, A.D. 1997-Nov-12 01:44:52.0000, -1.124711797572067E+07, -6.750807331012337E+08,  2.226681571249198E+08,
2450765.572824074, A.D. 1997-Nov-13 01:44:52.0000, -1.002352666874583E+07, -6.750908005831350E+08,  2.227505723939690E+08,
2450766.572824074, A.D. 1997-Nov-14 01:44:52.0000, -8.799907850169934E+06, -6.750990054994736E+08,  2.228323730164445E+08,
2450767.572824074, A.D. 1997-Nov-15 01:44:52.0000, -7.576264896090619E+06, -6.751053479693549E+08,  2.229135588109196E+08,
2450768.572824074, A.D. 1997-Nov-16 01:44:52.0000, -6.352601182074502E+06, -6.751098281182262E+08,  2.229941295980803E+08,
2450769.572824074, A.D. 1997-Nov-17 01:44:52.0000, -5.128920083146618E+06, -6.751124460778790E+08,  2.230740852007255E+08,
2450770.572824074, A.D. 1997-Nov-18 01:44:52.0000, -3.905224973779591E+06, -6.751132019864528E+08,  2.231534254437666E+08,
2450771.572824074, A.D. 1997-Nov-19 01:44:52.0000, -2.681519227882355E+06, -6.751120959884416E+08,  2.232321501542273E+08,
2450772.572824074, A.D. 1997-Nov-20 01:44:52.0000, -1.457806218788124E+06, -6.751091282346990E+08,  2.233102591612423E+08,
2450773.572824074, A.D. 1997-Nov-21 01:44:52.0000, -2.340893192414368E+05, -6.751042988824489E+08,  2.233877522960579E+08,
2450774.572824074, A.D. 1997-Nov-22 01:44:52.0000,  9.896280986163126E+05, -6.750976080952959E+08,  2.234646293920293E+08,
2450775.572824074, A.D. 1997-Nov-23 01:44:52.0000,  2.213342663262745E+06, -6.750890560432386E+08,  2.235408902846199E+08,
2450776.572824074, A.D. 1997-Nov-24 01:44:52.0000,  3.437051003813113E+06, -6.750786429026847E+08,  2.236165348113989E+08,
2450777.572824074, A.D. 1997-Nov-25 01:44:52.0000,  4.660749750041629E+06, -6.750663688564694E+08,  2.236915628120397E+08,
2450778.572824074, A.D. 1997-Nov-26 01:44:52.0000,  5.884435532406569E+06, -6.750522340938739E+08,  2.237659741283157E+08,
2450779.572824074, A.D. 1997-Nov-27 01:44:52.0000,  7.108104982079956E+06, -6.750362388106483E+08,  2.238397686040975E+08,
2450780.572824074, A.D. 1997-Nov-28 01:44:52.0000,  8.331754730982865E+06, -6.750183832090344E+08,  2.239129460853487E+08,
2450781.572824074, A.D. 1997-Nov-29 01:44:52.0000,  9.555381411827473E+06, -6.749986674977900E+08,  2.239855064201204E+08,
2450782.572824074, A.D. 1997-Nov-30 01:44:52.0000,  1.077898165816700E+07, -6.749770918922124E+08,  2.240574494585464E+08,
2450783.572824074, A.D. 1997-Dec-01 01:44:52.0000,  1.200255210445475E+07, -6.749536566141615E+08,  2.241287750528359E+08,
2450784.572824074, A.D. 1997-Dec-02 01:44:52.0000,  1.322608938611325E+07, -6.749283618920782E+08,  2.241994830572670E+08,
2450785.572824074, A.D. 1997-Dec-03 01:44:52.0000,  1.444959013961494E+07, -6.749012079609964E+08,  2.242695733281789E+08,
2450786.572824074, A.D. 1997-Dec-04 01:44:52.0000,  1.567305100257374E+07, -6.748721950625478E+08,  2.243390457239640E+08,
2450787.572824074, A.D. 1997-Dec-05 01:44:52.0000,  1.689646861384703E+07, -6.748413234449514E+08,  2.244079001050603E+08,
2450788.572824074, A.D. 1997-Dec-06 01:44:52.0000,  1.811983961364902E+07, -6.748085933629864E+08,  2.244761363339434E+08,
2450789.572824074, A.D. 1997-Dec-07 01:44:52.0000,  1.934316064366966E+07, -6.747740050779449E+08,  2.245437542751209E+08,
2450790.572824074, A.D. 1997-Dec-08 01:44:52.0000,  2.056642834719541E+07, -6.747375588575553E+08,  2.246107537951281E+08,
2450791.572824074, A.D. 1997-Dec-09 01:44:52.0000,  2.178963936922629E+07, -6.746992549758793E+08,  2.246771347625259E+08,
2450792.572824074, A.D. 1997-Dec-10 01:44:52.0000,  2.301279035658040E+07, -6.746590937131776E+08,  2.247428970479037E+08,
2450793.572824074, A.D. 1997-Dec-11 01:44:52.0000,  2.423587795797595E+07, -6.746170753557422E+08,  2.248080405238852E+08,
2450794.572824074, A.D. 1997-Dec-12 01:44:52.0000,  2.545889882408007E+07, -6.745732001957078E+08,  2.248725650651411E+08,
2450795.572824074, A.D. 1997-Dec-13 01:44:52.0000,  2.668184960751518E+07, -6.745274685308409E+08,  2.249364705484057E+08,
2450796.572824074, A.D. 1997-Dec-14 01:44:52.0000,  2.790472696281585E+07, -6.744798806643254E+08,  2.249997568524987E+08,
2450797.572824074, A.D. 1997-Dec-15 01:44:52.0000,  2.912752754633338E+07, -6.744304369045596E+08,  2.250624238583531E+08,
2450798.572824074, A.D. 1997-Dec-16 01:44:52.0000,  3.035024801608809E+07, -6.743791375649718E+08,  2.251244714490410E+08,
2450799.572824074, A.D. 1997-Dec-17 01:44:52.0000,  3.157288503157884E+07, -6.743259829638860E+08,  2.251858995098057E+08,
2450800.572824074, A.D. 1997-Dec-18 01:44:52.0000,  3.279543525356269E+07, -6.742709734244338E+08,  2.252467079280884E+08,
2450801.572824074, A.D. 1997-Dec-19 01:44:52.0000,  3.401789534382316E+07, -6.742141092745301E+08,  2.253068965935519E+08,
2450802.572824074, A.D. 1997-Dec-20 01:44:52.0000,  3.524026196494108E+07, -6.741553908469076E+08,  2.253664653981001E+08,
2450803.572824074, A.D. 1997-Dec-21 01:44:52.0000,  3.646253178009036E+07, -6.740948184792063E+08,  2.254254142358888E+08,
2450804.572824074, A.D. 1997-Dec-22 01:44:52.0000,  3.768470145286878E+07, -6.740323925141065E+08,  2.254837430033322E+08,
2450805.572824074, A.D. 1997-Dec-23 01:44:52.0000,  3.890676764717306E+07, -6.739681132994900E+08,  2.255414515991006E+08,
2450806.572824074, A.D. 1997-Dec-24 01:44:52.0000,  4.012872702712192E+07, -6.739019811886191E+08,  2.255985399241143E+08,
2450807.572824074, A.D. 1997-Dec-25 01:44:52.0000,  4.135057625702284E+07, -6.738339965403100E+08,  2.256550078815310E+08,
2450808.572824074, A.D. 1997-Dec-26 01:44:52.0000,  4.257231200138292E+07, -6.737641597191037E+08,  2.257108553767342E+08,
2450809.572824074, A.D. 1997-Dec-27 01:44:52.0000,  4.379393092494804E+07, -6.736924710954118E+08,  2.257660823173161E+08,
2450810.572824074, A.D. 1997-Dec-28 01:44:52.0000,  4.501542969276815E+07, -6.736189310456409E+08,  2.258206886130619E+08,
2450811.572824074, A.D. 1997-Dec-29 01:44:52.0000,  4.623680497027799E+07, -6.735435399522955E+08,  2.258746741759358E+08,
2450812.572824074, A.D. 1997-Dec-30 01:44:52.0000,  4.745805342338642E+07, -6.734662982040510E+08,  2.259280389200655E+08,
2450813.572824074, A.D. 1997-Dec-31 01:44:52.0000,  4.867917171856812E+07, -6.733872061958096E+08,  2.259807827617308E+08,
2450814.572824074, A.D. 1998-Jan-01 01:44:52.0000,  4.990015652295393E+07, -6.733062643287326E+08,  2.260329056193527E+08,
2450815.572824074, A.D. 1998-Jan-02 01:44:52.0000,  5.112100450441634E+07, -6.732234730102599E+08,  2.260844074134842E+08,
2450816.572824074, A.D. 1998-Jan-03 01:44:52.0000,  5.234171233164843E+07, -6.731388326541142E+08,  2.261352880668032E+08,
2450817.572824074, A.D. 1998-Jan-04 01:44:52.0000,  5.356227667423508E+07, -6.730523436802975E+08,  2.261855475041069E+08,
2450818.572824074, A.D. 1998-Jan-05 01:44:52.0000,  5.478269420271658E+07, -6.729640065150781E+08,  2.262351856523067E+08,
2450819.572824074, A.D. 1998-Jan-06 01:44:52.0000,  5.600296158864438E+07, -6.728738215909742E+08,  2.262842024404256E+08,
2450820.572824074, A.D. 1998-Jan-07 01:44:52.0000,  5.722307550462972E+07, -6.727817893467337E+08,  2.263325977995948E+08,
2450821.572824074, A.D. 1998-Jan-08 01:44:52.0000,  5.844303262438586E+07, -6.726879102273122E+08,  2.263803716630530E+08,
2450822.572824074, A.D. 1998-Jan-09 01:44:52.0000,  5.966282962276430E+07, -6.725921846838496E+08,  2.264275239661443E+08,
2450823.572824074, A.D. 1998-Jan-10 01:44:52.0000,  6.088246317578600E+07, -6.724946131736481E+08,  2.264740546463183E+08,
2450824.572824074, A.D. 1998-Jan-11 01:44:52.0000,  6.210192996066842E+07, -6.723951961601483E+08,  2.265199636431290E+08,
2450825.572824074, A.D. 1998-Jan-12 01:44:52.0000,  6.332122665584859E+07, -6.722939341129094E+08,  2.265652508982358E+08,
2450826.572824074, A.D. 1998-Jan-13 01:44:52.0000,  6.454034994100322E+07, -6.721908275075872E+08,  2.266099163554024E+08,
2450827.572824074, A.D. 1998-Jan-14 01:44:52.0000,  6.575929649706621E+07, -6.720858768259159E+08,  2.266539599604980E+08,
2450828.572824074, A.D. 1998-Jan-15 01:44:52.0000,  6.697806300624390E+07, -6.719790825556905E+08,  2.266973816614972E+08,
2450829.572824074, A.D. 1998-Jan-16 01:44:52.0000,  6.819664615202869E+07, -6.718704451907493E+08,  2.267401814084806E+08,
2450830.572824074, A.D. 1998-Jan-17 01:44:52.0000,  6.941504261921112E+07, -6.717599652309598E+08,  2.267823591536347E+08,
2450831.572824074, A.D. 1998-Jan-18 01:44:52.0000,  7.063324909389076E+07, -6.716476431822044E+08,  2.268239148512530E+08,
2450832.572824074, A.D. 1998-Jan-19 01:44:52.0000,  7.185126226348624E+07, -6.715334795563687E+08,  2.268648484577362E+08,
2450833.572824074, A.D. 1998-Jan-20 01:44:52.0000,  7.306907881674437E+07, -6.714174748713286E+08,  2.269051599315918E+08,
2450834.572824074, A.D. 1998-Jan-21 01:44:52.0000,  7.428669544374889E+07, -6.712996296509416E+08,  2.269448492334354E+08,
2450835.572824074, A.D. 1998-Jan-22 01:44:52.0000,  7.550410883592845E+07, -6.711799444250371E+08,  2.269839163259906E+08,
2450836.572824074, A.D. 1998-Jan-23 01:44:52.0000,  7.672131568606453E+07, -6.710584197294071E+08,  2.270223611740890E+08,
2450837.572824074, A.D. 1998-Jan-24 01:44:52.0000,  7.793831268829867E+07, -6.709350561058006E+08,  2.270601837446704E+08,
2450838.572824074, A.D. 1998-Jan-25 01:44:52.0000,  7.915509653813997E+07, -6.708098541019157E+08,  2.270973840067831E+08,
2450839.572824074, A.D. 1998-Jan-26 01:44:52.0000,  8.037166393247195E+07, -6.706828142713944E+08,  2.271339619315839E+08,
2450840.572824074, A.D. 1998-Jan-27 01:44:52.0000,  8.158801156955957E+07, -6.705539371738179E+08,  2.271699174923382E+08,
2450841.572824074, A.D. 1998-Jan-28 01:44:52.0000,  8.280413614905605E+07, -6.704232233747014E+08,  2.272052506644193E+08,
2450842.572824074, A.D. 1998-Jan-29 01:44:52.0000,  8.402003437200965E+07, -6.702906734454923E+08,  2.272399614253092E+08,
2450843.572824074, A.D. 1998-Jan-30 01:44:52.0000,  8.523570294087036E+07, -6.701562879635644E+08,  2.272740497545977E+08,
2450844.572824074, A.D. 1998-Jan-31 01:44:52.0000,  8.645113855949660E+07, -6.700200675122191E+08,  2.273075156339825E+08,
2450845.572824074, A.D. 1998-Feb-01 01:44:52.0000,  8.766633793316187E+07, -6.698820126806812E+08,  2.273403590472689E+08,
2450846.572824074, A.D. 1998-Feb-02 01:44:52.0000,  8.888129776856153E+07, -6.697421240640993E+08,  2.273725799803694E+08,
2450847.572824074, A.D. 1998-Feb-03 01:44:52.0000,  9.009601477381922E+07, -6.696004022635443E+08,  2.274041784213032E+08,
2450848.572824074, A.D. 1998-Feb-04 01:44:52.0000,  9.131048565849376E+07, -6.694568478860114E+08,  2.274351543601956E+08,
2450849.572824074, A.D. 1998-Feb-05 01:44:52.0000,  9.252470713358569E+07, -6.693114615444196E+08,  2.274655077892782E+08,
2450850.572824074, A.D. 1998-Feb-06 01:44:52.0000,  9.373867591154400E+07, -6.691642438576150E+08,  2.274952387028873E+08,
2450851.572824074, A.D. 1998-Feb-07 01:44:52.0000,  9.495238870627302E+07, -6.690151954503716E+08,  2.275243470974636E+08,
2450852.572824074, A.D. 1998-Feb-08 01:44:52.0000,  9.616584223313928E+07, -6.688643169533968E+08,  2.275528329715517E+08,
2450853.572824074, A.D. 1998-Feb-09 01:44:52.0000,  9.737903320897835E+07, -6.687116090033343E+08,  2.275806963257990E+08,
2450854.572824074, A.D. 1998-Feb-10 01:44:52.0000,  9.859195835210216E+07, -6.685570722427697E+08,  2.276079371629544E+08,
2450855.572824074, A.D. 1998-Feb-11 01:44:52.0000,  9.980461438230641E+07, -6.684007073202381E+08,  2.276345554878677E+08,
2450856.572824074, A.D. 1998-Feb-12 01:44:52.0000,  1.010169980208783E+08, -6.682425148902305E+08,  2.276605513074882E+08,
2450857.572824074, A.D. 1998-Feb-13 01:44:52.0000,  1.022291059906045E+08, -6.680824956132032E+08,  2.276859246308633E+08,
2450858.572824074, A.D. 1998-Feb-14 01:44:52.0000,  1.034409350157803E+08, -6.679206501555889E+08,  2.277106754691364E+08,
2450859.572824074, A.D. 1998-Feb-15 01:44:52.0000,  1.046524818222189E+08, -6.677569791898082E+08,  2.277348038355465E+08,
2450860.572824074, A.D. 1998-Feb-16 01:44:52.0000,  1.058637431372616E+08, -6.675914833942835E+08,  2.277583097454243E+08,
2450861.572824074, A.D. 1998-Feb-17 01:44:52.0000,  1.070747156897902E+08, -6.674241634534549E+08,  2.277811932161912E+08,
2450862.572824074, A.D. 1998-Feb-18 01:44:52.0000,  1.082853962102401E+08, -6.672550200577979E+08,  2.278034542673566E+08,
2450863.572824074, A.D. 1998-Feb-19 01:44:52.0000,  1.094957814306156E+08, -6.670840539038435E+08,  2.278250929205140E+08,
2450864.572824074, A.D. 1998-Feb-20 01:44:52.0000,  1.107058680845086E+08, -6.669112656942002E+08,  2.278461091993385E+08,
2450865.572824074, A.D. 1998-Feb-21 01:44:52.0000,  1.119156529071193E+08, -6.667366561375784E+08,  2.278665031295823E+08,
2450866.572824074, A.D. 1998-Feb-22 01:44:52.0000,  1.131251326352821E+08, -6.665602259488165E+08,  2.278862747390704E+08,
2450867.572824074, A.D. 1998-Feb-23 01:44:52.0000,  1.143343040074955E+08, -6.663819758489097E+08,  2.279054240576953E+08,
2450868.572824074, A.D. 1998-Feb-24 01:44:52.0000,  1.155431637639589E+08, -6.662019065650407E+08,  2.279239511174117E+08,
2450869.572824074, A.D. 1998-Feb-25 01:44:52.0000,  1.167517086466148E+08, -6.660200188306080E+08,  2.279418559522292E+08,
2450870.572824074, A.D. 1998-Feb-26 01:44:52.0000,  1.179599353992025E+08, -6.658363133852583E+08,  2.279591385982059E+08,
2450871.572824074, A.D. 1998-Feb-27 01:44:52.0000,  1.191678407673161E+08, -6.656507909749142E+08,  2.279757990934398E+08,
2450872.572824074, A.D. 1998-Feb-28 01:44:52.0000,  1.203754214984780E+08, -6.654634523517997E+08,  2.279918374780602E+08,
2450873.572824074, A.D. 1998-Mar-01 01:44:52.0000,  1.215826743422208E+08, -6.652742982744577E+08,  2.280072537942188E+08,
2450874.572824074, A.D. 1998-Mar-02 01:44:52.0000,  1.227895960501823E+08, -6.650833295077605E+08,  2.280220480860801E+08,
2450875.572824074, A.D. 1998-Mar-03 01:44:52.0000,  1.239961833762105E+08, -6.648905468229045E+08,  2.280362203998115E+08,
2450876.572824074, A.D. 1998-Mar-04 01:44:52.0000,  1.252024330764800E+08, -6.646959509973897E+08,  2.280497707835751E+08,
2450877.572824074, A.D. 1998-Mar-05 01:44:52.0000,  1.264083419096137E+08, -6.644995428149744E+08,  2.280626992875188E+08,
2450878.572824074, A.D. 1998-Mar-06 01:44:52.0000,  1.276139066368074E+08, -6.643013230656067E+08,  2.280750059637718E+08,
2450879.572824074, A.D. 1998-Mar-07 01:44:52.0000,  1.288191240219507E+08, -6.641012925453246E+08,  2.280866908664404E+08,
2450880.572824074, A.D. 1998-Mar-08 01:44:52.0000,  1.300239908317343E+08, -6.638994520561246E+08,  2.280977540516092E+08,
2450881.572824074, A.D. 1998-Mar-09 01:44:52.0000,  1.312285038357351E+08, -6.636958024058003E+08,  2.281081955773459E+08,
2450882.572824074, A.D. 1998-Mar-10 01:44:52.0000,  1.324326598064678E+08, -6.634903444077581E+08,  2.281180155037120E+08,
2450883.572824074, A.D. 1998-Mar-11 01:44:52.0000,  1.336364555193967E+08, -6.632830788808078E+08,  2.281272138927775E+08,
2450884.572824074, A.D. 1998-Mar-12 01:44:52.0000,  1.348398877528940E+08, -6.630740066489586E+08,  2.281357908086435E+08,
2450885.572824074, A.D. 1998-Mar-13 01:44:52.0000,  1.360429532881466E+08, -6.628631285412132E+08,  2.281437463174641E+08,
2450886.572824074, A.D. 1998-Mar-14 01:44:52.0000,  1.372456489090147E+08, -6.626504453913963E+08,  2.281510804874751E+08,
2450887.572824074, A.D. 1998-Mar-15 01:44:52.0000,  1.384479714018442E+08, -6.624359580380211E+08,  2.281577933890217E+08,
2450888.572824074, A.D. 1998-Mar-16 01:44:52.0000,  1.396499175552523E+08, -6.622196673242089E+08,  2.281638850945840E+08,
2450889.572824074, A.D. 1998-Mar-17 01:44:52.0000,  1.408514841598997E+08, -6.620015740976700E+08,  2.281693556787996E+08,
2450890.572824074, A.D. 1998-Mar-18 01:44:52.0000,  1.420526680082699E+08, -6.617816792107432E+08,  2.281742052184795E+08,
2450891.572824074, A.D. 1998-Mar-19 01:44:52.0000,  1.432534658944716E+08, -6.615599835204898E+08,  2.281784337926190E+08,
2450892.572824074, A.D. 1998-Mar-20 01:44:52.0000,  1.444538746140770E+08, -6.613364878888305E+08,  2.281820414824004E+08,
2450893.572824074, A.D. 1998-Mar-21 01:44:52.0000,  1.456538909640047E+08, -6.611111931827120E+08,  2.281850283711904E+08,
2450894.572824074, A.D. 1998-Mar-22 01:44:52.0000,  1.468535117424507E+08, -6.608841002742852E+08,  2.281873945445303E+08,
2450895.572824074, A.D. 1998-Mar-23 01:44:52.0000,  1.480527337488654E+08, -6.606552100410846E+08,  2.281891400901241E+08,
2450896.572824074, A.D. 1998-Mar-24 01:44:52.0000,  1.492515537839695E+08, -6.604245233661972E+08,  2.281902650978224E+08,
2450897.572824074, A.D. 1998-Mar-25 01:44:52.0000,  1.504499686498028E+08, -6.601920411384113E+08,  2.281907696596046E+08,
2450898.572824074, A.D. 1998-Mar-26 01:44:52.0000,  1.516479751497977E+08, -6.599577642523422E+08,  2.281906538695628E+08,
2450899.572824074, A.D. 1998-Mar-27 01:44:52.0000,  1.528455700888668E+08, -6.597216936085331E+08,  2.281899178238835E+08,
2450900.572824074, A.D. 1998-Mar-28 01:44:52.0000,  1.540427502735003E+08, -6.594838301135311E+08,  2.281885616208327E+08,
2450901.572824074, A.D. 1998-Mar-29 01:44:52.0000,  1.552395125118651E+08, -6.592441746799407E+08,  2.281865853607416E+08,
2450902.572824074, A.D. 1998-Mar-30 01:44:52.0000,  1.564358536139027E+08, -6.590027282264581E+08,  2.281839891459942E+08,
2450903.572824074, A.D. 1998-Mar-31 01:44:52.0000,  1.576317703914223E+08, -6.587594916778897E+08,  2.281807730810170E+08,
2450904.572824074, A.D. 1998-Apr-01 01:44:52.0000,  1.588272596581871E+08, -6.585144659651554E+08,  2.281769372722694E+08,
2450905.572824074, A.D. 1998-Apr-02 01:44:52.0000,  1.600223182299934E+08, -6.582676520252841E+08,  2.281724818282368E+08,
2450906.572824074, A.D. 1998-Apr-03 01:44:52.0000,  1.612169429247418E+08, -6.580190508014013E+08,  2.281674068594240E+08,
2450907.572824074, A.D. 1998-Apr-04 01:44:52.0000,  1.624111305625006E+08, -6.577686632427105E+08,  2.281617124783505E+08,
2450908.572824074, A.D. 1998-Apr-05 01:44:52.0000,  1.636048779655622E+08, -6.575164903044723E+08,  2.281553987995459E+08,
2450909.572824074, A.D. 1998-Apr-06 01:44:52.0000,  1.647981819584935E+08, -6.572625329479802E+08,  2.281484659395469E+08,
2450910.572824074, A.D. 1998-Apr-07 01:44:52.0000,  1.659910393681795E+08, -6.570067921405360E+08,  2.281409140168943E+08,
2450911.572824074, A.D. 1998-Apr-08 01:44:52.0000,  1.671834470238627E+08, -6.567492688554255E+08,  2.281327431521304E+08,
2450912.572824074, A.D. 1998-Apr-09 01:44:52.0000,  1.683754017571782E+08, -6.564899640718932E+08,  2.281239534677977E+08,
2450913.572824074, A.D. 1998-Apr-10 01:44:52.0000,  1.695669004021843E+08, -6.562288787751173E+08,  2.281145450884361E+08,
2450914.572824074, A.D. 1998-Apr-11 01:44:52.0000,  1.707579397953910E+08, -6.559660139561888E+08,  2.281045181405827E+08,
2450915.572824074, A.D. 1998-Apr-12 01:44:52.0000,  1.719485167757852E+08, -6.557013706120865E+08,  2.280938727527689E+08,
2450916.572824074, A.D. 1998-Apr-13 01:44:52.0000,  1.731386281848538E+08, -6.554349497456577E+08,  2.280826090555204E+08,
2450917.572824074, A.D. 1998-Apr-14 01:44:52.0000,  1.743282708666053E+08, -6.551667523655975E+08,  2.280707271813550E+08,
2450918.572824074, A.D. 1998-Apr-15 01:44:52.0000,  1.755174416675898E+08, -6.548967794864296E+08,  2.280582272647820E+08,
2450919.572824074, A.D. 1998-Apr-16 01:44:52.0000,  1.767061374369172E+08, -6.546250321284885E+08,  2.280451094423006E+08,
2450920.572824074, A.D. 1998-Apr-17 01:44:52.0000,  1.778943550262758E+08, -6.543515113179022E+08,  2.280313738523985E+08,
2450921.572824074, A.D. 1998-Apr-18 01:44:52.0000,  1.790820912899481E+08, -6.540762180865769E+08,  2.280170206355513E+08,
2450922.572824074, A.D. 1998-Apr-19 01:44:52.0000,  1.802693430848277E+08, -6.537991534721804E+08,  2.280020499342203E+08,
2450923.572824074, A.D. 1998-Apr-20 01:44:52.0000,  1.814561072704346E+08, -6.535203185181284E+08,  2.279864618928521E+08,
2450924.572824074, A.D. 1998-Apr-21 01:44:52.0000,  1.826423807089306E+08, -6.532397142735709E+08,  2.279702566578763E+08,
2450925.572824074, A.D. 1998-Apr-22 01:44:52.0000,  1.838281602651336E+08, -6.529573417933782E+08,  2.279534343777049E+08,
2450926.572824074, A.D. 1998-Apr-23 01:44:52.0000,  1.850134428065322E+08, -6.526732021381292E+08,  2.279359952027305E+08,
2450927.572824074, A.D. 1998-Apr-24 01:44:52.0000,  1.861982252032998E+08, -6.523872963740982E+08,  2.279179392853242E+08,
2450928.572824074, A.D. 1998-Apr-25 01:44:52.0000,  1.873825043283085E+08, -6.520996255732446E+08,  2.278992667798353E+08,
2450929.572824074, A.D. 1998-Apr-26 01:44:52.0000,  1.885662770571425E+08, -6.518101908132014E+08,  2.278799778425888E+08,
2450930.572824074, A.D. 1998-Apr-27 01:44:52.0000,  1.897495402681118E+08, -6.515189931772643E+08,  2.278600726318838E+08,
2450931.572824074, A.D. 1998-Apr-28 01:44:52.0000,  1.909322908422650E+08, -6.512260337543814E+08,  2.278395513079921E+08,
2450932.572824074, A.D. 1998-Apr-29 01:44:52.0000,  1.921145256634022E+08, -6.509313136391447E+08,  2.278184140331567E+08,
2450933.572824074, A.D. 1998-Apr-30 01:44:52.0000,  1.932962416180885E+08, -6.506348339317788E+08,  2.277966609715891E+08,
2450934.572824074, A.D. 1998-May-01 01:44:52.0000,  1.944774355956660E+08, -6.503365957381337E+08,  2.277742922894686E+08,
2450935.572824074, A.D. 1998-May-02 01:44:52.0000,  1.956581044882666E+08, -6.500366001696758E+08,  2.277513081549397E+08,
2450936.572824074, A.D. 1998-May-03 01:44:52.0000,  1.968382451908240E+08, -6.497348483434799E+08,  2.277277087381107E+08,
2450937.572824074, A.D. 1998-May-04 01:44:52.0000,  1.980178546010858E+08, -6.494313413822211E+08,  2.277034942110510E+08,
2450938.572824074, A.D. 1998-May-05 01:44:52.0000,  1.991969296196261E+08, -6.491260804141692E+08,  2.276786647477896E+08,
2450939.572824074, A.D. 1998-May-06 01:44:52.0000,  2.003754671498565E+08, -6.488190665731816E+08,  2.276532205243133E+08,
2450940.572824074, A.D. 1998-May-07 01:44:52.0000,  2.015534640980384E+08, -6.485103009986981E+08,  2.276271617185637E+08,
2450941.572824074, A.D. 1998-May-08 01:44:52.0000,  2.027309173732944E+08, -6.481997848357351E+08,  2.276004885104356E+08,
2450942.572824074, A.D. 1998-May-09 01:44:52.0000,  2.039078238876200E+08, -6.478875192348832E+08,  2.275732010817746E+08,
2450943.572824074, A.D. 1998-May-10 01:44:52.0000,  2.050841805558951E+08, -6.475735053523017E+08,  2.275452996163739E+08,
2450944.572824074, A.D. 1998-May-11 01:44:52.0000,  2.062599842958961E+08, -6.472577443497200E+08,  2.275167842999730E+08,
2450945.572824074, A.D. 1998-May-12 01:44:52.0000,  2.074352320283076E+08, -6.469402373944334E+08,  2.274876553202539E+08,
2450946.572824074, A.D. 1998-May-13 01:44:52.0000,  2.086099206767348E+08, -6.466209856593062E+08,  2.274579128668391E+08,
2450947.572824074, A.D. 1998-May-14 01:44:52.0000,  2.097840471677165E+08, -6.462999903227714E+08,  2.274275571312875E+08,
2450948.572824074, A.D. 1998-May-15 01:44:52.0000,  2.109576084307385E+08, -6.459772525688365E+08,  2.273965883070920E+08,
2450949.572824074, A.D. 1998-May-16 01:44:52.0000,  2.121306013982487E+08, -6.456527735870872E+08,  2.273650065896753E+08,
2450950.572824074, A.D. 1998-May-17 01:44:52.0000,  2.133030230056727E+08, -6.453265545726957E+08,  2.273328121763864E+08,
2450951.572824074, A.D. 1998-May-18 01:44:52.0000,  2.144748701914325E+08, -6.449985967264293E+08,  2.273000052664962E+08,
2450952.572824074, A.D. 1998-May-19 01:44:52.0000,  2.156461398969662E+08, -6.446689012546629E+08,  2.272665860611927E+08,
2450953.572824074, A.D. 1998-May-20 01:44:52.0000,  2.168168290667521E+08, -6.443374693693910E+08,  2.272325547635761E+08,
2450954.572824074, A.D. 1998-May-21 01:44:52.0000,  2.179869346483355E+08, -6.440043022882447E+08,  2.271979115786527E+08,
2450955.572824074, A.D. 1998-May-22 01:44:52.0000,  2.191564535923606E+08, -6.436694012345092E+08,  2.271626567133295E+08,
2450956.572824074, A.D. 1998-May-23 01:44:52.0000,  2.203253828526084E+08, -6.433327674371414E+08,  2.271267903764060E+08,
2450957.572824074, A.D. 1998-May-24 01:44:52.0000,  2.214937193860414E+08, -6.429944021307901E+08,  2.270903127785672E+08,
2450958.572824074, A.D. 1998-May-25 01:44:52.0000,  2.226614601528557E+08, -6.426543065558152E+08,  2.270532241323757E+08,
2450959.572824074, A.D. 1998-May-26 01:44:52.0000,  2.238286021165427E+08, -6.423124819583051E+08,  2.270155246522615E+08,
2450960.572824074, A.D. 1998-May-27 01:44:52.0000,  2.249951422439616E+08, -6.419689295900892E+08,  2.269772145545129E+08,
2450961.572824074, A.D. 1998-May-28 01:44:52.0000,  2.261610775054221E+08, -6.416236507087463E+08,  2.269382940572665E+08,
2450962.572824074, A.D. 1998-May-29 01:44:52.0000,  2.273264048747795E+08, -6.412766465776012E+08,  2.268987633804957E+08,
2450963.572824074, A.D. 1998-May-30 01:44:52.0000,  2.284911213295393E+08, -6.409279184657086E+08,  2.268586227460011E+08,
2450964.572824074, A.D. 1998-May-31 01:44:52.0000,  2.296552238509731E+08, -6.405774676478195E+08,  2.268178723774001E+08,
2450965.572824074, A.D. 1998-Jun-01 01:44:52.0000,  2.308187094242404E+08, -6.402252954043262E+08,  2.267765125001181E+08,
2450966.572824074, A.D. 1998-Jun-02 01:44:52.0000,  2.319815750385110E+08, -6.398714030211790E+08,  2.267345433413822E+08,
2450967.572824074, A.D. 1998-Jun-03 01:44:52.0000,  2.331438176870839E+08, -6.395157917897743E+08,  2.266919651302165E+08,
2450968.572824074, A.D. 1998-Jun-04 01:44:52.0000,  2.343054343674936E+08, -6.391584630068123E+08,  2.266487780974426E+08,
2450969.572824074, A.D. 1998-Jun-05 01:44:52.0000,  2.354664220815917E+08, -6.387994179741232E+08,  2.266049824756837E+08,
2450970.572824074, A.D. 1998-Jun-06 01:44:52.0000,  2.366267778355961E+08, -6.384386579984673E+08,  2.265605784993737E+08,
2450971.572824074, A.D. 1998-Jun-07 01:44:52.0000,  2.377864986400969E+08, -6.380761843913205E+08,  2.265155664047730E+08,
2450972.572824074, A.D. 1998-Jun-08 01:44:52.0000,  2.389455815100119E+08, -6.377119984686515E+08,  2.264699464299873E+08,
2450973.572824074, A.D. 1998-Jun-09 01:44:52.0000,  2.401040234644900E+08, -6.373461015507115E+08,  2.264237188149919E+08,
2450974.572824074, A.D. 1998-Jun-10 01:44:52.0000,  2.412618215267636E+08, -6.369784949618504E+08,  2.263768838016587E+08,
2450975.572824074, A.D. 1998-Jun-11 01:44:52.0000,  2.424189727239570E+08, -6.366091800303713E+08,  2.263294416337815E+08,
2450976.572824074, A.D. 1998-Jun-12 01:44:52.0000,  2.435754740868679E+08, -6.362381580884441E+08,  2.262813925571022E+08,
2450977.572824074, A.D. 1998-Jun-13 01:44:52.0000,  2.447313226497368E+08, -6.358654304720749E+08,  2.262327368193317E+08,
2450978.572824074, A.D. 1998-Jun-14 01:44:52.0000,  2.458865154500215E+08, -6.354909985211368E+08,  2.261834746701655E+08,
2450979.572824074, A.D. 1998-Jun-15 01:44:52.0000,  2.470410495281962E+08, -6.351148635794553E+08,  2.261336063612928E+08,
2450980.572824074, A.D. 1998-Jun-16 01:44:52.0000,  2.481949219275875E+08, -6.347370269949348E+08,  2.260831321463990E+08,
2450981.572824074, A.D. 1998-Jun-17 01:44:52.0000,  2.493481296942535E+08, -6.343574901197143E+08,  2.260320522811610E+08,
2450982.572824074, A.D. 1998-Jun-18 01:44:52.0000,  2.505006698769120E+08, -6.339762543103355E+08,  2.259803670232383E+08,
2450983.572824074, A.D. 1998-Jun-19 01:44:52.0000,  2.516525395269122E+08, -6.335933209279130E+08,  2.259280766322587E+08,
2450984.572824074, A.D. 1998-Jun-20 01:44:52.0000,  2.528037356982483E+08, -6.332086913382888E+08,  2.258751813698017E+08,
2450985.572824074, A.D. 1998-Jun-21 01:44:52.0000,  2.539542554476026E+08, -6.328223669121732E+08,  2.258216814993813E+08,
2450986.572824074, A.D. 1998-Jun-22 01:44:52.0000,  2.551040958344136E+08, -6.324343490252569E+08,  2.257675772864270E+08,
2450987.572824074, A.D. 1998-Jun-23 01:44:52.0000,  2.562532539209589E+08, -6.320446390583029E+08,  2.257128689982668E+08,
2450988.572824074, A.D. 1998-Jun-24 01:44:52.0000,  2.574017267724456E+08, -6.316532383972110E+08,  2.256575569041107E+08,
2450989.572824074, A.D. 1998-Jun-25 01:44:52.0000,  2.585495114571039E+08, -6.312601484330602E+08,  2.256016412750362E+08,
2450990.572824074, A.D. 1998-Jun-26 01:44:52.0000,  2.596966050462782E+08, -6.308653705621327E+08,  2.255451223839749E+08,
2450991.572824074, A.D. 1998-Jun-27 01:44:52.0000,  2.608430046145130E+08, -6.304689061859217E+08,  2.254880005057018E+08,
2450992.572824074, A.D. 1998-Jun-28 01:44:52.0000,  2.619887072396324E+08, -6.300707567111260E+08,  2.254302759168254E+08,
2450993.572824074, A.D. 1998-Jun-29 01:44:52.0000,  2.631337100028116E+08, -6.296709235496352E+08,  2.253719488957800E+08,
2450994.572824074, A.D. 1998-Jun-30 01:44:52.0000,  2.642780099886409E+08, -6.292694081185062E+08,  2.253130197228183E+08,
2450995.572824074, A.D. 1998-Jul-01 01:44:52.0000,  2.654216042851811E+08, -6.288662118399380E+08,  2.252534886800069E+08,
2450996.572824074, A.D. 1998-Jul-02 01:44:52.0000,  2.665644899840126E+08, -6.284613361412388E+08,  2.251933560512200E+08,
2450997.572824074, A.D. 1998-Jul-03 01:44:52.0000,  2.677066641802769E+08, -6.280547824547945E+08,  2.251326221221368E+08,
2450998.572824074, A.D. 1998-Jul-04 01:44:52.0000,  2.688481239727131E+08, -6.276465522180349E+08,  2.250712871802377E+08,
2450999.572824074, A.D. 1998-Jul-05 01:44:52.0000,  2.699888664636886E+08, -6.272366468734001E+08,  2.250093515148012E+08,
2451000.572824074, A.D. 1998-Jul-06 01:44:52.0000,  2.711288887592253E+08, -6.268250678683066E+08,  2.249468154169013E+08,
2451001.572824074, A.D. 1998-Jul-07 01:44:52.0000,  2.722681879690228E+08, -6.264118166551161E+08,  2.248836791794057E+08,
2451002.572824074, A.D. 1998-Jul-08 01:44:52.0000,  2.734067612064768E+08, -6.259968946911027E+08,  2.248199430969734E+08,
2451003.572824074, A.D. 1998-Jul-09 01:44:52.0000,  2.745446055886967E+08, -6.255803034384234E+08,  2.247556074660528E+08,
2451004.572824074, A.D. 1998-Jul-10 01:44:52.0000,  2.756817182365191E+08, -6.251620443640883E+08,  2.246906725848798E+08,
2451005.572824074, A.D. 1998-Jul-11 01:44:52.0000,  2.768180962745205E+08, -6.247421189399341E+08,  2.246251387534764E+08,
2451006.572824074, A.D. 1998-Jul-12 01:44:52.0000,  2.779537368310277E+08, -6.243205286425960E+08,  2.245590062736485E+08,
2451007.572824074, A.D. 1998-Jul-13 01:44:52.0000,  2.790886370381275E+08, -6.238972749534835E+08,  2.244922754489844E+08,
2451008.572824074, A.D. 1998-Jul-14 01:44:52.0000,  2.802227940316747E+08, -6.234723593587557E+08,  2.244249465848531E+08,
2451009.572824074, A.D. 1998-Jul-15 01:44:52.0000,  2.813562049512993E+08, -6.230457833492980E+08,  2.243570199884023E+08,
2451010.572824074, A.D. 1998-Jul-16 01:44:52.0000,  2.824888669404129E+08, -6.226175484207007E+08,  2.242884959685572E+08,
2451011.572824074, A.D. 1998-Jul-17 01:44:52.0000,  2.836207771462147E+08, -6.221876560732371E+08,  2.242193748360182E+08,
2451012.572824074, A.D. 1998-Jul-18 01:44:52.0000,  2.847519327196966E+08, -6.217561078118432E+08,  2.241496569032589E+08,
2451013.572824074, A.D. 1998-Jul-19 01:44:52.0000,  2.858823308156476E+08, -6.213229051460990E+08,  2.240793424845248E+08,
2451014.572824074, A.D. 1998-Jul-20 01:44:52.0000,  2.870119685926581E+08, -6.208880495902095E+08,  2.240084318958312E+08,
2451015.572824074, A.D. 1998-Jul-21 01:44:52.0000,  2.881408432131239E+08, -6.204515426629866E+08,  2.239369254549610E+08,
2451016.572824074, A.D. 1998-Jul-22 01:44:52.0000,  2.892689518432497E+08, -6.200133858878326E+08,  2.238648234814632E+08,
2451017.572824074, A.D. 1998-Jul-23 01:44:52.0000,  2.903962916530518E+08, -6.195735807927223E+08,  2.237921262966502E+08,
2451018.572824074, A.D. 1998-Jul-24 01:44:52.0000,  2.915228598163613E+08, -6.191321289101892E+08,  2.237188342235966E+08,
2451019.572824074, A.D. 1998-Jul-25 01:44:52.0000,  2.926486535108267E+08, -6.186890317773082E+08,  2.236449475871363E+08,
2451020.572824074, A.D. 1998-Jul-26 01:44:52.0000,  2.937736699179156E+08, -6.182442909356829E+08,  2.235704667138611E+08,
2451021.572824074, A.D. 1998-Jul-27 01:44:52.0000,  2.948979062229175E+08, -6.177979079314307E+08,  2.234953919321177E+08,
2451022.572824074, A.D. 1998-Jul-28 01:44:52.0000,  2.960213596149449E+08, -6.173498843151693E+08,  2.234197235720064E+08,
2451023.572824074, A.D. 1998-Jul-29 01:44:52.0000,  2.971440272869354E+08, -6.169002216420056E+08,  2.233434619653783E+08,
2451024.572824074, A.D. 1998-Jul-30 01:44:52.0000,  2.982659064356523E+08, -6.164489214715214E+08,  2.232666074458327E+08,
2451025.572824074, A.D. 1998-Jul-31 01:44:52.0000,  2.993869942616864E+08, -6.159959853677649E+08,  2.231891603487158E+08,
2451026.572824074, A.D. 1998-Aug-01 01:44:52.0000,  3.005072879694561E+08, -6.155414148992387E+08,  2.231111210111173E+08,
2451027.572824074, A.D. 1998-Aug-02 01:44:52.0000,  3.016267847672089E+08, -6.150852116388906E+08,  2.230324897718682E+08,
2451028.572824074, A.D. 1998-Aug-03 01:44:52.0000,  3.027454818670215E+08, -6.146273771641054E+08,  2.229532669715385E+08,
2451029.572824074, A.D. 1998-Aug-04 01:44:52.0000,  3.038633764847999E+08, -6.141679130566967E+08,  2.228734529524344E+08,
2451030.572824074, A.D. 1998-Aug-05 01:44:52.0000,  3.049804658402807E+08, -6.137068209029011E+08,  2.227930480585957E+08,
2451031.572824074, A.D. 1998-Aug-06 01:44:52.0000,  3.060967471570305E+08, -6.132441022933718E+08,  2.227120526357929E+08,
2451032.572824074, A.D. 1998-Aug-07 01:44:52.0000,  3.072122176624469E+08, -6.127797588231758E+08,  2.226304670315242E+08,
2451033.572824074, A.D. 1998-Aug-08 01:44:52.0000,  3.083268745877597E+08, -6.123137920917902E+08,  2.225482915950125E+08,
2451034.572824074, A.D. 1998-Aug-09 01:44:52.0000,  3.094407151680295E+08, -6.118462037031022E+08,  2.224655266772024E+08,
2451035.572824074, A.D. 1998-Aug-10 01:44:52.0000,  3.105537366421530E+08, -6.113769952654088E+08,  2.223821726307563E+08,
2451036.572824074, A.D. 1998-Aug-11 01:44:52.0000,  3.116659362528629E+08, -6.109061683914194E+08,  2.222982298100509E+08,
2451037.572824074, A.D. 1998-Aug-12 01:44:52.0000,  3.127773112467318E+08, -6.104337246982613E+08,  2.222136985711735E+08,
2451038.572824074, A.D. 1998-Aug-13 01:44:52.0000,  3.138878588741773E+08, -6.099596658074849E+08,  2.221285792719176E+08,
2451039.572824074, A.D. 1998-Aug-14 01:44:52.0000,  3.149975763894688E+08, -6.094839933450747E+08,  2.220428722717781E+08,
2451040.572824074, A.D. 1998-Aug-15 01:44:52.0000,  3.161064610507367E+08, -6.090067089414588E+08,  2.219565779319464E+08,
2451041.572824074, A.D. 1998-Aug-16 01:44:52.0000,  3.172145101199843E+08, -6.085278142315233E+08,  2.218696966153047E+08,
2451042.572824074, A.D. 1998-Aug-17 01:44:52.0000,  3.183217208631052E+08, -6.080473108546288E+08,  2.217822286864205E+08,
2451043.572824074, A.D. 1998-Aug-18 01:44:52.0000,  3.194280905499030E+08, -6.075652004546276E+08,  2.216941745115391E+08,
2451044.572824074, A.D. 1998-Aug-19 01:44:52.0000,  3.205336164541189E+08, -6.070814846798840E+08,  2.216055344585769E+08,
2451045.572824074, A.D. 1998-Aug-20 01:44:52.0000,  3.216382958534651E+08, -6.065961651832938E+08,  2.215163088971131E+08,
2451046.572824074, A.D. 1998-Aug-21 01:44:52.0000,  3.227421260296669E+08, -6.061092436223058E+08,  2.214264981983806E+08,
2451047.572824074, A.D. 1998-Aug-22 01:44:52.0000,  3.238451042685137E+08, -6.056207216589401E+08,  2.213361027352571E+08,
2451048.572824074, A.D. 1998-Aug-23 01:44:52.0000,  3.249472278599206E+08, -6.051306009598024E+08,  2.212451228822547E+08,
2451049.572824074, A.D. 1998-Aug-24 01:44:52.0000,  3.260484940980014E+08, -6.046388831960934E+08,  2.211535590155088E+08,
2451050.572824074, A.D. 1998-Aug-25 01:44:52.0000,  3.271489002811525E+08, -6.041455700436080E+08,  2.210614115127676E+08,
2451051.572824074, A.D. 1998-Aug-26 01:44:52.0000,  3.282484437121490E+08, -6.036506631827211E+08,  2.209686807533812E+08,
2451052.572824074, A.D. 1998-Aug-27 01:44:52.0000,  3.293471216982487E+08, -6.031541642983561E+08,  2.208753671182910E+08,
2451053.572824074, A.D. 1998-Aug-28 01:44:52.0000,  3.304449315513046E+08, -6.026560750799304E+08,  2.207814709900205E+08,
2451054.572824074, A.D. 1998-Aug-29 01:44:52.0000,  3.315418705878773E+08, -6.021563972212763E+08,  2.206869927526688E+08,
2451055.572824074, A.D. 1998-Aug-30 01:44:52.0000,  3.326379361293436E+08, -6.016551324205304E+08,  2.205919327919053E+08,
2451056.572824074, A.D. 1998-Aug-31 01:44:52.0000,  3.337331255019916E+08, -6.011522823799944E+08,  2.204962914949704E+08,
2451057.572824074, A.D. 1998-Sep-01 01:44:52.0000,  3.348274360370927E+08, -6.006478488059618E+08,  2.204000692506782E+08,
2451058.572824074, A.D. 1998-Sep-02 01:44:52.0000,  3.359208650709386E+08, -6.001418334085262E+08,  2.203032664494269E+08,
2451059.572824074, A.D. 1998-Sep-03 01:44:52.0000,  3.370134099448386E+08, -5.996342379013640E+08,  2.202058834832126E+08,
2451060.572824074, A.D. 1998-Sep-04 01:44:52.0000,  3.381050680050626E+08, -5.991250640015216E+08,  2.201079207456492E+08,
2451061.572824074, A.D. 1998-Sep-05 01:44:52.0000,  3.391958366027333E+08, -5.986143134292068E+08,  2.200093786319916E+08,
2451062.572824074, A.D. 1998-Sep-06 01:44:52.0000,  3.402857130936694E+08, -5.981019879076111E+08,  2.199102575391614E+08,
2451063.572824074, A.D. 1998-Sep-07 01:44:52.0000,  3.413746948381842E+08, -5.975880891627719E+08,  2.198105578657736E+08,
2451064.572824074, A.D. 1998-Sep-08 01:44:52.0000,  3.424627792008576E+08, -5.970726189234914E+08,  2.197102800121609E+08,
2451065.572824074, A.D. 1998-Sep-09 01:44:52.0000,  3.435499635502956E+08, -5.965555789213135E+08,  2.196094243803941E+08,
2451066.572824074, A.D. 1998-Sep-10 01:44:52.0000,  3.446362452588991E+08, -5.960369708905622E+08,  2.195079913742967E+08,
2451067.572824074, A.D. 1998-Sep-11 01:44:52.0000,  3.457216217026557E+08, -5.955167965684334E+08,  2.194059813994542E+08,
2451068.572824074, A.D. 1998-Sep-12 01:44:52.0000,  3.468060902609682E+08, -5.949950576951269E+08,  2.193033948632146E+08,
2451069.572824074, A.D. 1998-Sep-13 01:44:52.0000,  3.478896483165281E+08, -5.944717560140107E+08,  2.192002321746840E+08,
2451070.572824074, A.D. 1998-Sep-14 01:44:52.0000,  3.489722932552372E+08, -5.939468932717948E+08,  2.190964937447160E+08,
2451071.572824074, A.D. 1998-Sep-15 01:44:52.0000,  3.500540224661750E+08, -5.934204712187047E+08,  2.189921799858975E+08,
2451072.572824074, A.D. 1998-Sep-16 01:44:52.0000,  3.511348333416049E+08, -5.928924916086454E+08,  2.188872913125312E+08,
2451073.572824074, A.D. 1998-Sep-17 01:44:52.0000,  3.522147232770118E+08, -5.923629561993445E+08,  2.187818281406173E+08,
2451074.572824074, A.D. 1998-Sep-18 01:44:52.0000,  3.532936896711646E+08, -5.918318667524731E+08,  2.186757908878345E+08,
2451075.572824074, A.D. 1998-Sep-19 01:44:52.0000,  3.543717299261931E+08, -5.912992250337398E+08,  2.185691799735217E+08,
2451076.572824074, A.D. 1998-Sep-20 01:44:52.0000,  3.554488414476725E+08, -5.907650328129635E+08,  2.184619958186617E+08,
2451077.572824074, A.D. 1998-Sep-21 01:44:52.0000,  3.565250216447111E+08, -5.902292918641217E+08,  2.183542388458653E+08,
2451078.572824074, A.D. 1998-Sep-22 01:44:52.0000,  3.576002679300357E+08, -5.896920039653803E+08,  2.182459094793579E+08,
2451079.572824074, A.D. 1998-Sep-23 01:44:52.0000,  3.586745777200722E+08, -5.891531708991075E+08,  2.181370081449674E+08,
2451080.572824074, A.D. 1998-Sep-24 01:44:52.0000,  3.597479484350196E+08, -5.886127944518754E+08,  2.180275352701147E+08,
2451081.572824074, A.D. 1998-Sep-25 01:44:52.0000,  3.608203774989169E+08, -5.880708764144514E+08,  2.179174912838039E+08,
2451082.572824074, A.D. 1998-Sep-26 01:44:52.0000,  3.618918623397013E+08, -5.875274185817831E+08,  2.178068766166159E+08,
2451083.572824074, A.D. 1998-Sep-27 01:44:52.0000,  3.629624003892606E+08, -5.869824227529767E+08,  2.176956917007010E+08,
2451084.572824074, A.D. 1998-Sep-28 01:44:52.0000,  3.640319890834765E+08, -5.864358907312748E+08,  2.175839369697745E+08,
2451085.572824074, A.D. 1998-Sep-29 01:44:52.0000,  3.651006258622630E+08, -5.858878243240306E+08,  2.174716128591112E+08,
2451086.572824074, A.D. 1998-Sep-30 01:44:52.0000,  3.661683081695990E+08, -5.853382253426800E+08,  2.173587198055414E+08,
2451087.572824074, A.D. 1998-Oct-01 01:44:52.0000,  3.672350334535553E+08, -5.847870956027167E+08,  2.172452582474477E+08,
2451088.572824074, A.D. 1998-Oct-02 01:44:52.0000,  3.683007991663182E+08, -5.842344369236654E+08,  2.171312286247610E+08,
2451089.572824074, A.D. 1998-Oct-03 01:44:52.0000,  3.693656027642091E+08, -5.836802511290568E+08,  2.170166313789578E+08,
2451090.572824074, A.D. 1998-Oct-04 01:44:52.0000,  3.704294417077011E+08, -5.831245400464027E+08,  2.169014669530571E+08,
2451091.572824074, A.D. 1998-Oct-05 01:44:52.0000,  3.714923134614335E+08, -5.825673055071732E+08,  2.167857357916178E+08,
2451092.572824074, A.D. 1998-Oct-06 01:44:52.0000,  3.725542154942235E+08, -5.820085493467757E+08,  2.166694383407362E+08,
2451093.572824074, A.D. 1998-Oct-07 01:44:52.0000,  3.736151452790775E+08, -5.814482734045324E+08,  2.165525750480427E+08,
2451094.572824074, A.D. 1998-Oct-08 01:44:52.0000,  3.746751002931995E+08, -5.808864795236628E+08,  2.164351463627000E+08,
2451095.572824074, A.D. 1998-Oct-09 01:44:52.0000,  3.757340780179995E+08, -5.803231695512632E+08,  2.163171527353998E+08,
2451096.572824074, A.D. 1998-Oct-10 01:44:52.0000,  3.767920759391006E+08, -5.797583453382915E+08,  2.161985946183606E+08,
2451097.572824074, A.D. 1998-Oct-11 01:44:52.0000,  3.778490915463454E+08, -5.791920087395501E+08,  2.160794724653251E+08,
2451098.572824074, A.D. 1998-Oct-12 01:44:52.0000,  3.789051223338022E+08, -5.786241616136699E+08,  2.159597867315570E+08,
2451099.572824074, A.D. 1998-Oct-13 01:44:52.0000,  3.799601657997699E+08, -5.780548058230971E+08,  2.158395378738389E+08,
2451100.572824074, A.D. 1998-Oct-14 01:44:52.0000,  3.810142194467837E+08, -5.774839432340790E+08,  2.157187263504691E+08,
2451101.572824074, A.D. 1998-Oct-15 01:44:52.0000,  3.820672807816196E+08, -5.769115757166510E+08,  2.155973526212591E+08,
2451102.572824074, A.D. 1998-Oct-16 01:44:52.0000,  3.831193473152992E+08, -5.763377051446248E+08,  2.154754171475306E+08,
2451103.572824074, A.D. 1998-Oct-17 01:44:52.0000,  3.841704165630936E+08, -5.757623333955765E+08,  2.153529203921125E+08,
2451104.572824074, A.D. 1998-Oct-18 01:44:52.0000,  3.852204860445289E+08, -5.751854623508359E+08,  2.152298628193382E+08,
2451105.572824074, A.D. 1998-Oct-19 01:44:52.0000,  3.862695532833893E+08, -5.746070938954757E+08,  2.151062448950424E+08,
2451106.572824074, A.D. 1998-Oct-20 01:44:52.0000,  3.873176158077217E+08, -5.740272299183022E+08,  2.149820670865583E+08,
2451107.572824074, A.D. 1998-Oct-21 01:44:52.0000,  3.883646711498397E+08, -5.734458723118455E+08,  2.148573298627145E+08,
2451108.572824074, A.D. 1998-Oct-22 01:44:52.0000,  3.894107168463279E+08, -5.728630229723510E+08,  2.147320336938316E+08,
2451109.572824074, A.D. 1998-Oct-23 01:44:52.0000,  3.904557504380450E+08, -5.722786837997702E+08,  2.146061790517192E+08,
2451110.572824074, A.D. 1998-Oct-24 01:44:52.0000,  3.914997694701287E+08, -5.716928566977540E+08,  2.144797664096730E+08,
2451111.572824074, A.D. 1998-Oct-25 01:44:52.0000,  3.925427714919989E+08, -5.711055435736445E+08,  2.143527962424711E+08,
2451112.572824074, A.D. 1998-Oct-26 01:44:52.0000,  3.935847540573615E+08, -5.705167463384687E+08,  2.142252690263712E+08,
2451113.572824074, A.D. 1998-Oct-27 01:44:52.0000,  3.946257147242125E+08, -5.699264669069313E+08,  2.140971852391065E+08,
2451114.572824074, A.D. 1998-Oct-28 01:44:52.0000,  3.956656510548414E+08, -5.693347071974103E+08,  2.139685453598831E+08,
2451115.572824074, A.D. 1998-Oct-29 01:44:52.0000,  3.967045606158350E+08, -5.687414691319515E+08,  2.138393498693761E+08,
2451116.572824074, A.D. 1998-Oct-30 01:44:52.0000,  3.977424409780808E+08, -5.681467546362628E+08,  2.137095992497258E+08,
2451117.572824074, A.D. 1998-Oct-31 01:44:52.0000,  3.987792897167715E+08, -5.675505656397140E+08,  2.135792939845349E+08,
2451118.572824074, A.D. 1998-Nov-01 01:44:52.0000,  3.998151044114081E+08, -5.669529040753305E+08,  2.134484345588641E+08,
2451119.572824074, A.D. 1998-Nov-02 01:44:52.0000,  4.008498826458042E+08, -5.663537718797942E+08,  2.133170214592282E+08,
2451120.572824074, A.D. 1998-Nov-03 01:44:52.0000,  4.018836220080898E+08, -5.657531709934421E+08,  2.131850551735928E+08,
2451121.572824074, A.D. 1998-Nov-04 01:44:52.0000,  4.029163200907169E+08, -5.651511033602668E+08,  2.130525361913697E+08,
2451122.572824074, A.D. 1998-Nov-05 01:44:52.0000,  4.039479744904631E+08, -5.645475709279189E+08,  2.129194650034128E+08,
2451123.572824074, A.D. 1998-Nov-06 01:44:52.0000,  4.049785828084387E+08, -5.639425756477104E+08,  2.127858421020135E+08,
2451124.572824074, A.D. 1998-Nov-07 01:44:52.0000,  4.060081426500916E+08, -5.633361194746203E+08,  2.126516679808964E+08,
2451125.572824074, A.D. 1998-Nov-08 01:44:52.0000,  4.070366516252173E+08, -5.627282043673010E+08,  2.125169431352139E+08,
2451126.572824074, A.D. 1998-Nov-09 01:44:52.0000,  4.080641073479659E+08, -5.621188322880872E+08,  2.123816680615410E+08,
2451127.572824074, A.D. 1998-Nov-10 01:44:52.0000,  4.090905074368553E+08, -5.615080052030083E+08,  2.122458432578702E+08,
2451128.572824074, A.D. 1998-Nov-11 01:44:52.0000,  4.101158495147830E+08, -5.608957250818000E+08,  2.121094692236048E+08,
2451129.572824074, A.D. 1998-Nov-12 01:44:52.0000,  4.111401312090455E+08, -5.602819938979197E+08,  2.119725464595526E+08,
2451130.572824074, A.D. 1998-Nov-13 01:44:52.0000,  4.121633501513577E+08, -5.596668136285651E+08,  2.118350754679191E+08,
2451131.572824074, A.D. 1998-Nov-14 01:44:52.0000,  4.131855039778789E+08, -5.590501862546917E+08,  2.116970567522993E+08,
2451132.572824074, A.D. 1998-Nov-15 01:44:52.0000,  4.142065903292447E+08, -5.584321137610344E+08,  2.115584908176699E+08,
2451133.572824074, A.D. 1998-Nov-16 01:44:52.0000,  4.152266068506060E+08, -5.578125981361277E+08,  2.114193781703798E+08,
2451134.572824074, A.D. 1998-Nov-17 01:44:52.0000,  4.162455511916752E+08, -5.571916413723272E+08,  2.112797193181407E+08,
2451135.572824074, A.D. 1998-Nov-18 01:44:52.0000,  4.172634210067831E+08, -5.565692454658277E+08,  2.111395147700164E+08,
2451136.572824074, A.D. 1998-Nov-19 01:44:52.0000,  4.182802139549452E+08, -5.559454124166778E+08,  2.109987650364116E+08,
2451137.572824074, A.D. 1998-Nov-20 01:44:52.0000,  4.192959276999397E+08, -5.553201442287885E+08,  2.108574706290606E+08,
2451138.572824074, A.D. 1998-Nov-21 01:44:52.0000,  4.203105599103973E+08, -5.546934429099307E+08,  2.107156320610150E+08,
2451139.572824074, A.D. 1998-Nov-22 01:44:52.0000,  4.213241082599011E+08, -5.540653104717203E+08,  2.105732498466322E+08,
2451140.572824074, A.D. 1998-Nov-23 01:44:52.0000,  4.223365704270969E+08, -5.534357489295862E+08,  2.104303245015645E+08,
2451141.572824074, A.D. 1998-Nov-24 01:44:52.0000,  4.233479440958092E+08, -5.528047603027095E+08,  2.102868565427470E+08,
2451142.572824074, A.D. 1998-Nov-25 01:44:52.0000,  4.243582269551595E+08, -5.521723466139477E+08,  2.101428464883932E+08,
2451143.572824074, A.D. 1998-Nov-26 01:44:52.0000,  4.253674166996784E+08, -5.515385098897185E+08,  2.099982948579874E+08,
2451144.572824074, A.D. 1998-Nov-27 01:44:52.0000,  4.263755110294050E+08, -5.509032521598558E+08,  2.098532021722840E+08,
2451145.572824074, A.D. 1998-Nov-28 01:44:52.0000,  4.273825076499622E+08, -5.502665754574375E+08,  2.097075689533112E+08,
2451146.572824074, A.D. 1998-Nov-29 01:44:52.0000,  4.283884042725986E+08, -5.496284818185862E+08,  2.095613957243789E+08,
2451147.572824074, A.D. 1998-Nov-30 01:44:52.0000,  4.293931986141848E+08, -5.489889732822533E+08,  2.094146830100935E+08,
2451148.572824074, A.D. 1998-Dec-01 01:44:52.0000,  4.303968883971628E+08, -5.483480518899992E+08,  2.092674313363756E+08,
2451149.572824074, A.D. 1998-Dec-02 01:44:52.0000,  4.313994713494396E+08, -5.477057196857854E+08,  2.091196412304838E+08,
2451150.572824074, A.D. 1998-Dec-03 01:44:52.0000,  4.324009452042323E+08, -5.470619787157930E+08,  2.089713132210390E+08,
2451151.572824074, A.D. 1998-Dec-04 01:44:52.0000,  4.334013076998702E+08, -5.464168310282838E+08,  2.088224478380505E+08,
2451152.572824074, A.D. 1998-Dec-05 01:44:52.0000,  4.344005565795686E+08, -5.457702786735163E+08,  2.086730456129391E+08,
2451153.572824074, A.D. 1998-Dec-06 01:44:52.0000,  4.353986895911953E+08, -5.451223237037219E+08,  2.085231070785570E+08,
2451154.572824074, A.D. 1998-Dec-07 01:44:52.0000,  4.363957044870399E+08, -5.444729681731393E+08,  2.083726327692016E+08,
2451155.572824074, A.D. 1998-Dec-08 01:44:52.0000,  4.373915990236120E+08, -5.438222141381052E+08,  2.082216232206231E+08,
2451156.572824074, A.D. 1998-Dec-09 01:44:52.0000,  4.383863709614729E+08, -5.431700636571834E+08,  2.080700789700249E+08,
2451157.572824074, A.D. 1998-Dec-10 01:44:52.0000,  4.393800180651160E+08, -5.425165187913233E+08,  2.079180005560582E+08,
2451158.572824074, A.D. 1998-Dec-11 01:44:52.0000,  4.403725381028913E+08, -5.418615816040298E+08,  2.077653885188102E+08,
2451159.572824074, A.D. 1998-Dec-12 01:44:52.0000,  4.413639288469772E+08, -5.412052541615329E+08,  2.076122433997892E+08,
2451160.572824074, A.D. 1998-Dec-13 01:44:52.0000,  4.423541880733906E+08, -5.405475385329447E+08,  2.074585657419066E+08,
2451161.572824074, A.D. 1998-Dec-14 01:44:52.0000,  4.433433135620288E+08, -5.398884367903969E+08,  2.073043560894579E+08,
2451162.572824074, A.D. 1998-Dec-15 01:44:52.0000,  4.443313030967342E+08, -5.392279510091560E+08,  2.071496149881031E+08,
2451163.572824074, A.D. 1998-Dec-16 01:44:52.0000,  4.453181544653735E+08, -5.385660832677108E+08,  2.069943429848480E+08,
2451164.572824074, A.D. 1998-Dec-17 01:44:52.0000,  4.463038654599259E+08, -5.379028356478390E+08,  2.068385406280264E+08,
2451165.572824074, A.D. 1998-Dec-18 01:44:52.0000,  4.472884338765711E+08, -5.372382102346485E+08,  2.066822084672852E+08,
2451166.572824074, A.D. 1998-Dec-19 01:44:52.0000,  4.482718575157773E+08, -5.365722091166010E+08,  2.065253470535694E+08,
2451167.572824074, A.D. 1998-Dec-20 01:44:52.0000,  4.492541341823831E+08, -5.359048343855197E+08,  2.063679569391098E+08,
2451168.572824074, A.D. 1998-Dec-21 01:44:52.0000,  4.502352616856723E+08, -5.352360881365842E+08,  2.062100386774129E+08,
2451169.572824074, A.D. 1998-Dec-22 01:44:52.0000,  4.512152378394418E+08, -5.345659724683151E+08,  2.060515928232512E+08,
2451170.572824074, A.D. 1998-Dec-23 01:44:52.0000,  4.521940604620615E+08, -5.338944894825526E+08,  2.058926199326556E+08,
2451171.572824074, A.D. 1998-Dec-24 01:44:52.0000,  4.531717273765253E+08, -5.332216412844291E+08,  2.057331205629082E+08,
2451172.572824074, A.D. 1998-Dec-25 01:44:52.0000,  4.541482364104970E+08, -5.325474299823388E+08,  2.055730952725366E+08,
2451173.572824074, A.D. 1998-Dec-26 01:44:52.0000,  4.551235853963474E+08, -5.318718576879056E+08,  2.054125446213090E+08,
2451174.572824074, A.D. 1998-Dec-27 01:44:52.0000,  4.560977721711877E+08, -5.311949265159497E+08,  2.052514691702290E+08,
2451175.572824074, A.D. 1998-Dec-28 01:44:52.0000,  4.570707945768962E+08, -5.305166385844550E+08,  2.050898694815324E+08,
2451176.572824074, A.D. 1998-Dec-29 01:44:52.0000,  4.580426504601414E+08, -5.298369960145352E+08,  2.049277461186824E+08,
2451177.572824074, A.D. 1998-Dec-30 01:44:52.0000,  4.590133376724015E+08, -5.291560009304022E+08,  2.047650996463673E+08,
2451178.572824074, A.D. 1998-Dec-31 01:44:52.0000,  4.599828540699799E+08, -5.284736554593347E+08,  2.046019306304959E+08,
2451179.572824074, A.D. 1999-Jan-01 01:44:52.0000,  4.609511975140191E+08, -5.277899617316480E+08,  2.044382396381958E+08,
2451180.572824074, A.D. 1999-Jan-02 01:44:52.0000,  4.619183658705118E+08, -5.271049218806655E+08,  2.042740272378093E+08,
2451181.572824074, A.D. 1999-Jan-03 01:44:52.0000,  4.628843570103096E+08, -5.264185380426900E+08,  2.041092939988906E+08,
2451182.572824074, A.D. 1999-Jan-04 01:44:52.0000,  4.638491688091316E+08, -5.257308123569785E+08,  2.039440404922036E+08,
2451183.572824074, A.D. 1999-Jan-05 01:44:52.0000,  4.648127991475701E+08, -5.250417469657153E+08,  2.037782672897181E+08,
2451184.572824074, A.D. 1999-Jan-06 01:44:52.0000,  4.657752459110961E+08, -5.243513440139884E+08,  2.036119749646071E+08,
2451185.572824074, A.D. 1999-Jan-07 01:44:52.0000,  4.667365069900644E+08, -5.236596056497661E+08,  2.034451640912445E+08,
2451186.572824074, A.D. 1999-Jan-08 01:44:52.0000,  4.676965802797163E+08, -5.229665340238743E+08,  2.032778352452011E+08,
2451187.572824074, A.D. 1999-Jan-09 01:44:52.0000,  4.686554636801832E+08, -5.222721312899750E+08,  2.031099890032428E+08,
2451188.572824074, A.D. 1999-Jan-10 01:44:52.0000,  4.696131550964891E+08, -5.215763996045451E+08,  2.029416259433264E+08,
2451189.572824074, A.D. 1999-Jan-11 01:44:52.0000,  4.705696524385526E+08, -5.208793411268574E+08,  2.027727466445976E+08,
2451190.572824074, A.D. 1999-Jan-12 01:44:52.0000,  4.715249536211883E+08, -5.201809580189599E+08,  2.026033516873876E+08,
2451191.572824074, A.D. 1999-Jan-13 01:44:52.0000,  4.724790565641086E+08, -5.194812524456584E+08,  2.024334416532097E+08,
2451192.572824074, A.D. 1999-Jan-14 01:44:52.0000,  4.734319591919238E+08, -5.187802265744972E+08,  2.022630171247566E+08,
2451193.572824074, A.D. 1999-Jan-15 01:44:52.0000,  4.743836594341438E+08, -5.180778825757426E+08,  2.020920786858972E+08,
2451194.572824074, A.D. 1999-Jan-16 01:44:52.0000,  4.753341552251779E+08, -5.173742226223652E+08,  2.019206269216732E+08,
2451195.572824074, A.D. 1999-Jan-17 01:44:52.0000,  4.762834445043343E+08, -5.166692488900238E+08,  2.017486624182962E+08,
2451196.572824074, A.D. 1999-Jan-18 01:44:52.0000,  4.772315252158213E+08, -5.159629635570502E+08,  2.015761857631445E+08,
2451197.572824074, A.D. 1999-Jan-19 01:44:52.0000,  4.781783953087458E+08, -5.152553688044326E+08,  2.014031975447592E+08,
2451198.572824074, A.D. 1999-Jan-20 01:44:52.0000,  4.791240527371134E+08, -5.145464668158017E+08,  2.012296983528420E+08,
2451199.572824074, A.D. 1999-Jan-21 01:44:52.0000,  4.800684954598269E+08, -5.138362597774164E+08,  2.010556887782508E+08,
2451200.572824074, A.D. 1999-Jan-22 01:44:52.0000,  4.810117214406860E+08, -5.131247498781502E+08,  2.008811694129973E+08,
2451201.572824074, A.D. 1999-Jan-23 01:44:52.0000,  4.819537286483851E+08, -5.124119393094780E+08,  2.007061408502428E+08,
2451202.572824074, A.D. 1999-Jan-24 01:44:52.0000,  4.828945150565125E+08, -5.116978302654641E+08,  2.005306036842954E+08,
2451203.572824074, A.D. 1999-Jan-25 01:44:52.0000,  4.838340786435486E+08, -5.109824249427505E+08,  2.003545585106059E+08,
2451204.572824074, A.D. 1999-Jan-26 01:44:52.0000,  4.847724173928636E+08, -5.102657255405461E+08,  2.001780059257650E+08,
2451205.572824074, A.D. 1999-Jan-27 01:44:52.0000,  4.857095292927163E+08, -5.095477342606171E+08,  2.000009465274990E+08,
2451206.572824074, A.D. 1999-Jan-28 01:44:52.0000,  4.866454123362513E+08, -5.088284533072780E+08,  1.998233809146667E+08,
2451207.572824074, A.D. 1999-Jan-29 01:44:52.0000,  4.875800645214972E+08, -5.081078848873835E+08,  1.996453096872550E+08,
2451208.572824074, A.D. 1999-Jan-30 01:44:52.0000,  4.885134838513653E+08, -5.073860312103222E+08,  1.994667334463755E+08,
2451209.572824074, A.D. 1999-Jan-31 01:44:52.0000,  4.894456683336463E+08, -5.066628944880115E+08,  1.992876527942606E+08,
2451210.572824074, A.D. 1999-Feb-01 01:44:52.0000,  4.903766159810103E+08, -5.059384769348931E+08,  1.991080683342587E+08,
2451211.572824074, A.D. 1999-Feb-02 01:44:52.0000,  4.913063248110052E+08, -5.052127807679314E+08,  1.989279806708302E+08,
2451212.572824074, A.D. 1999-Feb-03 01:44:52.0000,  4.922347928460564E+08, -5.044858082066131E+08,  1.987473904095435E+08,
2451213.572824074, A.D. 1999-Feb-04 01:44:52.0000,  4.931620181134680E+08, -5.037575614729481E+08,  1.985662981570687E+08,
2451214.572824074, A.D. 1999-Feb-05 01:44:52.0000,  4.940879986454247E+08, -5.030280427914737E+08,  1.983847045211743E+08,
2451215.572824074, A.D. 1999-Feb-06 01:44:52.0000,  4.950127324789963E+08, -5.022972543892598E+08,  1.982026101107200E+08,
2451216.572824074, A.D. 1999-Feb-07 01:44:52.0000,  4.959362176561438E+08, -5.015651984959171E+08,  1.980200155356523E+08,
2451217.572824074, A.D. 1999-Feb-08 01:44:52.0000,  4.968584522237296E+08, -5.008318773436078E+08,  1.978369214069968E+08,
2451218.572824074, A.D. 1999-Feb-09 01:44:52.0000,  4.977794342335304E+08, -5.000972931670569E+08,  1.976533283368522E+08,
2451219.572824074, A.D. 1999-Feb-10 01:44:52.0000,  4.986991617422558E+08, -4.993614482035676E+08,  1.974692369383826E+08,
2451220.572824074, A.D. 1999-Feb-11 01:44:52.0000,  4.996176328115721E+08, -4.986243446930363E+08,  1.972846478258092E+08,
2451221.572824074, A.D. 1999-Feb-12 01:44:52.0000,  5.005348455081331E+08, -4.978859848779694E+08,  1.970995616144013E+08,
2451222.572824074, A.D. 1999-Feb-13 01:44:52.0000,  5.014507979036195E+08, -4.971463710034996E+08,  1.969139789204674E+08,
2451223.572824074, A.D. 1999-Feb-14 01:44:52.0000,  5.023654880747870E+08, -4.964055053173997E+08,  1.967279003613442E+08,
2451224.572824074, A.D. 1999-Feb-15 01:44:52.0000,  5.032789141035246E+08, -4.956633900700932E+08,  1.965413265553859E+08,
2451225.572824074, A.D. 1999-Feb-16 01:44:52.0000,  5.041910740769253E+08, -4.949200275146586E+08,  1.963542581219533E+08,
2451226.572824074, A.D. 1999-Feb-17 01:44:52.0000,  5.051019660873660E+08, -4.941754199068221E+08,  1.961666956814012E+08,
2451227.572824074, A.D. 1999-Feb-18 01:44:52.0000,  5.060115882326009E+08, -4.934295695049398E+08,  1.959786398550679E+08,
2451228.572824074, A.D. 1999-Feb-19 01:44:52.0000,  5.069199386158623E+08, -4.926824785699583E+08,  1.957900912652637E+08,
2451229.572824074, A.D. 1999-Feb-20 01:44:52.0000,  5.078270153459679E+08, -4.919341493653563E+08,  1.956010505352614E+08,
2451230.572824074, A.D. 1999-Feb-21 01:44:52.0000,  5.087328165374295E+08, -4.911845841570567E+08,  1.954115182892886E+08,
2451231.572824074, A.D. 1999-Feb-22 01:44:52.0000,  5.096373403105575E+08, -4.904337852133101E+08,  1.952214951525232E+08,
2451232.572824074, A.D. 1999-Feb-23 01:44:52.0000,  5.105405847915485E+08, -4.896817548045487E+08,  1.950309817510926E+08,
2451233.572824074, A.D. 1999-Feb-24 01:44:52.0000,  5.114425481125517E+08, -4.889284952032074E+08,  1.948399787120775E+08,
2451234.572824074, A.D. 1999-Feb-25 01:44:52.0000,  5.123432284116986E+08, -4.881740086835229E+08,  1.946484866635210E+08,
2451235.572824074, A.D. 1999-Feb-26 01:44:52.0000,  5.132426238330919E+08, -4.874182975213138E+08,  1.944565062344426E+08,
2451236.572824074, A.D. 1999-Feb-27 01:44:52.0000,  5.141407325267396E+08, -4.866613639937605E+08,  1.942640380548581E+08,
2451237.572824074, A.D. 1999-Feb-28 01:44:52.0000,  5.150375526484408E+08, -4.859032103791936E+08,  1.940710827558022E+08,
2451238.572824074, A.D. 1999-Mar-01 01:44:52.0000,  5.159330823596170E+08, -4.851438389569132E+08,  1.938776409693546E+08,
2451239.572824074, A.D. 1999-Mar-02 01:44:52.0000,  5.168273198271051E+08, -4.843832520070493E+08,  1.936837133286652E+08,
2451240.572824074, A.D. 1999-Mar-03 01:44:52.0000,  5.177202632229209E+08, -4.836214518104776E+08,  1.934893004679783E+08,
2451241.572824074, A.D. 1999-Mar-04 01:44:52.0000,  5.186119107240142E+08, -4.828584406487975E+08,  1.932944030226526E+08,
2451242.572824074, A.D. 1999-Mar-05 01:44:52.0000,  5.195022605120307E+08, -4.820942208043664E+08,  1.930990216291748E+08,
2451243.572824074, A.D. 1999-Mar-06 01:44:52.0000,  5.203913107730998E+08, -4.813287945603901E+08,  1.929031569251680E+08,
2451244.572824074, A.D. 1999-Mar-07 01:44:52.0000,  5.212790596976596E+08, -4.805621642010531E+08,  1.927068095493916E+08,
2451245.572824074, A.D. 1999-Mar-08 01:44:52.0000,  5.221655054803258E+08, -4.797943320116768E+08,  1.925099801417365E+08,
2451246.572824074, A.D. 1999-Mar-09 01:44:52.0000,  5.230506463198105E+08, -4.790253002788900E+08,  1.923126693432135E+08,
2451247.572824074, A.D. 1999-Mar-10 01:44:52.0000,  5.239344804188837E+08, -4.782550712907969E+08,  1.921148777959388E+08,
2451248.572824074, A.D. 1999-Mar-11 01:44:52.0000,  5.248170059843755E+08, -4.774836473371328E+08,  1.919166061431161E+08,
2451249.572824074, A.D. 1999-Mar-12 01:44:52.0000,  5.256982212272072E+08, -4.767110307094040E+08,  1.917178550290181E+08,
2451250.572824074, A.D. 1999-Mar-13 01:44:52.0000,  5.265781243624482E+08, -4.759372237009996E+08,  1.915186250989674E+08,
2451251.572824074, A.D. 1999-Mar-14 01:44:52.0000,  5.274567136093847E+08, -4.751622286072807E+08,  1.913189169993180E+08,
2451252.572824074, A.D. 1999-Mar-15 01:44:52.0000,  5.283339871915973E+08, -4.743860477256457E+08,  1.911187313774388E+08,
2451253.572824074, A.D. 1999-Mar-16 01:44:52.0000,  5.292099433370399E+08, -4.736086833555728E+08,  1.909180688816975E+08,
2451254.572824074, A.D. 1999-Mar-17 01:44:52.0000,  5.300845802781171E+08, -4.728301377986441E+08,  1.907169301614480E+08,
2451255.572824074, A.D. 1999-Mar-18 01:44:52.0000,  5.309578962517551E+08, -4.720504133585540E+08,  1.905153158670175E+08,
2451256.572824074, A.D. 1999-Mar-19 01:44:52.0000,  5.318298894994675E+08, -4.712695123411052E+08,  1.903132266496968E+08,
2451257.572824074, A.D. 1999-Mar-20 01:44:52.0000,  5.327005582674116E+08, -4.704874370541958E+08,  1.901106631617319E+08,
2451258.572824074, A.D. 1999-Mar-21 01:44:52.0000,  5.335699008064385E+08, -4.697041898077979E+08,  1.899076260563156E+08,
2451259.572824074, A.D. 1999-Mar-22 01:44:52.0000,  5.344379153721343E+08, -4.689197729139344E+08,  1.897041159875820E+08,
2451260.572824074, A.D. 1999-Mar-23 01:44:52.0000,  5.353046002248546E+08, -4.681341886866490E+08,  1.895001336106009E+08,
2451261.572824074, A.D. 1999-Mar-24 01:44:52.0000,  5.361699536297531E+08, -4.673474394419782E+08,  1.892956795813728E+08,
2451262.572824074, A.D. 1999-Mar-25 01:44:52.0000,  5.370339738568034E+08, -4.665595274979198E+08,  1.890907545568249E+08,
2451263.572824074, A.D. 1999-Mar-26 01:44:52.0000,  5.378966591808161E+08, -4.657704551744035E+08,  1.888853591948076E+08,
2451264.572824074, A.D. 1999-Mar-27 01:44:52.0000,  5.387580078814528E+08, -4.649802247932608E+08,  1.886794941540914E+08,
2451265.572824074, A.D. 1999-Mar-28 01:44:52.0000,  5.396180182432343E+08, -4.641888386781960E+08,  1.884731600943631E+08,
2451266.572824074, A.D. 1999-Mar-29 01:44:52.0000,  5.404766885555478E+08, -4.633962991547590E+08,  1.882663576762238E+08,
2451267.572824074, A.D. 1999-Mar-30 01:44:52.0000,  5.413340171126503E+08, -4.626026085503197E+08,  1.880590875611858E+08,
2451268.572824074, A.D. 1999-Mar-31 01:44:52.0000,  5.421900022136695E+08, -4.618077691940418E+08,  1.878513504116702E+08,
2451269.572824074, A.D. 1999-Apr-01 01:44:52.0000,  5.430446421626047E+08, -4.610117834168606E+08,  1.876431468910040E+08,
2451270.572824074, A.D. 1999-Apr-02 01:44:52.0000,  5.438979352683240E+08, -4.602146535514603E+08,  1.874344776634181E+08,
2451271.572824074, A.D. 1999-Apr-03 01:44:52.0000,  5.447498798445626E+08, -4.594163819322533E+08,  1.872253433940445E+08,
2451272.572824074, A.D. 1999-Apr-04 01:44:52.0000,  5.456004742099174E+08, -4.586169708953613E+08,  1.870157447489137E+08,
2451273.572824074, A.D. 1999-Apr-05 01:44:52.0000,  5.464497166878442E+08, -4.578164227785960E+08,  1.868056823949525E+08,
2451274.572824074, A.D. 1999-Apr-06 01:44:52.0000,  5.472976056066506E+08, -4.570147399214432E+08,  1.865951569999813E+08,
2451275.572824074, A.D. 1999-Apr-07 01:44:52.0000,  5.481441392994914E+08, -4.562119246650455E+08,  1.863841692327115E+08,
2451276.572824074, A.D. 1999-Apr-08 01:44:52.0000,  5.489893161043622E+08, -4.554079793521880E+08,  1.861727197627431E+08,
2451277.572824074, A.D. 1999-Apr-09 01:44:52.0000,  5.498331343640921E+08, -4.546029063272841E+08,  1.859608092605617E+08,
2451278.572824074, A.D. 1999-Apr-10 01:44:52.0000,  5.506755924263378E+08, -4.537967079363616E+08,  1.857484383975362E+08,
2451279.572824074, A.D. 1999-Apr-11 01:44:52.0000,  5.515166886435760E+08, -4.529893865270513E+08,  1.855356078459163E+08,
2451280.572824074, A.D. 1999-Apr-12 01:44:52.0000,  5.523564213730965E+08, -4.521809444485745E+08,  1.853223182788287E+08,
2451281.572824074, A.D. 1999-Apr-13 01:44:52.0000,  5.531947889769940E+08, -4.513713840517325E+08,  1.851085703702758E+08,
2451282.572824074, A.D. 1999-Apr-14 01:44:52.0000,  5.540317898221619E+08, -4.505607076888964E+08,  1.848943647951319E+08,
2451283.572824074, A.D. 1999-Apr-15 01:44:52.0000,  5.548674222802838E+08, -4.497489177139981E+08,  1.846797022291405E+08,
2451284.572824074, A.D. 1999-Apr-16 01:44:52.0000,  5.557016847278254E+08, -4.489360164825205E+08,  1.844645833489116E+08,
2451285.572824074, A.D. 1999-Apr-17 01:44:52.0000,  5.565345755460281E+08, -4.481220063514909E+08,  1.842490088319189E+08,
2451286.572824074, A.D. 1999-Apr-18 01:44:52.0000,  5.573660931209003E+08, -4.473068896794727E+08,  1.840329793564963E+08,
2451287.572824074, A.D. 1999-Apr-19 01:44:52.0000,  5.581962358432088E+08, -4.464906688265596E+08,  1.838164956018357E+08,
2451288.572824074, A.D. 1999-Apr-20 01:44:52.0000,  5.590250021084727E+08, -4.456733461543688E+08,  1.835995582479830E+08,
2451289.572824074, A.D. 1999-Apr-21 01:44:52.0000,  5.598523903169538E+08, -4.448549240260370E+08,  1.833821679758358E+08,
2451290.572824074, A.D. 1999-Apr-22 01:44:52.0000,  5.606783988736498E+08, -4.440354048062156E+08,  1.831643254671398E+08,
2451291.572824074, A.D. 1999-Apr-23 01:44:52.0000,  5.615030261882857E+08, -4.432147908610676E+08,  1.829460314044858E+08,
2451292.572824074, A.D. 1999-Apr-24 01:44:52.0000,  5.623262706753058E+08, -4.423930845582651E+08,  1.827272864713062E+08,
2451293.572824074, A.D. 1999-Apr-25 01:44:52.0000,  5.631481307538668E+08, -4.415702882669876E+08,  1.825080913518718E+08,
2451294.572824074, A.D. 1999-Apr-26 01:44:52.0000,  5.639686048478292E+08, -4.407464043579225E+08,  1.822884467312884E+08,
2451295.572824074, A.D. 1999-Apr-27 01:44:52.0000,  5.647876913857503E+08, -4.399214352032654E+08,  1.820683532954931E+08,
2451296.572824074, A.D. 1999-Apr-28 01:44:52.0000,  5.656053888008769E+08, -4.390953831767218E+08,  1.818478117312502E+08,
2451297.572824074, A.D. 1999-Apr-29 01:44:52.0000,  5.664216955311391E+08, -4.382682506535125E+08,  1.816268227261490E+08,
2451298.572824074, A.D. 1999-Apr-30 01:44:52.0000,  5.672366100191436E+08, -4.374400400103765E+08,  1.814053869685973E+08,
2451299.572824074, A.D. 1999-May-01 01:44:52.0000,  5.680501307121675E+08, -4.366107536255797E+08,  1.811835051478192E+08,
2451300.572824074, A.D. 1999-May-02 01:44:52.0000,  5.688622560621557E+08, -4.357803938789226E+08,  1.809611779538499E+08,
2451301.572824074, A.D. 1999-May-03 01:44:52.0000,  5.696729845257168E+08, -4.349489631517516E+08,  1.807384060775310E+08,
2451302.572824074, A.D. 1999-May-04 01:44:52.0000,  5.704823145641212E+08, -4.341164638269717E+08,  1.805151902105054E+08,
2451303.572824074, A.D. 1999-May-05 01:44:52.0000,  5.712902446433028E+08, -4.332828982890614E+08,  1.802915310452126E+08,
2451304.572824074, A.D. 1999-May-06 01:44:52.0000,  5.720967732338614E+08, -4.324482689240907E+08,  1.800674292748819E+08,
2451305.572824074, A.D. 1999-May-07 01:44:52.0000,  5.729018988110703E+08, -4.316125781197401E+08,  1.798428855935267E+08,
2451306.572824074, A.D. 1999-May-08 01:44:52.0000,  5.737056198548865E+08, -4.307758282653227E+08,  1.796179006959374E+08,
2451307.572824074, A.D. 1999-May-09 01:44:52.0000,  5.745079348499668E+08, -4.299380217518088E+08,  1.793924752776742E+08,
2451308.572824074, A.D. 1999-May-10 01:44:52.0000,  5.753088422856895E+08, -4.290991609718497E+08,  1.791666100350588E+08,
2451309.572824074, A.D. 1999-May-11 01:44:52.0000,  5.761083406561840E+08, -4.282592483198051E+08,  1.789403056651654E+08,
2451310.572824074, A.D. 1999-May-12 01:44:52.0000,  5.769064284603676E+08, -4.274182861917676E+08,  1.787135628658113E+08,
2451311.572824074, A.D. 1999-May-13 01:44:52.0000,  5.777031042019937E+08, -4.265762769855877E+08,  1.784863823355468E+08,
2451312.572824074, A.D. 1999-May-14 01:44:52.0000,  5.784983663897082E+08, -4.257332231008919E+08,  1.782587647736437E+08,
2451313.572824074, A.D. 1999-May-15 01:44:52.0000,  5.792922135371196E+08, -4.248891269390970E+08,  1.780307108800846E+08,
2451314.572824074, A.D. 1999-May-16 01:44:52.0000,  5.800846441628804E+08, -4.240439909034128E+08,  1.778022213555504E+08,
2451315.572824074, A.D. 1999-May-17 01:44:52.0000,  5.808756567907768E+08, -4.231978173988310E+08,  1.775732969014096E+08,
2451316.572824074, A.D. 1999-May-18 01:44:52.0000,  5.816652499498327E+08, -4.223506088320971E+08,  1.773439382197065E+08,
2451317.572824074, A.D. 1999-May-19 01:44:52.0000,  5.824534221744156E+08, -4.215023676116586E+08,  1.771141460131521E+08,
2451318.572824074, A.D. 1999-May-20 01:44:52.0000,  5.832401720043466E+08, -4.206530961475860E+08,  1.768839209851162E+08,
2451319.572824074, A.D. 1999-May-21 01:44:52.0000,  5.840254979850031E+08, -4.198027968514661E+08,  1.766532638396232E+08,
2451320.572824074, A.D. 1999-May-22 01:44:52.0000,  5.848093986674089E+08, -4.189514721362611E+08,  1.764221752813504E+08,
2451321.572824074, A.D. 1999-May-23 01:44:52.0000,  5.855918726082997E+08, -4.180991244161405E+08,  1.761906560156329E+08,
2451322.572824074, A.D. 1999-May-24 01:44:52.0000,  5.863729183701535E+08, -4.172457561062866E+08,  1.759587067484719E+08,
2451323.572824074, A.D. 1999-May-25 01:44:52.0000,  5.871525345211780E+08, -4.163913696226848E+08,  1.757263281865492E+08,
2451324.572824074, A.D. 1999-May-26 01:44:52.0000,  5.879307196352466E+08, -4.155359673819112E+08,  1.754935210372469E+08,
2451325.572824074, A.D. 1999-May-27 01:44:52.0000,  5.887074722917832E+08, -4.146795518009307E+08,  1.752602860086698E+08,
2451326.572824074, A.D. 1999-May-28 01:44:52.0000,  5.894827910755961E+08, -4.138221252969254E+08,  1.750266238096715E+08,
2451327.572824074, A.D. 1999-May-29 01:44:52.0000,  5.902566745766703E+08, -4.129636902871660E+08,  1.747925351498792E+08,
2451328.572824074, A.D. 1999-May-30 01:44:52.0000,  5.910291213899347E+08, -4.121042491889369E+08,  1.745580207397181E+08,
2451329.572824074, A.D. 1999-May-31 01:44:52.0000,  5.918001301150197E+08, -4.112438044195237E+08,  1.743230812904299E+08,
2451330.572824074, A.D. 1999-Jun-01 01:44:52.0000,  5.925696993560224E+08, -4.103823583962577E+08,  1.740877175140876E+08,
2451331.572824074, A.D. 1999-Jun-02 01:44:52.0000,  5.933378277212993E+08, -4.095199135366167E+08,  1.738519301236018E+08,
2451332.572824074, A.D. 1999-Jun-03 01:44:52.0000,  5.941045138232952E+08, -4.086564722583627E+08,  1.736157198327212E+08,
2451333.572824074, A.D. 1999-Jun-04 01:44:52.0000,  5.948697562784191E+08, -4.077920369797080E+08,  1.733790873560271E+08,
2451334.572824074, A.D. 1999-Jun-05 01:44:52.0000,  5.956335537069670E+08, -4.069266101194938E+08,  1.731420334089212E+08,
2451335.572824074, A.D. 1999-Jun-06 01:44:52.0000,  5.963959047330892E+08, -4.060601940973647E+08,  1.729045587076109E+08,
2451336.572824074, A.D. 1999-Jun-07 01:44:52.0000,  5.971568079847982E+08, -4.051927913339322E+08,  1.726666639690913E+08,
2451337.572824074, A.D. 1999-Jun-08 01:44:52.0000,  5.979162620940055E+08, -4.043244042509183E+08,  1.724283499111257E+08,
2451338.572824074, A.D. 1999-Jun-09 01:44:52.0000,  5.986742656965827E+08, -4.034550352712746E+08,  1.721896172522269E+08,
2451339.572824074, A.D. 1999-Jun-10 01:44:52.0000,  5.994308174324369E+08, -4.025846868192773E+08,  1.719504667116383E+08,
2451340.572824074, A.D. 1999-Jun-11 01:44:52.0000,  6.001859159455923E+08, -4.017133613205974E+08,  1.717108990093167E+08,
2451341.572824074, A.D. 1999-Jun-12 01:44:52.0000,  6.009395598842751E+08, -4.008410612023483E+08,  1.714709148659169E+08,
2451342.572824074, A.D. 1999-Jun-13 01:44:52.0000,  6.016917479009959E+08, -3.999677888931153E+08,  1.712305150027774E+08,
2451343.572824074, A.D. 1999-Jun-14 01:44:52.0000,  6.024424786526258E+08, -3.990935468229699E+08,  1.709897001419088E+08,
2451344.572824074, A.D. 1999-Jun-15 01:44:52.0000,  6.031917508004680E+08, -3.982183374234694E+08,  1.707484710059829E+08,
2451345.572824074, A.D. 1999-Jun-16 01:44:52.0000,  6.039395630103196E+08, -3.973421631276494E+08,  1.705068283183240E+08,
2451346.572824074, A.D. 1999-Jun-17 01:44:52.0000,  6.046859139525272E+08, -3.964650263700075E+08,  1.702647728029009E+08,
2451347.572824074, A.D. 1999-Jun-18 01:44:52.0000,  6.054308023020339E+08, -3.955869295864836E+08,  1.700223051843204E+08,
2451348.572824074, A.D. 1999-Jun-19 01:44:52.0000,  6.061742267384202E+08, -3.947078752144353E+08,  1.697794261878217E+08,
2451349.572824074, A.D. 1999-Jun-20 01:44:52.0000,  6.069161859459381E+08, -3.938278656926129E+08,  1.695361365392712E+08,
2451350.572824074, A.D. 1999-Jun-21 01:44:52.0000,  6.076566786135393E+08, -3.929469034611325E+08,  1.692924369651582E+08,
2451351.572824074, A.D. 1999-Jun-22 01:44:52.0000,  6.083957034348994E+08, -3.920649909614500E+08,  1.690483281925908E+08,
2451352.572824074, A.D. 1999-Jun-23 01:44:52.0000,  6.091332591084368E+08, -3.911821306363338E+08,  1.688038109492925E+08,
2451353.572824074, A.D. 1999-Jun-24 01:44:52.0000,  6.098693443373289E+08, -3.902983249298400E+08,  1.685588859635988E+08,
2451354.572824074, A.D. 1999-Jun-25 01:44:52.0000,  6.106039578295249E+08, -3.894135762872877E+08,  1.683135539644541E+08,
2451355.572824074, A.D. 1999-Jun-26 01:44:52.0000,  6.113370982977561E+08, -3.885278871552351E+08,  1.680678156814085E+08,
2451356.572824074, A.D. 1999-Jun-27 01:44:52.0000,  6.120687644595438E+08, -3.876412599814576E+08,  1.678216718446152E+08,
2451357.572824074, A.D. 1999-Jun-28 01:44:52.0000,  6.127989550372071E+08, -3.867536972149255E+08,  1.675751231848273E+08,
2451358.572824074, A.D. 1999-Jun-29 01:44:52.0000,  6.135276687578666E+08, -3.858652013057850E+08,  1.673281704333955E+08,
2451359.572824074, A.D. 1999-Jun-30 01:44:52.0000,  6.142549043534489E+08, -3.849757747053387E+08,  1.670808143222651E+08,
2451360.572824074, A.D. 1999-Jul-01 01:44:52.0000,  6.149806605606894E+08, -3.840854198660267E+08,  1.668330555839727E+08,
2451361.572824074, A.D. 1999-Jul-02 01:44:52.0000,  6.157049361211361E+08, -3.831941392414106E+08,  1.665848949516444E+08,
2451362.572824074, A.D. 1999-Jul-03 01:44:52.0000,  6.164277297811481E+08, -3.823019352861564E+08,  1.663363331589920E+08,
2451363.572824074, A.D. 1999-Jul-04 01:44:52.0000,  6.171490402918998E+08, -3.814088104560193E+08,  1.660873709403110E+08,
2451364.572824074, A.D. 1999-Jul-05 01:44:52.0000,  6.178688664093800E+08, -3.805147672078289E+08,  1.658380090304771E+08,
2451365.572824074, A.D. 1999-Jul-06 01:44:52.0000,  6.185872068943920E+08, -3.796198079994751E+08,  1.655882481649440E+08,
2451366.572824074, A.D. 1999-Jul-07 01:44:52.0000,  6.193040605125545E+08, -3.787239352898945E+08,  1.653380890797396E+08,
2451367.572824074, A.D. 1999-Jul-08 01:44:52.0000,  6.200194260343009E+08, -3.778271515390579E+08,  1.650875325114641E+08,
2451368.572824074, A.D. 1999-Jul-09 01:44:52.0000,  6.207333022348788E+08, -3.769294592079575E+08,  1.648365791972861E+08,
2451369.572824074, A.D. 1999-Jul-10 01:44:52.0000,  6.214456878943487E+08, -3.760308607585954E+08,  1.645852298749402E+08,
2451370.572824074, A.D. 1999-Jul-11 01:44:52.0000,  6.221565817975851E+08, -3.751313586539723E+08,  1.643334852827238E+08,
2451371.572824074, A.D. 1999-Jul-12 01:44:52.0000,  6.228659827342732E+08, -3.742309553580767E+08,  1.640813461594943E+08,
2451372.572824074, A.D. 1999-Jul-13 01:44:52.0000,  6.235738894989088E+08, -3.733296533358743E+08,  1.638288132446654E+08,
2451373.572824074, A.D. 1999-Jul-14 01:44:52.0000,  6.242803008907975E+08, -3.724274550532982E+08,  1.635758872782046E+08,
2451374.572824074, A.D. 1999-Jul-15 01:44:52.0000,  6.249852157140518E+08, -3.715243629772395E+08,  1.633225690006301E+08,
2451375.572824074, A.D. 1999-Jul-16 01:44:52.0000,  6.256886327775910E+08, -3.706203795755386E+08,  1.630688591530070E+08,
2451376.572824074, A.D. 1999-Jul-17 01:44:52.0000,  6.263905508951378E+08, -3.697155073169765E+08,  1.628147584769450E+08,
2451377.572824074, A.D. 1999-Jul-18 01:44:52.0000,  6.270909688852185E+08, -3.688097486712670E+08,  1.625602677145944E+08,
2451378.572824074, A.D. 1999-Jul-19 01:44:52.0000,  6.277898855711586E+08, -3.679031061090498E+08,  1.623053876086434E+08,
2451379.572824074, A.D. 1999-Jul-20 01:44:52.0000,  6.284872997810827E+08, -3.669955821018832E+08,  1.620501189023142E+08,
2451380.572824074, A.D. 1999-Jul-21 01:44:52.0000,  6.291832103479114E+08, -3.660871791222394E+08,  1.617944623393604E+08,
2451381.572824074, A.D. 1999-Jul-22 01:44:52.0000,  6.298776161093589E+08, -3.651778996434980E+08,  1.615384186640629E+08,
2451382.572824074, A.D. 1999-Jul-23 01:44:52.0000,  6.305705159079314E+08, -3.642677461399434E+08,  1.612819886212264E+08,
2451383.572824074, A.D. 1999-Jul-24 01:44:52.0000,  6.312619085909239E+08, -3.633567210867605E+08,  1.610251729561765E+08,
2451384.572824074, A.D. 1999-Jul-25 01:44:52.0000,  6.319517930104200E+08, -3.624448269600333E+08,  1.607679724147552E+08,
2451385.572824074, A.D. 1999-Jul-26 01:44:52.0000,  6.326401680232879E+08, -3.615320662367438E+08,  1.605103877433174E+08,
2451386.572824074, A.D. 1999-Jul-27 01:44:52.0000,  6.333270324911804E+08, -3.606184413947728E+08,  1.602524196887267E+08,
2451387.572824074, A.D. 1999-Jul-28 01:44:52.0000,  6.340123852805344E+08, -3.597039549129022E+08,  1.599940689983517E+08,
2451388.572824074, A.D. 1999-Jul-29 01:44:52.0000,  6.346962252625706E+08, -3.587886092708187E+08,  1.597353364200610E+08,
2451389.572824074, A.D. 1999-Jul-30 01:44:52.0000,  6.353785513132937E+08, -3.578724069491193E+08,  1.594762227022188E+08,
2451390.572824074, A.D. 1999-Jul-31 01:44:52.0000,  6.360593623134974E+08, -3.569553504293194E+08,  1.592167285936801E+08,
2451391.572824074, A.D. 1999-Aug-01 01:44:52.0000,  6.367386571487668E+08, -3.560374421938623E+08,  1.589568548437851E+08,
2451392.572824074, A.D. 1999-Aug-02 01:44:52.0000,  6.374164347094871E+08, -3.551186847261310E+08,  1.586966022023534E+08,
2451393.572824074, A.D. 1999-Aug-03 01:44:52.0000,  6.380926938908536E+08, -3.541990805104626E+08,  1.584359714196783E+08,
2451394.572824074, A.D. 1999-Aug-04 01:44:52.0000,  6.387674335928853E+08, -3.532786320321647E+08,  1.581749632465196E+08,
2451395.572824074, A.D. 1999-Aug-05 01:44:52.0000,  6.394406527204454E+08, -3.523573417775322E+08,  1.579135784340961E+08,
2451396.572824074, A.D. 1999-Aug-06 01:44:52.0000,  6.401123501832656E+08, -3.514352122338671E+08,  1.576518177340783E+08,
2451397.572824074, A.D. 1999-Aug-07 01:44:52.0000,  6.407825248959775E+08, -3.505122458895001E+08,  1.573896818985790E+08,
2451398.572824074, A.D. 1999-Aug-08 01:44:52.0000,  6.414511757781550E+08, -3.495884452338064E+08,  1.571271716801443E+08,
2451399.572824074, A.D. 1999-Aug-09 01:44:52.0000,  6.421183017543623E+08, -3.486638127572255E+08,  1.568642878317432E+08,
2451400.572824074, A.D. 1999-Aug-10 01:44:52.0000,  6.427839017542149E+08, -3.477383509512735E+08,  1.566010311067573E+08,
2451401.572824074, A.D. 1999-Aug-11 01:44:52.0000,  6.434479747124509E+08, -3.468120623085492E+08,  1.563374022589689E+08,
2451402.572824074, A.D. 1999-Aug-12 01:44:52.0000,  6.441105195690134E+08, -3.458849493227303E+08,  1.560734020425504E+08,
2451403.572824074, A.D. 1999-Aug-13 01:44:52.0000,  6.447715352691451E+08, -3.449570144885561E+08,  1.558090312120521E+08,
2451404.572824074, A.D. 1999-Aug-14 01:44:52.0000,  6.454310207634908E+08, -3.440282603017899E+08,  1.555442905223924E+08,
2451405.572824074, A.D. 1999-Aug-15 01:44:52.0000,  6.460889750082061E+08, -3.430986892591611E+08,  1.552791807288476E+08,
2451406.572824074, A.D. 1999-Aug-16 01:44:52.0000,  6.467453969650677E+08, -3.421683038582787E+08,  1.550137025870455E+08,
2451407.572824074, A.D. 1999-Aug-17 01:44:52.0000,  6.474002856015759E+08, -3.412371065975148E+08,  1.547478568529606E+08,
2451408.572824074, A.D. 1999-Aug-18 01:44:52.0000,  6.480536398910460E+08, -3.403050999758582E+08,  1.544816442829139E+08,
2451409.572824074, A.D. 1999-Aug-19 01:44:52.0000,  6.487054588126718E+08, -3.393722864927362E+08,  1.542150656335773E+08,
2451410.572824074, A.D. 1999-Aug-20 01:44:52.0000,  6.493557413515542E+08, -3.384386686478149E+08,  1.539481216619834E+08,
2451411.572824074, A.D. 1999-Aug-21 01:44:52.0000,  6.500044864986891E+08, -3.375042489407790E+08,  1.536808131255393E+08,
2451412.572824074, A.D. 1999-Aug-22 01:44:52.0000,  6.506516932508998E+08, -3.365690298711143E+08,  1.534131407820481E+08,
2451413.572824074, A.D. 1999-Aug-23 01:44:52.0000,  6.512973606107198E+08, -3.356330139378998E+08,  1.531451053897308E+08,
2451414.572824074, A.D. 1999-Aug-24 01:44:52.0000,  6.519414875862246E+08, -3.346962036396282E+08,  1.528767077072531E+08,
2451415.572824074, A.D. 1999-Aug-25 01:44:52.0000,  6.525840731908215E+08, -3.337586014740723E+08,  1.526079484937511E+08,
2451416.572824074, A.D. 1999-Aug-26 01:44:52.0000,  6.532251164430161E+08, -3.328202099382051E+08,  1.523388285088553E+08,
2451417.572824074, A.D. 1999-Aug-27 01:44:52.0000,  6.538646163661659E+08, -3.318810315281815E+08,  1.520693485127099E+08,
2451418.572824074, A.D. 1999-Aug-28 01:44:52.0000,  6.545025719882467E+08, -3.309410687393778E+08,  1.517995092659873E+08,
2451419.572824074, A.D. 1999-Aug-29 01:44:52.0000,  6.551389823416438E+08, -3.300003240664853E+08,  1.515293115298954E+08,
2451420.572824074, A.D. 1999-Aug-30 01:44:52.0000,  6.557738464629787E+08, -3.290588000036425E+08,  1.512587560661780E+08,
2451421.572824074, A.D. 1999-Aug-31 01:44:52.0000,  6.564071633929853E+08, -3.281164990445958E+08,  1.509878436371092E+08,
2451422.572824074, A.D. 1999-Sep-01 01:44:52.0000,  6.570389321764302E+08, -3.271734236828693E+08,  1.507165750054824E+08,
2451423.572824074, A.D. 1999-Sep-02 01:44:52.0000,  6.576691518620794E+08, -3.262295764119329E+08,  1.504449509345954E+08,
2451424.572824074, A.D. 1999-Sep-03 01:44:52.0000,  6.582978215027039E+08, -3.252849597253579E+08,  1.501729721882330E+08,
2451425.572824074, A.D. 1999-Sep-04 01:44:52.0000,  6.589249401551139E+08, -3.243395761169536E+08,  1.499006395306485E+08,
2451426.572824074, A.D. 1999-Sep-05 01:44:52.0000,  6.595505068802166E+08, -3.233934280808777E+08,  1.496279537265444E+08,
2451427.572824074, A.D. 1999-Sep-06 01:44:52.0000,  6.601745207430886E+08, -3.224465181117242E+08,  1.493549155410554E+08,
2451428.572824074, A.D. 1999-Sep-07 01:44:52.0000,  6.607969808130543E+08, -3.214988487045859E+08,  1.490815257397310E+08,
2451429.572824074, A.D. 1999-Sep-08 01:44:52.0000,  6.614178861637651E+08, -3.205504223550946E+08,  1.488077850885207E+08,
2451430.572824074, A.D. 1999-Sep-09 01:44:52.0000,  6.620372358732785E+08, -3.196012415594440E+08,  1.485336943537613E+08,
2451431.572824074, A.D. 1999-Sep-10 01:44:52.0000,  6.626550290241301E+08, -3.186513088143952E+08,  1.482592543021644E+08,
2451432.572824074, A.D. 1999-Sep-11 01:44:52.0000,  6.632712647033991E+08, -3.177006266172717E+08,  1.479844657008075E+08,
2451433.572824074, A.D. 1999-Sep-12 01:44:52.0000,  6.638859420027649E+08, -3.167491974659429E+08,  1.477093293171253E+08,
2451434.572824074, A.D. 1999-Sep-13 01:44:52.0000,  6.644990600185587E+08, -3.157970238588034E+08,  1.474338459189026E+08,
2451435.572824074, A.D. 1999-Sep-14 01:44:52.0000,  6.651106178518041E+08, -3.148441082947444E+08,  1.471580162742682E+08,
2451436.572824074, A.D. 1999-Sep-15 01:44:52.0000,  6.657206146082519E+08, -3.138904532731251E+08,  1.468818411516903E+08,
2451437.572824074, A.D. 1999-Sep-16 01:44:52.0000,  6.663290493984097E+08, -3.129360612937396E+08,  1.466053213199717E+08,
2451438.572824074, A.D. 1999-Sep-17 01:44:52.0000,  6.669359213375633E+08, -3.119809348567857E+08,  1.463284575482464E+08,
2451439.572824074, A.D. 1999-Sep-18 01:44:52.0000,  6.675412295457948E+08, -3.110250764628309E+08,  1.460512506059761E+08,
2451440.572824074, A.D. 1999-Sep-19 01:44:52.0000,  6.681449731479951E+08, -3.100684886127814E+08,  1.457737012629476E+08,
2451441.572824074, A.D. 1999-Sep-20 01:44:52.0000,  6.687471512738745E+08, -3.091111738078502E+08,  1.454958102892696E+08,
2451442.572824074, A.D. 1999-Sep-21 01:44:52.0000,  6.693477630579675E+08, -3.081531345495269E+08,  1.452175784553711E+08,
2451443.572824074, A.D. 1999-Sep-22 01:44:52.0000,  6.699468076396382E+08, -3.071943733395488E+08,  1.449390065319984E+08,
2451444.572824074, A.D. 1999-Sep-23 01:44:52.0000,  6.705442841630800E+08, -3.062348926798732E+08,  1.446600952902133E+08,
2451445.572824074, A.D. 1999-Sep-24 01:44:52.0000,  6.711401917773157E+08, -3.052746950726505E+08,  1.443808455013908E+08,
2451446.572824074, A.D. 1999-Sep-25 01:44:52.0000,  6.717345296361960E+08, -3.043137830201995E+08,  1.441012579372173E+08,
2451447.572824074, A.D. 1999-Sep-26 01:44:52.0000,  6.723272968983959E+08, -3.033521590249828E+08,  1.438213333696882E+08,
2451448.572824074, A.D. 1999-Sep-27 01:44:52.0000,  6.729184927274092E+08, -3.023898255895840E+08,  1.435410725711063E+08,
2451449.572824074, A.D. 1999-Sep-28 01:44:52.0000,  6.735081162915448E+08, -3.014267852166856E+08,  1.432604763140795E+08,
2451450.572824074, A.D. 1999-Sep-29 01:44:52.0000,  6.740961667639192E+08, -3.004630404090489E+08,  1.429795453715186E+08,
2451451.572824074, A.D. 1999-Sep-30 01:44:52.0000,  6.746826433224505E+08, -2.994985936694931E+08,  1.426982805166357E+08,
2451452.572824074, A.D. 1999-Oct-01 01:44:52.0000,  6.752675451498508E+08, -2.985334475008771E+08,  1.424166825229420E+08,
2451453.572824074, A.D. 1999-Oct-02 01:44:52.0000,  6.758508714336182E+08, -2.975676044060807E+08,  1.421347521642453E+08,
2451454.572824074, A.D. 1999-Oct-03 01:44:52.0000,  6.764326213660280E+08, -2.966010668879876E+08,  1.418524902146485E+08,
2451455.572824074, A.D. 1999-Oct-04 01:44:52.0000,  6.770127941441250E+08, -2.956338374494686E+08,  1.415698974485469E+08,
2451456.572824074, A.D. 1999-Oct-05 01:44:52.0000,  6.775913889697142E+08, -2.946659185933654E+08,  1.412869746406266E+08,
2451457.572824074, A.D. 1999-Oct-06 01:44:52.0000,  6.781684050493505E+08, -2.936973128224759E+08,  1.410037225658619E+08,
2451458.572824074, A.D. 1999-Oct-07 01:44:52.0000,  6.787438415943308E+08, -2.927280226395391E+08,  1.407201419995134E+08,
2451459.572824074, A.D. 1999-Oct-08 01:44:52.0000,  6.793176978206824E+08, -2.917580505472215E+08,  1.404362337171257E+08,
2451460.572824074, A.D. 1999-Oct-09 01:44:52.0000,  6.798899729491534E+08, -2.907873990481034E+08,  1.401519984945248E+08,
2451461.572824074, A.D. 1999-Oct-10 01:44:52.0000,  6.804606662052029E+08, -2.898160706446665E+08,  1.398674371078165E+08,
2451462.572824074, A.D. 1999-Oct-11 01:44:52.0000,  6.810297768189889E+08, -2.888440678392822E+08,  1.395825503333838E+08,
2451463.572824074, A.D. 1999-Oct-12 01:44:52.0000,  6.815973040253584E+08, -2.878713931341996E+08,  1.392973389478844E+08,
2451464.572824074, A.D. 1999-Oct-13 01:44:52.0000,  6.821632470638363E+08, -2.868980490315355E+08,  1.390118037282484E+08,
2451465.572824074, A.D. 1999-Oct-14 01:44:52.0000,  6.827276051786127E+08, -2.859240380332645E+08,  1.387259454516766E+08,
2451466.572824074, A.D. 1999-Oct-15 01:44:52.0000,  6.832903776185331E+08, -2.849493626412092E+08,  1.384397648956370E+08,
2451467.572824074, A.D. 1999-Oct-16 01:44:52.0000,  6.838515636370847E+08, -2.839740253570335E+08,  1.381532628378632E+08,
2451468.572824074, A.D. 1999-Oct-17 01:44:52.0000,  6.844111624923860E+08, -2.829980286822339E+08,  1.378664400563515E+08,
2451469.572824074, A.D. 1999-Oct-18 01:44:52.0000,  6.849691734471738E+08, -2.820213751181340E+08,  1.375792973293584E+08,
2451470.572824074, A.D. 1999-Oct-19 01:44:52.0000,  6.855255957687914E+08, -2.810440671658792E+08,  1.372918354353979E+08,
2451471.572824074, A.D. 1999-Oct-20 01:44:52.0000,  6.860804287291762E+08, -2.800661073264332E+08,  1.370040551532391E+08,
2451472.572824074, A.D. 1999-Oct-21 01:44:52.0000,  6.866336716048478E+08, -2.790874981005746E+08,  1.367159572619028E+08,
2451473.572824074, A.D. 1999-Oct-22 01:44:52.0000,  6.871853236768957E+08, -2.781082419888963E+08,  1.364275425406589E+08,
2451474.572824074, A.D. 1999-Oct-23 01:44:52.0000,  6.877353842309694E+08, -2.771283414918063E+08,  1.361388117690231E+08,
2451475.572824074, A.D. 1999-Oct-24 01:44:52.0000,  6.882838525572650E+08, -2.761477991095289E+08,  1.358497657267538E+08,
2451476.572824074, A.D. 1999-Oct-25 01:44:52.0000,  6.888307279505172E+08, -2.751666173421106E+08,  1.355604051938484E+08,
2451477.572824074, A.D. 1999-Oct-26 01:44:52.0000,  6.893760097099894E+08, -2.741847986894245E+08,  1.352707309505394E+08,
2451478.572824074, A.D. 1999-Oct-27 01:44:52.0000,  6.899196971394656E+08, -2.732023456511800E+08,  1.349807437772905E+08,
2451479.572824074, A.D. 1999-Oct-28 01:44:52.0000,  6.904617895472460E+08, -2.722192607269328E+08,  1.346904444547920E+08,
2451480.572824074, A.D. 1999-Oct-29 01:44:52.0000,  6.910022862461436E+08, -2.712355464160990E+08,  1.343998337639561E+08,
2451481.572824074, A.D. 1999-Oct-30 01:44:52.0000,  6.915411865534840E+08, -2.702512052179694E+08,  1.341089124859113E+08,
2451482.572824074, A.D. 1999-Oct-31 01:44:52.0000,  6.920784897911090E+08, -2.692662396317284E+08,  1.338176814019969E+08,
2451483.572824074, A.D. 1999-Nov-01 01:44:52.0000,  6.926141952853869E+08, -2.682806521564733E+08,  1.335261412937558E+08,
2451484.572824074, A.D. 1999-Nov-02 01:44:52.0000,  6.931483023672265E+08, -2.672944452912361E+08,  1.332342929429284E+08,
2451485.572824074, A.D. 1999-Nov-03 01:44:52.0000,  6.936808103720990E+08, -2.663076215350047E+08,  1.329421371314437E+08,
2451486.572824074, A.D. 1999-Nov-04 01:44:52.0000,  6.942117186400690E+08, -2.653201833867457E+08,  1.326496746414114E+08,
2451487.572824074, A.D. 1999-Nov-05 01:44:52.0000,  6.947410265158336E+08, -2.643321333454245E+08,  1.323569062551125E+08,
2451488.572824074, A.D. 1999-Nov-06 01:44:52.0000,  6.952687333487728E+08, -2.633434739100198E+08,  1.320638327549892E+08,
2451489.572824074, A.D. 1999-Nov-07 01:44:52.0000,  6.957948384930111E+08, -2.623542075795341E+08,  1.317704549236345E+08,
2451490.572824074, A.D. 1999-Nov-08 01:44:52.0000,  6.963193413074912E+08, -2.613643368529926E+08,  1.314767735437821E+08,
2451491.572824074, A.D. 1999-Nov-09 01:44:52.0000,  6.968422411560560E+08, -2.603738642294286E+08,  1.311827893982954E+08,
2451492.572824074, A.D. 1999-Nov-10 01:44:52.0000,  6.973635374075437E+08, -2.593827922078504E+08,  1.308885032701581E+08,
2451493.572824074, A.D. 1999-Nov-11 01:44:52.0000,  6.978832294358855E+08, -2.583911232871861E+08,  1.305939159424653E+08,
2451494.572824074, A.D. 1999-Nov-12 01:44:52.0000,  6.984013166202061E+08, -2.573988599662005E+08,  1.302990281984178E+08,
2451495.572824074, A.D. 1999-Nov-13 01:44:52.0000,  6.989177983449162E+08, -2.564060047433832E+08,  1.300038408213182E+08,
2451496.572824074, A.D. 1999-Nov-14 01:44:52.0000,  6.994326739997927E+08, -2.554125601168051E+08,  1.297083545945720E+08,
2451497.572824074, A.D. 1999-Nov-15 01:44:52.0000,  6.999459429800317E+08, -2.544185285839459E+08,  1.294125703016925E+08,
2451498.572824074, A.D. 1999-Nov-16 01:44:52.0000,  7.004576046862688E+08, -2.534239126414970E+08,  1.291164887263117E+08,
2451499.572824074, A.D. 1999-Nov-17 01:44:52.0000,  7.009676585245503E+08, -2.524287147851493E+08,  1.288201106521955E+08,
2451500.572824074, A.D. 1999-Nov-18 01:44:52.0000,  7.014761039062607E+08, -2.514329375093799E+08,  1.285234368632653E+08,
2451501.572824074, A.D. 1999-Nov-19 01:44:52.0000,  7.019829402479907E+08, -2.504365833072511E+08,  1.282264681436219E+08,
2451502.572824074, A.D. 1999-Nov-20 01:44:52.0000,  7.024881669713598E+08, -2.494396546702391E+08,  1.279292052775721E+08,
2451503.572824074, A.D. 1999-Nov-21 01:44:52.0000,  7.029917835027962E+08, -2.484421540881079E+08,  1.276316490496559E+08,
2451504.572824074, A.D. 1999-Nov-22 01:44:52.0000,  7.034937892732918E+08, -2.474440840488382E+08,  1.273338002446703E+08,
2451505.572824074, A.D. 1999-Nov-23 01:44:52.0000,  7.039941837181505E+08, -2.464454470386175E+08,  1.270356596476903E+08,
2451506.572824074, A.D. 1999-Nov-24 01:44:52.0000,  7.044929662767438E+08, -2.454462455418886E+08,  1.267372280440831E+08,
2451507.572824074, A.D. 1999-Nov-25 01:44:52.0000,  7.049901363922944E+08, -2.444464820414529E+08,  1.264385062195163E+08,
2451508.572824074, A.D. 1999-Nov-26 01:44:52.0000,  7.054856935116974E+08, -2.434461590186109E+08,  1.261394949599588E+08,
2451509.572824074, A.D. 1999-Nov-27 01:44:52.0000,  7.059796370853894E+08, -2.424452789533305E+08,  1.258401950516759E+08,
2451510.572824074, A.D. 1999-Nov-28 01:44:52.0000,  7.064719665672613E+08, -2.414438443244258E+08,  1.255406072812185E+08,
2451511.572824074, A.D. 1999-Nov-29 01:44:52.0000,  7.069626814146199E+08, -2.404418576097331E+08,  1.252407324354089E+08,
2451512.572824074, A.D. 1999-Nov-30 01:44:52.0000,  7.074517810881857E+08, -2.394393212862746E+08,  1.249405713013245E+08,
2451513.572824074, A.D. 1999-Dec-01 01:44:52.0000,  7.079392650521206E+08, -2.384362378304016E+08,  1.246401246662792E+08,
2451514.572824074, A.D. 1999-Dec-02 01:44:52.0000,  7.084251327740805E+08, -2.374326097179151E+08,  1.243393933178056E+08,
2451515.572824074, A.D. 1999-Dec-03 01:44:52.0000,  7.089093837252793E+08, -2.364284394241605E+08,  1.240383780436381E+08,
2451516.572824074, A.D. 1999-Dec-04 01:44:52.0000,  7.093920173805609E+08, -2.354237294240988E+08,  1.237370796316963E+08,
2451517.572824074, A.D. 1999-Dec-05 01:44:52.0000,  7.098730332184731E+08, -2.344184821923561E+08,  1.234354988700713E+08,
2451518.572824074, A.D. 1999-Dec-06 01:44:52.0000,  7.103524307213383E+08, -2.334127002032546E+08,  1.231336365470129E+08,
2451519.572824074, A.D. 1999-Dec-07 01:44:52.0000,  7.108302093753207E+08, -2.324063859308276E+08,  1.228314934509187E+08,
2451520.572824074, A.D. 1999-Dec-08 01:44:52.0000,  7.113063686704843E+08, -2.313995418488247E+08,  1.225290703703251E+08,
2451521.572824074, A.D. 1999-Dec-09 01:44:52.0000,  7.117809081008453E+08, -2.303921704307038E+08,  1.222263680938995E+08,
2451522.572824074, A.D. 1999-Dec-10 01:44:52.0000,  7.122538271644163E+08, -2.293842741496212E+08,  1.219233874104339E+08,
2451523.572824074, A.D. 1999-Dec-11 01:44:52.0000,  7.127251253632419E+08, -2.283758554784130E+08,  1.216201291088393E+08,
2451524.572824074, A.D. 1999-Dec-12 01:44:52.0000,  7.131948022034299E+08, -2.273669168895763E+08,  1.213165939781416E+08,
2451525.572824074, A.D. 1999-Dec-13 01:44:52.0000,  7.136628571951730E+08, -2.263574608552475E+08,  1.210127828074775E+08,
2451526.572824074, A.D. 1999-Dec-14 01:44:52.0000,  7.141292898527682E+08, -2.253474898471802E+08,  1.207086963860916E+08,
2451527.572824074, A.D. 1999-Dec-15 01:44:52.0000,  7.145940996946294E+08, -2.243370063367232E+08,  1.204043355033331E+08,
2451528.572824074, A.D. 1999-Dec-16 01:44:52.0000,  7.150572862432959E+08, -2.233260127947999E+08,  1.200997009486540E+08,
2451529.572824074, A.D. 1999-Dec-17 01:44:52.0000,  7.155188490254391E+08, -2.223145116918870E+08,  1.197947935116067E+08,
2451530.572824074, A.D. 1999-Dec-18 01:44:52.0000,  7.159787875718648E+08, -2.213025054979954E+08,  1.194896139818419E+08,
2451531.572824074, A.D. 1999-Dec-19 01:44:52.0000,  7.164371014175133E+08, -2.202899966826530E+08,  1.191841631491072E+08,
2451532.572824074, A.D. 1999-Dec-20 01:44:52.0000,  7.168937901014582E+08, -2.192769877148869E+08,  1.188784418032445E+08,
2451533.572824074, A.D. 1999-Dec-21 01:44:52.0000,  7.173488531669027E+08, -2.182634810632091E+08,  1.185724507341894E+08,
2451534.572824074, A.D. 1999-Dec-22 01:44:52.0000,  7.178022901611764E+08, -2.172494791956016E+08,  1.182661907319686E+08,
2451535.572824074, A.D. 1999-Dec-23 01:44:52.0000,  7.182541006357287E+08, -2.162349845795041E+08,  1.179596625866988E+08,
2451536.572824074, A.D. 1999-Dec-24 01:44:52.0000,  7.187042841461226E+08, -2.152199996818021E+08,  1.176528670885847E+08,
2451537.572824074, A.D. 1999-Dec-25 01:44:52.0000,  7.191528402520280E+08, -2.142045269688164E+08,  1.173458050279177E+08,
2451538.572824074, A.D. 1999-Dec-26 01:44:52.0000,  7.195997685172147E+08, -2.131885689062934E+08,  1.170384771950735E+08,
2451539.572824074, A.D. 1999-Dec-27 01:44:52.0000,  7.200450685095437E+08, -2.121721279593969E+08,  1.167308843805113E+08,
2451540.572824074, A.D. 1999-Dec-28 01:44:52.0000,  7.204887398009603E+08, -2.111552065927000E+08,  1.164230273747711E+08,
2451541.572824074, A.D. 1999-Dec-29 01:44:52.0000,  7.209307819674845E+08, -2.101378072701784E+08,  1.161149069684727E+08,
2451542.572824074, A.D. 1999-Dec-30 01:44:52.0000,  7.213711945892036E+08, -2.091199324552044E+08,  1.158065239523132E+08,
