JDTDB,Calendar Date (TDB),X,Y,Z,
2451029.693935185, A.D. 1998-Aug-04 04:39:16.0000,  2.160296560709131E+08, -3.731945603721353E+08,  7.571084287255615E+07,
2451030.693935185, A.D. 1998-Aug-05 04:39:16.0000,  2.173543122930905E+08, -3.723771052283217E+08,  7.558527745355368E+07,
2451031.693935185, A.D. 1998-Aug-06 04:39:16.0000,  2.186764021382876E+08, -3.715552505690318E+08,  7.545881888126975E+07,
2451032.693935185, A.D. 1998-Aug-07 04:39:16.0000,  2.199959089071538E+08, -3.707290042424647E+08,  7.533146827049999E+07,
2451033.693935185, A.D. 1998-Aug-08 04:39:16.0000,  2.213128159240702E+08, -3.698983741676330E+08,  7.520322675003287E+07,
2451034.693935185, A.D. 1998-Aug-09 04:39:16.0000,  2.226271065375195E+08, -3.690633683343201E+08,  7.507409546264768E+07,
2451035.693935185, A.D. 1998-Aug-10 04:39:16.0000,  2.239387641204579E+08, -3.682239948030344E+08,  7.494407556511179E+07,
2451036.693935185, A.D. 1998-Aug-11 04:39:16.0000,  2.252477720706866E+08, -3.673802617049638E+08,  7.481316822817698E+07,
2451037.693935185, A.D. 1998-Aug-12 04:39:16.0000,  2.265541138112262E+08, -3.665321772419305E+08,  7.468137463657551E+07,
2451038.693935185, A.D. 1998-Aug-13 04:39:16.0000,  2.278577727906909E+08, -3.656797496863452E+08,  7.454869598901504E+07,
2451039.693935185, A.D. 1998-Aug-14 04:39:16.0000,  2.291587324836660E+08, -3.648229873811601E+08,  7.441513349817298E+07,
2451040.693935185, A.D. 1998-Aug-15 04:39:16.0000,  2.304569763910880E+08, -3.639618987398240E+08,  7.428068839068960E+07,
2451041.693935185, A.D. 1998-Aug-16 04:39:16.0000,  2.317524880406272E+08, -3.630964922462356E+08,  7.414536190716076E+07,
2451042.693935185, A.D. 1998-Aug-17 04:39:16.0000,  2.330452509870748E+08, -3.622267764546972E+08,  7.400915530212909E+07,
2451043.693935185, A.D. 1998-Aug-18 04:39:16.0000,  2.343352488127352E+08, -3.613527599898684E+08,  7.387206984407443E+07,
2451044.693935185, A.D. 1998-Aug-19 04:39:16.0000,  2.356224651278241E+08, -3.604744515467187E+08,  7.373410681540309E+07,
2451045.693935185, A.D. 1998-Aug-20 04:39:16.0000,  2.369068835708727E+08, -3.595918598904778E+08,  7.359526751243588E+07,
2451046.693935185, A.D. 1998-Aug-21 04:39:16.0000,  2.381884878091420E+08, -3.587049938565844E+08,  7.345555324539492E+07,
2451047.693935185, A.D. 1998-Aug-22 04:39:16.0000,  2.394672615390452E+08, -3.578138623506296E+08,  7.331496533838944E+07,
2451048.693935185, A.D. 1998-Aug-23 04:39:16.0000,  2.407431884865807E+08, -3.569184743482945E+08,  7.317350512940033E+07,
2451049.693935185, A.D. 1998-Aug-24 04:39:16.0000,  2.420162524077769E+08, -3.560188388952792E+08,  7.303117397026408E+07,
2451050.693935185, A.D. 1998-Aug-25 04:39:16.0000,  2.432864370891477E+08, -3.551149651072184E+08,  7.288797322665526E+07,
2451051.693935185, A.D. 1998-Aug-26 04:39:16.0000,  2.445537263481596E+08, -3.542068621695817E+08,  7.274390427806966E+07,
2451052.693935185, A.D. 1998-Aug-27 04:39:16.0000,  2.458181040337075E+08, -3.532945393375528E+08,  7.259896851780689E+07,
2451053.693935185, A.D. 1998-Aug-28 04:39:16.0000,  2.470795540265962E+08, -3.523780059358839E+08,  7.245316735295400E+07,
2451054.693935185, A.D. 1998-Aug-29 04:39:16.0000,  2.483380602400233E+08, -3.514572713587213E+08,  7.230650220437115E+07,
2451055.693935185, A.D. 1998-Aug-30 04:39:16.0000,  2.495936066200559E+08, -3.505323450693980E+08,  7.215897450667909E+07,
2451056.693935185, A.D. 1998-Aug-31 04:39:16.0000,  2.508461771460925E+08, -3.496032366001934E+08,  7.201058570825055E+07,
2451057.693935185, A.D. 1998-Sep-01 04:39:16.0000,  2.520957558313005E+08, -3.486699555520607E+08,  7.186133727120592E+07,
2451058.693935185, A.D. 1998-Sep-02 04:39:16.0000,  2.533423267230176E+08, -3.477325115943286E+08,  7.171123067141312E+07,
2451059.693935185, A.D. 1998-Sep-03 04:39:16.0000,  2.545858739031117E+08, -3.467909144643829E+08,  7.156026739849302E+07,
2451060.693935185, A.D. 1998-Sep-04 04:39:16.0000,  2.558263814882852E+08, -3.458451739673455E+08,  7.140844895582864E+07,
2451061.693935185, A.D. 1998-Sep-05 04:39:16.0000,  2.570638336303305E+08, -3.448952999757626E+08,  7.125577686057840E+07,
2451062.693935185, A.D. 1998-Sep-06 04:39:16.0000,  2.582982145163330E+08, -3.439413024293193E+08,  7.110225264369023E+07,
2451063.693935185, A.D. 1998-Sep-07 04:39:16.0000,  2.595295083688348E+08, -3.429831913345963E+08,  7.094787784991629E+07,
2451064.693935185, A.D. 1998-Sep-08 04:39:16.0000,  2.607576994459687E+08, -3.420209767648792E+08,  7.079265403782405E+07,
2451065.693935185, A.D. 1998-Sep-09 04:39:16.0000,  2.619827720415871E+08, -3.410546688600272E+08,  7.063658277980429E+07,
2451066.693935185, A.D. 1998-Sep-10 04:39:16.0000,  2.632047104853972E+08, -3.400842778263968E+08,  7.047966566207111E+07,
2451067.693935185, A.D. 1998-Sep-11 04:39:16.0000,  2.644234991431223E+08, -3.391098139368168E+08,  7.032190428465627E+07,
2451068.693935185, A.D. 1998-Sep-12 04:39:16.0000,  2.656391224167011E+08, -3.381312875306017E+08,  7.016330026139531E+07,
2451069.693935185, A.D. 1998-Sep-13 04:39:16.0000,  2.668515647445315E+08, -3.371487090135882E+08,  7.000385521990725E+07,
2451070.693935185, A.D. 1998-Sep-14 04:39:16.0000,  2.680608106017620E+08, -3.361620888581824E+08,  6.984357080156884E+07,
2451071.693935185, A.D. 1998-Sep-15 04:39:16.0000,  2.692668445006283E+08, -3.351714376033989E+08,  6.968244866148356E+07,
2451072.693935185, A.D. 1998-Sep-16 04:39:16.0000,  2.704696509908261E+08, -3.341767658548887E+08,  6.952049046844859E+07,
2451073.693935185, A.D. 1998-Sep-17 04:39:16.0000,  2.716692146599162E+08, -3.331780842849422E+08,  6.935769790491907E+07,
2451074.693935185, A.D. 1998-Sep-18 04:39:16.0000,  2.728655201337494E+08, -3.321754036324688E+08,  6.919407266697294E+07,
2451075.693935185, A.D. 1998-Sep-19 04:39:16.0000,  2.740585520769073E+08, -3.311687347029456E+08,  6.902961646427476E+07,
2451076.693935185, A.D. 1998-Sep-20 04:39:16.0000,  2.752482951931481E+08, -3.301580883683429E+08,  6.886433102004167E+07,
2451077.693935185, A.D. 1998-Sep-21 04:39:16.0000,  2.764347342258543E+08, -3.291434755670235E+08,  6.869821807100931E+07,
2451078.693935185, A.D. 1998-Sep-22 04:39:16.0000,  2.776178539584774E+08, -3.281249073036215E+08,  6.853127936739969E+07,
2451079.693935185, A.D. 1998-Sep-23 04:39:16.0000,  2.787976392149765E+08, -3.271023946489037E+08,  6.836351667289047E+07,
2451080.693935185, A.D. 1998-Sep-24 04:39:16.0000,  2.799740748602499E+08, -3.260759487396148E+08,  6.819493176458469E+07,
2451081.693935185, A.D. 1998-Sep-25 04:39:16.0000,  2.811471458005581E+08, -3.250455807783132E+08,  6.802552643298218E+07,
2451082.693935185, A.D. 1998-Sep-26 04:39:16.0000,  2.823168369839390E+08, -3.240113020331948E+08,  6.785530248195130E+07,
2451083.693935185, A.D. 1998-Sep-27 04:39:16.0000,  2.834831334006139E+08, -3.229731238379124E+08,  6.768426172870171E+07,
2451084.693935185, A.D. 1998-Sep-28 04:39:16.0000,  2.846460200833866E+08, -3.219310575913874E+08,  6.751240600375712E+07,
2451085.693935185, A.D. 1998-Sep-29 04:39:16.0000,  2.858054821080352E+08, -3.208851147576190E+08,  6.733973715092853E+07,
2451086.693935185, A.D. 1998-Sep-30 04:39:16.0000,  2.869615045936975E+08, -3.198353068654896E+08,  6.716625702728774E+07,
2451087.693935185, A.D. 1998-Oct-01 04:39:16.0000,  2.881140727032511E+08, -3.187816455085675E+08,  6.699196750314029E+07,
2451088.693935185, A.D. 1998-Oct-02 04:39:16.0000,  2.892631716436876E+08, -3.177241423449081E+08,  6.681687046199889E+07,
2451089.693935185, A.D. 1998-Oct-03 04:39:16.0000,  2.904087866664839E+08, -3.166628090968542E+08,  6.664096780055624E+07,
2451090.693935185, A.D. 1998-Oct-04 04:39:16.0000,  2.915509030679683E+08, -3.155976575508333E+08,  6.646426142865774E+07,
2451091.693935185, A.D. 1998-Oct-05 04:39:16.0000,  2.926895061896845E+08, -3.145286995571559E+08,  6.628675326927378E+07,
2451092.693935185, A.D. 1998-Oct-06 04:39:16.0000,  2.938245814187513E+08, -3.134559470298104E+08,  6.610844525847165E+07,
2451093.693935185, A.D. 1998-Oct-07 04:39:16.0000,  2.949561141882215E+08, -3.123794119462587E+08,  6.592933934538709E+07,
2451094.693935185, A.D. 1998-Oct-08 04:39:16.0000,  2.960840899774367E+08, -3.112991063472299E+08,  6.574943749219533E+07,
2451095.693935185, A.D. 1998-Oct-09 04:39:16.0000,  2.972084943123810E+08, -3.102150423365126E+08,  6.556874167408187E+07,
2451096.693935185, A.D. 1998-Oct-10 04:39:16.0000,  2.983293127660335E+08, -3.091272320807465E+08,  6.538725387921230E+07,
2451097.693935185, A.D. 1998-Oct-11 04:39:16.0000,  2.994465309587170E+08, -3.080356878092122E+08,  6.520497610870220E+07,
2451098.693935185, A.D. 1998-Oct-12 04:39:16.0000,  3.005601345584478E+08, -3.069404218136200E+08,  6.502191037658623E+07,
2451099.693935185, A.D. 1998-Oct-13 04:39:16.0000,  3.016701092812815E+08, -3.058414464478968E+08,  6.483805870978674E+07,
2451100.693935185, A.D. 1998-Oct-14 04:39:16.0000,  3.027764408916594E+08, -3.047387741279727E+08,  6.465342314808223E+07,
2451101.693935185, A.D. 1998-Oct-15 04:39:16.0000,  3.038791152027524E+08, -3.036324173315635E+08,  6.446800574407442E+07,
2451102.693935185, A.D. 1998-Oct-16 04:39:16.0000,  3.049781180768033E+08, -3.025223885979549E+08,  6.428180856315609E+07,
2451103.693935185, A.D. 1998-Oct-17 04:39:16.0000,  3.060734354254696E+08, -3.014087005277822E+08,  6.409483368347722E+07,
2451104.693935185, A.D. 1998-Oct-18 04:39:16.0000,  3.071650532101629E+08, -3.002913657828103E+08,  6.390708319591158E+07,
2451105.693935185, A.D. 1998-Oct-19 04:39:16.0000,  3.082529574423880E+08, -2.991703970857105E+08,  6.371855920402204E+07,
2451106.693935185, A.D. 1998-Oct-20 04:39:16.0000,  3.093371341840810E+08, -2.980458072198364E+08,  6.352926382402592E+07,
2451107.693935185, A.D. 1998-Oct-21 04:39:16.0000,  3.104175695479456E+08, -2.969176090289984E+08,  6.333919918475986E+07,
2451108.693935185, A.D. 1998-Oct-22 04:39:16.0000,  3.114942496977882E+08, -2.957858154172353E+08,  6.314836742764361E+07,
2451109.693935185, A.D. 1998-Oct-23 04:39:16.0000,  3.125671608488520E+08, -2.946504393485852E+08,  6.295677070664406E+07,
2451110.693935185, A.D. 1998-Oct-24 04:39:16.0000,  3.136362892681496E+08, -2.935114938468540E+08,  6.276441118823822E+07,
2451111.693935185, A.D. 1998-Oct-25 04:39:16.0000,  3.147016212747939E+08, -2.923689919953829E+08,  6.257129105137617E+07,
2451112.693935185, A.D. 1998-Oct-26 04:39:16.0000,  3.157631432403282E+08, -2.912229469368134E+08,  6.237741248744315E+07,
2451113.693935185, A.D. 1998-Oct-27 04:39:16.0000,  3.168208415890549E+08, -2.900733718728510E+08,  6.218277770022113E+07,
2451114.693935185, A.D. 1998-Oct-28 04:39:16.0000,  3.178747027983625E+08, -2.889202800640280E+08,  6.198738890585032E+07,
2451115.693935185, A.D. 1998-Oct-29 04:39:16.0000,  3.189247133990514E+08, -2.877636848294634E+08,  6.179124833278971E+07,
2451116.693935185, A.D. 1998-Oct-30 04:39:16.0000,  3.199708599756584E+08, -2.866035995466229E+08,  6.159435822177736E+07,
2451117.693935185, A.D. 1998-Oct-31 04:39:16.0000,  3.210131291667796E+08, -2.854400376510758E+08,  6.139672082578988E+07,
2451118.693935185, A.D. 1998-Nov-01 04:39:16.0000,  3.220515076653926E+08, -2.842730126362530E+08,  6.119833841000196E+07,
2451119.693935185, A.D. 1998-Nov-02 04:39:16.0000,  3.230859822191765E+08, -2.831025380532010E+08,  6.099921325174458E+07,
2451120.693935185, A.D. 1998-Nov-03 04:39:16.0000,  3.241165396308314E+08, -2.819286275103375E+08,  6.079934764046331E+07,
2451121.693935185, A.D. 1998-Nov-04 04:39:16.0000,  3.251431667583968E+08, -2.807512946732040E+08,  6.059874387767575E+07,
2451122.693935185, A.D. 1998-Nov-05 04:39:16.0000,  3.261658505155680E+08, -2.795705532642198E+08,  6.039740427692818E+07,
2451123.693935185, A.D. 1998-Nov-06 04:39:16.0000,  3.271845778720136E+08, -2.783864170624329E+08,  6.019533116375205E+07,
2451124.693935185, A.D. 1998-Nov-07 04:39:16.0000,  3.281993358536901E+08, -2.771988999032729E+08,  5.999252687561946E+07,
2451125.693935185, A.D. 1998-Nov-08 04:39:16.0000,  3.292101115431582E+08, -2.760080156783018E+08,  5.978899376189787E+07,
2451126.693935185, A.D. 1998-Nov-09 04:39:16.0000,  3.302168920798983E+08, -2.748137783349656E+08,  5.958473418380454E+07,
2451127.693935185, A.D. 1998-Nov-10 04:39:16.0000,  3.312196646606239E+08, -2.736162018763475E+08,  5.937975051435925E+07,
2451128.693935185, A.D. 1998-Nov-11 04:39:16.0000,  3.322184165396031E+08, -2.724153003609159E+08,  5.917404513833746E+07,
2451129.693935185, A.D. 1998-Nov-12 04:39:16.0000,  3.332131350289736E+08, -2.712110879022783E+08,  5.896762045222138E+07,
2451130.693935185, A.D. 1998-Nov-13 04:39:16.0000,  3.342038074990650E+08, -2.700035786689328E+08,  5.876047886415068E+07,
2451131.693935185, A.D. 1998-Nov-14 04:39:16.0000,  3.351904213787226E+08, -2.687927868840187E+08,  5.855262279387196E+07,
2451132.693935185, A.D. 1998-Nov-15 04:39:16.0000,  3.361729641556370E+08, -2.675787268250673E+08,  5.834405467268735E+07,
2451133.693935185, A.D. 1998-Nov-16 04:39:16.0000,  3.371514233766760E+08, -2.663614128237510E+08,  5.813477694340131E+07,
2451134.693935185, A.D. 1998-Nov-17 04:39:16.0000,  3.381257866482287E+08, -2.651408592656293E+08,  5.792479206026758E+07,
2451135.693935185, A.D. 1998-Nov-18 04:39:16.0000,  3.390960416365514E+08, -2.639170805898916E+08,  5.771410248893381E+07,
2451136.693935185, A.D. 1998-Nov-19 04:39:16.0000,  3.400621760681262E+08, -2.626900912890927E+08,  5.750271070638543E+07,
2451137.693935185, A.D. 1998-Nov-20 04:39:16.0000,  3.410241777300270E+08, -2.614599059088798E+08,  5.729061920088892E+07,
2451138.693935185, A.D. 1998-Nov-21 04:39:16.0000,  3.419820344702979E+08, -2.602265390477082E+08,  5.707783047193430E+07,
2451139.693935185, A.D. 1998-Nov-22 04:39:16.0000,  3.429357341983368E+08, -2.589900053565390E+08,  5.686434703017738E+07,
2451140.693935185, A.D. 1998-Nov-23 04:39:16.0000,  3.438852648852906E+08, -2.577503195385182E+08,  5.665017139738218E+07,
2451141.693935185, A.D. 1998-Nov-24 04:39:16.0000,  3.448306145644516E+08, -2.565074963486298E+08,  5.643530610636432E+07,
2451142.693935185, A.D. 1998-Nov-25 04:39:16.0000,  3.457717713316541E+08, -2.552615505933203E+08,  5.621975370093644E+07,
2451143.693935185, A.D. 1998-Nov-26 04:39:16.0000,  3.467087233456624E+08, -2.540124971300908E+08,  5.600351673585565E+07,
2451144.693935185, A.D. 1998-Nov-27 04:39:16.0000,  3.476414588285434E+08, -2.527603508670570E+08,  5.578659777677508E+07,
2451145.693935185, A.D. 1998-Nov-28 04:39:16.0000,  3.485699660660115E+08, -2.515051267624762E+08,  5.556899940019941E+07,
2451146.693935185, A.D. 1998-Nov-29 04:39:16.0000,  3.494942334077368E+08, -2.502468398242494E+08,  5.535072419344532E+07,
2451147.693935185, A.D. 1998-Nov-30 04:39:16.0000,  3.504142492676057E+08, -2.489855051094055E+08,  5.513177475460706E+07,
2451148.693935185, A.D. 1998-Dec-01 04:39:16.0000,  3.513300021239313E+08, -2.477211377235819E+08,  5.491215369252627E+07,
2451149.693935185, A.D. 1998-Dec-02 04:39:16.0000,  3.522414805196066E+08, -2.464537528205154E+08,  5.469186362676518E+07,
2451150.693935185, A.D. 1998-Dec-03 04:39:16.0000,  3.531486730622081E+08, -2.451833656015624E+08,  5.447090718758191E+07,
2451151.693935185, A.D. 1998-Dec-04 04:39:16.0000,  3.540515684240546E+08, -2.439099913152595E+08,  5.424928701590519E+07,
2451152.693935185, A.D. 1998-Dec-05 04:39:16.0000,  3.549501553422404E+08, -2.426336452569401E+08,  5.402700576330670E+07,
2451153.693935185, A.D. 1998-Dec-06 04:39:16.0000,  3.558444226186586E+08, -2.413543427684071E+08,  5.380406609196860E+07,
2451154.693935185, A.D. 1998-Dec-07 04:39:16.0000,  3.567343591200287E+08, -2.400720992376657E+08,  5.358047067464554E+07,
2451155.693935185, A.D. 1998-Dec-08 04:39:16.0000,  3.576199537779530E+08, -2.387869300987051E+08,  5.335622219461889E+07,
2451156.693935185, A.D. 1998-Dec-09 04:39:16.0000,  3.585011955890056E+08, -2.374988508313186E+08,  5.313132334564428E+07,
2451157.693935185, A.D. 1998-Dec-10 04:39:16.0000,  3.593780736148679E+08, -2.362078769609486E+08,  5.290577683189251E+07,
2451158.693935185, A.D. 1998-Dec-11 04:39:16.0000,  3.602505769825071E+08, -2.349140240585390E+08,  5.267958536788449E+07,
2451159.693935185, A.D. 1998-Dec-12 04:39:16.0000,  3.611186948843990E+08, -2.336173077403855E+08,  5.245275167842241E+07,
2451160.693935185, A.D. 1998-Dec-13 04:39:16.0000,  3.619824165787858E+08, -2.323177436679690E+08,  5.222527849851769E+07,
2451161.693935185, A.D. 1998-Dec-14 04:39:16.0000,  3.628417313899631E+08, -2.310153475477691E+08,  5.199716857331774E+07,
2451162.693935185, A.D. 1998-Dec-15 04:39:16.0000,  3.636966287085862E+08, -2.297101351310512E+08,  5.176842465803199E+07,
2451163.693935185, A.D. 1998-Dec-16 04:39:16.0000,  3.645470979919886E+08, -2.284021222136271E+08,  5.153904951785873E+07,
2451164.693935185, A.D. 1998-Dec-17 04:39:16.0000,  3.653931287645047E+08, -2.270913246355905E+08,  5.130904592791247E+07,
2451165.693935185, A.D. 1998-Dec-18 04:39:16.0000,  3.662347106177922E+08, -2.257777582810276E+08,  5.107841667315299E+07,
2451166.693935185, A.D. 1998-Dec-19 04:39:16.0000,  3.670718332111503E+08, -2.244614390777093E+08,  5.084716454831571E+07,
2451167.693935185, A.D. 1998-Dec-20 04:39:16.0000,  3.679044862718292E+08, -2.231423829967652E+08,  5.061529235784352E+07,
2451168.693935185, A.D. 1998-Dec-21 04:39:16.0000,  3.687326595953311E+08, -2.218206060523439E+08,  5.038280291581958E+07,
2451169.693935185, A.D. 1998-Dec-22 04:39:16.0000,  3.695563430457014E+08, -2.204961243012633E+08,  5.014969904590178E+07,
2451170.693935185, A.D. 1998-Dec-23 04:39:16.0000,  3.703755265558098E+08, -2.191689538426514E+08,  4.991598358125778E+07,
2451171.693935185, A.D. 1998-Dec-24 04:39:16.0000,  3.711902001276209E+08, -2.178391108175821E+08,  4.968165936450105E+07,
2451172.693935185, A.D. 1998-Dec-25 04:39:16.0000,  3.720003538324562E+08, -2.165066114087060E+08,  4.944672924762733E+07,
2451173.693935185, A.D. 1998-Dec-26 04:39:16.0000,  3.728059778112473E+08, -2.151714718398775E+08,  4.921119609195151E+07,
2451174.693935185, A.D. 1998-Dec-27 04:39:16.0000,  3.736070622747803E+08, -2.138337083757807E+08,  4.897506276804486E+07,
2451175.693935185, A.D. 1998-Dec-28 04:39:16.0000,  3.744035975039343E+08, -2.124933373215533E+08,  4.873833215567240E+07,
2451176.693935185, A.D. 1998-Dec-29 04:39:16.0000,  3.751955738499118E+08, -2.111503750224099E+08,  4.850100714373026E+07,
2451177.693935185, A.D. 1998-Dec-30 04:39:16.0000,  3.759829817344644E+08, -2.098048378632645E+08,  4.826309063018303E+07,
2451178.693935185, A.D. 1998-Dec-31 04:39:16.0000,  3.767658116501129E+08, -2.084567422683527E+08,  4.802458552200099E+07,
2451179.693935185, A.D. 1999-Jan-01 04:39:16.0000,  3.775440541603613E+08, -2.071061047008542E+08,  4.778549473509724E+07,
2451180.693935185, A.D. 1999-Jan-02 04:39:16.0000,  3.783176998999076E+08, -2.057529416625148E+08,  4.754582119426449E+07,
2451181.693935185, A.D. 1999-Jan-03 04:39:16.0000,  3.790867395748498E+08, -2.043972696932686E+08,  4.730556783311178E+07,
2451182.693935185, A.D. 1999-Jan-04 04:39:16.0000,  3.798511639628880E+08, -2.030391053708596E+08,  4.706473759400080E+07,
2451183.693935185, A.D. 1999-Jan-05 04:39:16.0000,  3.806109639135234E+08, -2.016784653104640E+08,  4.682333342798211E+07,
2451184.693935185, A.D. 1999-Jan-06 04:39:16.0000,  3.813661303482528E+08, -2.003153661643121E+08,  4.658135829473074E+07,
2451185.693935185, A.D. 1999-Jan-07 04:39:16.0000,  3.821166542607605E+08, -1.989498246213096E+08,  4.633881516248202E+07,
2451186.693935185, A.D. 1999-Jan-08 04:39:16.0000,  3.828625267171078E+08, -1.975818574066590E+08,  4.609570700796662E+07,
2451187.693935185, A.D. 1999-Jan-09 04:39:16.0000,  3.836037388559174E+08, -1.962114812814812E+08,  4.585203681634553E+07,
2451188.693935185, A.D. 1999-Jan-10 04:39:16.0000,  3.843402818885567E+08, -1.948387130424355E+08,  4.560780758114466E+07,
2451189.693935185, A.D. 1999-Jan-11 04:39:16.0000,  3.850721470993174E+08, -1.934635695213409E+08,  4.536302230418923E+07,
2451190.693935185, A.D. 1999-Jan-12 04:39:16.0000,  3.857993258455927E+08, -1.920860675847954E+08,  4.511768399553774E+07,
2451191.693935185, A.D. 1999-Jan-13 04:39:16.0000,  3.865218095580503E+08, -1.907062241337958E+08,  4.487179567341572E+07,
2451192.693935185, A.D. 1999-Jan-14 04:39:16.0000,  3.872395897408048E+08, -1.893240561033573E+08,  4.462536036414929E+07,
2451193.693935185, A.D. 1999-Jan-15 04:39:16.0000,  3.879526579715858E+08, -1.879395804621314E+08,  4.437838110209807E+07,
2451194.693935185, A.D. 1999-Jan-16 04:39:16.0000,  3.886610059019032E+08, -1.865528142120246E+08,  4.413086092958826E+07,
2451195.693935185, A.D. 1999-Jan-17 04:39:16.0000,  3.893646252572107E+08, -1.851637743878162E+08,  4.388280289684517E+07,
2451196.693935185, A.D. 1999-Jan-18 04:39:16.0000,  3.900635078370658E+08, -1.837724780567752E+08,  4.363421006192550E+07,
2451197.693935185, A.D. 1999-Jan-19 04:39:16.0000,  3.907576455152869E+08, -1.823789423182776E+08,  4.338508549064946E+07,
2451198.693935185, A.D. 1999-Jan-20 04:39:16.0000,  3.914470302401087E+08, -1.809831843034227E+08,  4.313543225653242E+07,
2451199.693935185, A.D. 1999-Jan-21 04:39:16.0000,  3.921316540343338E+08, -1.795852211746490E+08,  4.288525344071656E+07,
2451200.693935185, A.D. 1999-Jan-22 04:39:16.0000,  3.928115089954821E+08, -1.781850701253502E+08,  4.263455213190196E+07,
2451201.693935185, A.D. 1999-Jan-23 04:39:16.0000,  3.934865872959369E+08, -1.767827483794909E+08,  4.238333142627774E+07,
2451202.693935185, A.D. 1999-Jan-24 04:39:16.0000,  3.941568811830896E+08, -1.753782731912212E+08,  4.213159442745258E+07,
2451203.693935185, A.D. 1999-Jan-25 04:39:16.0000,  3.948223829794796E+08, -1.739716618444929E+08,  4.187934424638535E+07,
2451204.693935185, A.D. 1999-Jan-26 04:39:16.0000,  3.954830850829337E+08, -1.725629316526738E+08,  4.162658400131518E+07,
2451205.693935185, A.D. 1999-Jan-27 04:39:16.0000,  3.961389799667015E+08, -1.711520999581636E+08,  4.137331681769138E+07,
2451206.693935185, A.D. 1999-Jan-28 04:39:16.0000,  3.967900601795889E+08, -1.697391841320089E+08,  4.111954582810310E+07,
2451207.693935185, A.D. 1999-Jan-29 04:39:16.0000,  3.974363183460880E+08, -1.683242015735193E+08,  4.086527417220858E+07,
2451208.693935185, A.D. 1999-Jan-30 04:39:16.0000,  3.980777471665058E+08, -1.669071697098834E+08,  4.061050499666432E+07,
2451209.693935185, A.D. 1999-Jan-31 04:39:16.0000,  3.987143394170902E+08, -1.654881059957857E+08,  4.035524145505357E+07,
2451210.693935185, A.D. 1999-Feb-01 04:39:16.0000,  3.993460879501535E+08, -1.640670279130244E+08,  4.009948670781492E+07,
2451211.693935185, A.D. 1999-Feb-02 04:39:16.0000,  3.999729856941941E+08, -1.626439529701297E+08,  3.984324392217013E+07,
2451212.693935185, A.D. 1999-Feb-03 04:39:16.0000,  4.005950256540160E+08, -1.612188987019836E+08,  3.958651627205183E+07,
2451213.693935185, A.D. 1999-Feb-04 04:39:16.0000,  4.012122009108483E+08, -1.597918826694413E+08,  3.932930693803063E+07,
2451214.693935185, A.D. 1999-Feb-05 04:39:16.0000,  4.018245046224614E+08, -1.583629224589528E+08,  3.907161910724181E+07,
2451215.693935185, A.D. 1999-Feb-06 04:39:16.0000,  4.024319300232843E+08, -1.569320356821880E+08,  3.881345597331151E+07,
2451216.693935185, A.D. 1999-Feb-07 04:39:16.0000,  4.030344704245211E+08, -1.554992399756617E+08,  3.855482073628226E+07,
2451217.693935185, A.D. 1999-Feb-08 04:39:16.0000,  4.036321192142688E+08, -1.540645530003614E+08,  3.829571660253803E+07,
2451218.693935185, A.D. 1999-Feb-09 04:39:16.0000,  4.042248698576347E+08, -1.526279924413763E+08,  3.803614678472841E+07,
2451219.693935185, A.D. 1999-Feb-10 04:39:16.0000,  4.048127158968585E+08, -1.511895760075277E+08,  3.777611450169206E+07,
2451220.693935185, A.D. 1999-Feb-11 04:39:16.0000,  4.053956509514359E+08, -1.497493214310006E+08,  3.751562297837963E+07,
2451221.693935185, A.D. 1999-Feb-12 04:39:16.0000,  4.059736687182472E+08, -1.483072464669748E+08,  3.725467544577529E+07,
2451222.693935185, A.D. 1999-Feb-13 04:39:16.0000,  4.065467629716921E+08, -1.468633688932554E+08,  3.699327514081797E+07,
2451223.693935185, A.D. 1999-Feb-14 04:39:16.0000,  4.071149275638306E+08, -1.454177065099011E+08,  3.673142530632145E+07,
2451224.693935185, A.D. 1999-Feb-15 04:39:16.0000,  4.076781564245319E+08, -1.439702771388478E+08,  3.646912919089373E+07,
2451225.693935185, A.D. 1999-Feb-16 04:39:16.0000,  4.082364435616322E+08, -1.425210986235239E+08,  3.620639004885583E+07,
2451226.693935185, A.D. 1999-Feb-17 04:39:16.0000,  4.087897830611008E+08, -1.410701888284566E+08,  3.594321114016032E+07,
2451227.693935185, A.D. 1999-Feb-18 04:39:16.0000,  4.093381690872156E+08, -1.396175656388627E+08,  3.567959573030978E+07,
2451228.693935185, A.D. 1999-Feb-19 04:39:16.0000,  4.098815958827425E+08, -1.381632469602202E+08,  3.541554709027586E+07,
2451229.693935185, A.D. 1999-Feb-20 04:39:16.0000,  4.104200577691210E+08, -1.367072507178178E+08,  3.515106849641976E+07,
2451230.693935185, A.D. 1999-Feb-21 04:39:16.0000,  4.109535491466449E+08, -1.352495948562765E+08,  3.488616323041449E+07,
2451231.693935185, A.D. 1999-Feb-22 04:39:16.0000,  4.114820644946364E+08, -1.337902973390399E+08,  3.462083457917029E+07,
2451232.693935185, A.D. 1999-Feb-23 04:39:16.0000,  4.120055983716002E+08, -1.323293761478346E+08,  3.435508583476365E+07,
2451233.693935185, A.D. 1999-Feb-24 04:39:16.0000,  4.125241454153513E+08, -1.308668492821003E+08,  3.408892029437139E+07,
2451234.693935185, A.D. 1999-Feb-25 04:39:16.0000,  4.130377003431038E+08, -1.294027347583960E+08,  3.382234126020944E+07,
2451235.693935185, A.D. 1999-Feb-26 04:39:16.0000,  4.135462579515139E+08, -1.279370506097902E+08,  3.355535203947702E+07,
2451236.693935185, A.D. 1999-Feb-27 04:39:16.0000,  4.140498131166660E+08, -1.264698148852505E+08,  3.328795594430575E+07,
2451237.693935185, A.D. 1999-Feb-28 04:39:16.0000,  4.145483607940062E+08, -1.250010456490467E+08,  3.302015629171220E+07,
2451238.693935185, A.D. 1999-Mar-01 04:39:16.0000,  4.150418960182232E+08, -1.235307609801825E+08,  3.275195640355250E+07,
2451239.693935185, A.D. 1999-Mar-02 04:39:16.0000,  4.155304139030856E+08, -1.220589789718731E+08,  3.248335960647703E+07,
2451240.693935185, A.D. 1999-Mar-03 04:39:16.0000,  4.160139096412519E+08, -1.205857177310788E+08,  3.221436923188272E+07,
2451241.693935185, A.D. 1999-Mar-04 04:39:16.0000,  4.164923785040694E+08, -1.191109953780983E+08,  3.194498861586100E+07,
2451242.693935185, A.D. 1999-Mar-05 04:39:16.0000,  4.169658158413823E+08, -1.176348300462222E+08,  3.167522109913997E+07,
2451243.693935185, A.D. 1999-Mar-06 04:39:16.0000,  4.174342170813628E+08, -1.161572398814374E+08,  3.140507002701992E+07,
2451244.693935185, A.D. 1999-Mar-07 04:39:16.0000,  4.178975777303780E+08, -1.146782430421721E+08,  3.113453874930174E+07,
2451245.693935185, A.D. 1999-Mar-08 04:39:16.0000,  4.183558933729004E+08, -1.131978576990661E+08,  3.086363062020929E+07,
2451246.693935185, A.D. 1999-Mar-09 04:39:16.0000,  4.188091596714631E+08, -1.117161020347520E+08,  3.059234899830632E+07,
2451247.693935185, A.D. 1999-Mar-10 04:39:16.0000,  4.192573723666573E+08, -1.102329942436318E+08,  3.032069724640962E+07,
2451248.693935185, A.D. 1999-Mar-11 04:39:16.0000,  4.197005272771645E+08, -1.087485525316419E+08,  3.004867873149971E+07,
2451249.693935185, A.D. 1999-Mar-12 04:39:16.0000,  4.201386202998158E+08, -1.072627951160000E+08,  2.977629682463017E+07,
2451250.693935185, A.D. 1999-Mar-13 04:39:16.0000,  4.205716474096721E+08, -1.057757402249240E+08,  2.950355490083721E+07,
2451251.693935185, A.D. 1999-Mar-14 04:39:16.0000,  4.209996046601137E+08, -1.042874060973296E+08,  2.923045633904969E+07,
2451252.693935185, A.D. 1999-Mar-15 04:39:16.0000,  4.214224881829343E+08, -1.027978109825031E+08,  2.895700452200067E+07,
2451253.693935185, A.D. 1999-Mar-16 04:39:16.0000,  4.218402941884344E+08, -1.013069731397525E+08,  2.868320283614044E+07,
2451254.693935185, A.D. 1999-Mar-17 04:39:16.0000,  4.222530189655088E+08, -9.981491083804080E+07,  2.840905467155138E+07,
2451255.693935185, A.D. 1999-Mar-18 04:39:16.0000,  4.226606588817259E+08, -9.832164235560408E+07,  2.813456342186451E+07,
2451256.693935185, A.D. 1999-Mar-19 04:39:16.0000,  4.230632103833988E+08, -9.682718597955798E+07,  2.785973248417762E+07,
2451257.693935185, A.D. 1999-Mar-20 04:39:16.0000,  4.234606699956441E+08, -9.533156000549501E+07,  2.758456525897491E+07,
2451258.693935185, A.D. 1999-Mar-21 04:39:16.0000,  4.238530343224317E+08, -9.383478273707607E+07,  2.730906515004782E+07,
2451259.693935185, A.D. 1999-Mar-22 04:39:16.0000,  4.242403000466239E+08, -9.233687248561728E+07,  2.703323556441709E+07,
2451260.693935185, A.D. 1999-Mar-23 04:39:16.0000,  4.246224639300056E+08, -9.083784756967466E+07,  2.675707991225547E+07,
2451261.693935185, A.D. 1999-Mar-24 04:39:16.0000,  4.249995228133037E+08, -8.933772631462733E+07,  2.648060160681132E+07,
2451262.693935185, A.D. 1999-Mar-25 04:39:16.0000,  4.253714736162010E+08, -8.783652705226070E+07,  2.620380406433279E+07,
2451263.693935185, A.D. 1999-Mar-26 04:39:16.0000,  4.257383133373397E+08, -8.633426812034999E+07,  2.592669070399239E+07,
2451264.693935185, A.D. 1999-Mar-27 04:39:16.0000,  4.261000390543211E+08, -8.483096786224495E+07,  2.564926494781192E+07,
2451265.693935185, A.D. 1999-Mar-28 04:39:16.0000,  4.264566479236966E+08, -8.332664462645595E+07,  2.537153022058782E+07,
2451266.693935185, A.D. 1999-Mar-29 04:39:16.0000,  4.268081371809548E+08, -8.182131676624170E+07,  2.509348994981650E+07,
2451267.693935185, A.D. 1999-Mar-30 04:39:16.0000,  4.271545041405029E+08, -8.031500263919862E+07,  2.481514756561997E+07,
2451268.693935185, A.D. 1999-Mar-31 04:39:16.0000,  4.274957461956434E+08, -7.880772060685241E+07,  2.453650650067169E+07,
2451269.693935185, A.D. 1999-Apr-01 04:39:16.0000,  4.278318608185471E+08, -7.729948903425103E+07,  2.425757019012222E+07,
2451270.693935185, A.D. 1999-Apr-02 04:39:16.0000,  4.281628455602218E+08, -7.579032628956003E+07,  2.397834207152524E+07,
2451271.693935185, A.D. 1999-Apr-03 04:39:16.0000,  4.284886980504766E+08, -7.428025074365933E+07,  2.369882558476344E+07,
2451272.693935185, A.D. 1999-Apr-04 04:39:16.0000,  4.288094159978845E+08, -7.276928076974200E+07,  2.341902417197451E+07,
2451273.693935185, A.D. 1999-Apr-05 04:39:16.0000,  4.291249971897404E+08, -7.125743474291483E+07,  2.313894127747713E+07,
2451274.693935185, A.D. 1999-Apr-06 04:39:16.0000,  4.294354394920161E+08, -6.974473103980035E+07,  2.285858034769705E+07,
2451275.693935185, A.D. 1999-Apr-07 04:39:16.0000,  4.297407408493131E+08, -6.823118803814091E+07,  2.257794483109314E+07,
2451276.693935185, A.D. 1999-Apr-08 04:39:16.0000,  4.300408992848114E+08, -6.671682411640399E+07,  2.229703817808350E+07,
2451277.693935185, A.D. 1999-Apr-09 04:39:16.0000,  4.303359129002162E+08, -6.520165765338918E+07,  2.201586384097158E+07,
2451278.693935185, A.D. 1999-Apr-10 04:39:16.0000,  4.306257798757026E+08, -6.368570702783681E+07,  2.173442527387232E+07,
2451279.693935185, A.D. 1999-Apr-11 04:39:16.0000,  4.309104984698558E+08, -6.216899061803802E+07,  2.145272593263838E+07,
2451280.693935185, A.D. 1999-Apr-12 04:39:16.0000,  4.311900670196102E+08, -6.065152680144615E+07,  2.117076927478633E+07,
2451281.693935185, A.D. 1999-Apr-13 04:39:16.0000,  4.314644839401856E+08, -5.913333395428993E+07,  2.088855875942294E+07,
2451282.693935185, A.D. 1999-Apr-14 04:39:16.0000,  4.317337477250205E+08, -5.761443045118771E+07,  2.060609784717145E+07,
2451283.693935185, A.D. 1999-Apr-15 04:39:16.0000,  4.319978569457027E+08, -5.609483466476360E+07,  2.032339000009794E+07,
2451284.693935185, A.D. 1999-Apr-16 04:39:16.0000,  4.322568102518991E+08, -5.457456496526462E+07,  2.004043868163778E+07,
2451285.693935185, A.D. 1999-Apr-17 04:39:16.0000,  4.325106063712802E+08, -5.305363972017965E+07,  1.975724735652201E+07,
2451286.693935185, A.D. 1999-Apr-18 04:39:16.0000,  4.327592441094448E+08, -5.153207729385980E+07,  1.947381949070388E+07,
2451287.693935185, A.D. 1999-Apr-19 04:39:16.0000,  4.330027223498407E+08, -5.000989604714026E+07,  1.919015855128542E+07,
2451288.693935185, A.D. 1999-Apr-20 04:39:16.0000,  4.332410400536838E+08, -4.848711433696371E+07,  1.890626800644403E+07,
2451289.693935185, A.D. 1999-Apr-21 04:39:16.0000,  4.334741962598738E+08, -4.696375051600549E+07,  1.862215132535912E+07,
2451290.693935185, A.D. 1999-Apr-22 04:39:16.0000,  4.337021900849093E+08, -4.543982293230025E+07,  1.833781197813892E+07,
2451291.693935185, A.D. 1999-Apr-23 04:39:16.0000,  4.339250207227988E+08, -4.391534992887062E+07,  1.805325343574714E+07,
2451292.693935185, A.D. 1999-Apr-24 04:39:16.0000,  4.341426874449704E+08, -4.239034984335738E+07,  1.776847916992985E+07,
2451293.693935185, A.D. 1999-Apr-25 04:39:16.0000,  4.343551896001792E+08, -4.086484100765185E+07,  1.748349265314230E+07,
2451294.693935185, A.D. 1999-Apr-26 04:39:16.0000,  4.345625266144119E+08, -3.933884174753013E+07,  1.719829735847577E+07,
2451295.693935185, A.D. 1999-Apr-27 04:39:16.0000,  4.347646979907901E+08, -3.781237038228987E+07,  1.691289675958446E+07,
2451296.693935185, A.D. 1999-Apr-28 04:39:16.0000,  4.349617033094713E+08, -3.628544522438776E+07,  1.662729433061257E+07,
2451297.693935185, A.D. 1999-Apr-29 04:39:16.0000,  4.351535422275481E+08, -3.475808457908259E+07,  1.634149354612079E+07,
2451298.693935185, A.D. 1999-Apr-30 04:39:16.0000,  4.353402144789456E+08, -3.323030674407765E+07,  1.605549788101345E+07,
2451299.693935185, A.D. 1999-May-01 04:39:16.0000,  4.355217198743176E+08, -3.170213000916746E+07,  1.576931081046513E+07,
2451300.693935185, A.D. 1999-May-02 04:39:16.0000,  4.356980583009412E+08, -3.017357265588709E+07,  1.548293580984741E+07,
2451301.693935185, A.D. 1999-May-03 04:39:16.0000,  4.358692297226108E+08, -2.864465295716458E+07,  1.519637635465538E+07,
2451302.693935185, A.D. 1999-May-04 04:39:16.0000,  4.360352341795310E+08, -2.711538917697688E+07,  1.490963592043384E+07,
2451303.693935185, A.D. 1999-May-05 04:39:16.0000,  4.361960717882120E+08, -2.558579957000697E+07,  1.462271798270395E+07,
2451304.693935185, A.D. 1999-May-06 04:39:16.0000,  4.363517427413604E+08, -2.405590238130920E+07,  1.433562601688825E+07,
2451305.693935185, A.D. 1999-May-07 04:39:16.0000,  4.365022473077766E+08, -2.252571584597273E+07,  1.404836349823672E+07,
2451306.693935185, A.D. 1999-May-08 04:39:16.0000,  4.366475858322513E+08, -2.099525818879107E+07,  1.376093390175179E+07,
2451307.693935185, A.D. 1999-May-09 04:39:16.0000,  4.367877587354661E+08, -1.946454762393415E+07,  1.347334070211291E+07,
2451308.693935185, A.D. 1999-May-10 04:39:16.0000,  4.369227665138972E+08, -1.793360235462277E+07,  1.318558737360071E+07,
2451309.693935185, A.D. 1999-May-11 04:39:16.0000,  4.370526097397252E+08, -1.640244057280493E+07,  1.289767739002055E+07,
2451310.693935185, A.D. 1999-May-12 04:39:16.0000,  4.371772890607507E+08, -1.487108045883282E+07,  1.260961422462549E+07,
2451311.693935185, A.D. 1999-May-13 04:39:16.0000,  4.372968052003178E+08, -1.333954018113886E+07,  1.232140135003876E+07,
2451312.693935185, A.D. 1999-May-14 04:39:16.0000,  4.374111589572458E+08, -1.180783789590841E+07,  1.203304223817579E+07,
2451313.693935185, A.D. 1999-May-15 04:39:16.0000,  4.375203512057707E+08, -1.027599174674707E+07,  1.174454036016585E+07,
2451314.693935185, A.D. 1999-May-16 04:39:16.0000,  4.376243828954966E+08, -8.744019864338785E+06,  1.145589918627363E+07,
2451315.693935185, A.D. 1999-May-17 04:39:16.0000,  4.377232550513539E+08, -7.211940366090277E+06,  1.116712218582143E+07,
2451316.693935185, A.D. 1999-May-18 04:39:16.0000,  4.378169687735677E+08, -5.679771355759045E+06,  1.087821282711184E+07,
2451317.693935185, A.D. 1999-May-19 04:39:16.0000,  4.379055252376278E+08, -4.147530923058593E+06,  1.058917457735218E+07,
2451318.693935185, A.D. 1999-May-20 04:39:16.0000,  4.379889256942565E+08, -2.615237143237929E+06,  1.030001090258136E+07,
2451319.693935185, A.D. 1999-May-21 04:39:16.0000,  4.380671714693708E+08, -1.082908076632332E+06,  1.001072526759987E+07,
2451320.693935185, A.D. 1999-May-22 04:39:16.0000,  4.381402639640241E+08,  4.494382318159728E+05,  9.721321135903899E+06,
2451321.693935185, A.D. 1999-May-23 04:39:16.0000,  4.382082046543235E+08,  1.981783753065028E+06,  9.431801969624463E+06,
2451322.693935185, A.D. 1999-May-24 04:39:16.0000,  4.382709950913072E+08,  3.514110474503291E+06,  9.142171229471963E+06,
2451323.693935185, A.D. 1999-May-25 04:39:16.0000,  4.383286369007754E+08,  5.046400400492840E+06,  8.852432374686262E+06,
2451324.693935185, A.D. 1999-May-26 04:39:16.0000,  4.383811317830693E+08,  6.578635552912377E+06,  8.562588862991687E+06,
2451325.693935185, A.D. 1999-May-27 04:39:16.0000,  4.384284815127950E+08,  8.110797971685177E+06,  8.272644150555979E+06,
2451326.693935185, A.D. 1999-May-28 04:39:16.0000,  4.384706879384967E+08,  9.642869715275405E+06,  7.982601691951542E+06,
2451327.693935185, A.D. 1999-May-29 04:39:16.0000,  4.385077529822869E+08,  1.117483286113715E+07,  7.692464940116722E+06,
2451328.693935185, A.D. 1999-May-30 04:39:16.0000,  4.385396786394523E+08,  1.270666950610692E+07,  7.402237346315142E+06,
2451329.693935185, A.D. 1999-May-31 04:39:16.0000,  4.385664669780505E+08,  1.423836176673405E+07,  7.111922360090800E+06,
2451330.693935185, A.D. 1999-Jun-01 04:39:16.0000,  4.385881201385139E+08,  1.576989177955041E+07,  6.821523429217706E+06,
2451331.693935185, A.D. 1999-Jun-02 04:39:16.0000,  4.386046403332812E+08,  1.730124170128674E+07,  6.531043999642885E+06,
2451332.693935185, A.D. 1999-Jun-03 04:39:16.0000,  4.386160298464659E+08,  1.883239370904955E+07,  6.240487515422943E+06,
2451333.693935185, A.D. 1999-Jun-04 04:39:16.0000,  4.386222910335677E+08,  2.036333000047101E+07,  5.949857418654493E+06,
2451334.693935185, A.D. 1999-Jun-05 04:39:16.0000,  4.386234263212314E+08,  2.189403279384761E+07,  5.659157149399716E+06,
2451335.693935185, A.D. 1999-Jun-06 04:39:16.0000,  4.386194382070472E+08,  2.342448432828077E+07,  5.368390145608328E+06,
2451336.693935185, A.D. 1999-Jun-07 04:39:16.0000,  4.386103292593874E+08,  2.495466686382994E+07,  5.077559843037391E+06,
2451337.693935185, A.D. 1999-Jun-08 04:39:16.0000,  4.385961021172720E+08,  2.648456268168379E+07,  4.786669675170241E+06,
2451338.693935185, A.D. 1999-Jun-09 04:39:16.0000,  4.385767594902536E+08,  2.801415408435465E+07,  4.495723073135668E+06,
2451339.693935185, A.D. 1999-Jun-10 04:39:16.0000,  4.385523041583140E+08,  2.954342339589595E+07,  4.204723465628115E+06,
2451340.693935185, A.D. 1999-Jun-11 04:39:16.0000,  4.385227389717658E+08,  3.107235296214242E+07,  3.913674278829388E+06,
2451341.693935185, A.D. 1999-Jun-12 04:39:16.0000,  4.384880668511544E+08,  3.260092515097104E+07,  3.622578936332474E+06,
2451342.693935185, A.D. 1999-Jun-13 04:39:16.0000,  4.384482907871541E+08,  3.412912235257812E+07,  3.331440859067140E+06,
2451343.693935185, A.D. 1999-Jun-14 04:39:16.0000,  4.384034138404586E+08,  3.565692697977035E+07,  3.040263465227589E+06,
2451344.693935185, A.D. 1999-Jun-15 04:39:16.0000,  4.383534391416614E+08,  3.718432146826667E+07,  2.749050170201967E+06,
2451345.693935185, A.D. 1999-Jun-16 04:39:16.0000,  4.382983698911295E+08,  3.871128827700810E+07,  2.457804386503674E+06,
2451346.693935185, A.D. 1999-Jun-17 04:39:16.0000,  4.382382093588641E+08,  4.023780988847168E+07,  2.166529523704026E+06,
2451347.693935185, A.D. 1999-Jun-18 04:39:16.0000,  4.381729608843554E+08,  4.176386880898856E+07,  1.875228988366336E+06,
2451348.693935185, A.D. 1999-Jun-19 04:39:16.0000,  4.381026278764269E+08,  4.328944756906305E+07,  1.583906183981130E+06,
2451349.693935185, A.D. 1999-Jun-20 04:39:16.0000,  4.380272138130726E+08,  4.481452872369182E+07,  1.292564510902274E+06,
2451350.693935185, A.D. 1999-Jun-21 04:39:16.0000,  4.379467222412865E+08,  4.633909485268243E+07,  1.001207366283990E+06,
2451351.693935185, A.D. 1999-Jun-22 04:39:16.0000,  4.378611567768868E+08,  4.786312856097011E+07,  7.098381440185942E+05,
2451352.693935185, A.D. 1999-Jun-23 04:39:16.0000,  4.377705211043333E+08,  4.938661247893272E+07,  4.184602346747033E+05,
2451353.693935185, A.D. 1999-Jun-24 04:39:16.0000,  4.376748189765401E+08,  5.090952926270314E+07,  1.270770254361257E+05,
2451354.693935185, A.D. 1999-Jun-25 04:39:16.0000,  4.375740542146837E+08,  5.243186159447917E+07, -1.643080999588668E+05,
2451355.693935185, A.D. 1999-Jun-26 04:39:16.0000,  4.374682307080075E+08,  5.395359218283050E+07, -4.556917612778395E+05,
2451356.693935185, A.D. 1999-Jun-27 04:39:16.0000,  4.373573524136227E+08,  5.547470376300329E+07, -7.470705818542428E+05,
2451357.693935185, A.D. 1999-Jun-28 04:39:16.0000,  4.372414233563055E+08,  5.699517909722150E+07, -1.038441188646954E+06,
2451358.693935185, A.D. 1999-Jun-29 04:39:16.0000,  4.371204476282917E+08,  5.851500097498567E+07, -1.329800212299645E+06,
2451359.693935185, A.D. 1999-Jun-30 04:39:16.0000,  4.369944293890690E+08,  6.003415221336892E+07, -1.621144287199806E+06,
2451360.693935185, A.D. 1999-Jul-01 04:39:16.0000,  4.368633728651667E+08,  6.155261565731027E+07, -1.912470051537532E+06,
2451361.693935185, A.D. 1999-Jul-02 04:39:16.0000,  4.367272823499431E+08,  6.307037417990533E+07, -2.203774147363987E+06,
2451362.693935185, A.D. 1999-Jul-03 04:39:16.0000,  4.365861622033707E+08,  6.458741068269443E+07, -2.495053220649675E+06,
2451363.693935185, A.D. 1999-Jul-04 04:39:16.0000,  4.364400168518203E+08,  6.610370809594817E+07, -2.786303921342392E+06,
2451364.693935185, A.D. 1999-Jul-05 04:39:16.0000,  4.362888507878423E+08,  6.761924937895067E+07, -3.077522903424993E+06,
2451365.693935185, A.D. 1999-Jul-06 04:39:16.0000,  4.361326685699468E+08,  6.913401752028030E+07, -3.368706824972775E+06,
2451366.693935185, A.D. 1999-Jul-07 04:39:16.0000,  4.359714748223822E+08,  7.064799553808814E+07, -3.659852348210774E+06,
2451367.693935185, A.D. 1999-Jul-08 04:39:16.0000,  4.358052742349113E+08,  7.216116648037410E+07, -3.950956139570683E+06,
2451368.693935185, A.D. 1999-Jul-09 04:39:16.0000,  4.356340715625876E+08,  7.367351342526059E+07, -4.242014869747527E+06,
2451369.693935185, A.D. 1999-Jul-10 04:39:16.0000,  4.354578716255281E+08,  7.518501948126435E+07, -4.533025213756151E+06,
2451370.693935185, A.D. 1999-Jul-11 04:39:16.0000,  4.352766793086858E+08,  7.669566778756557E+07, -4.823983850987334E+06,
2451371.693935185, A.D. 1999-Jul-12 04:39:16.0000,  4.350904995616208E+08,  7.820544151427516E+07, -5.114887465263754E+06,
2451372.693935185, A.D. 1999-Jul-13 04:39:16.0000,  4.348993373982694E+08,  7.971432386269951E+07, -5.405732744895589E+06,
2451373.693935185, A.D. 1999-Jul-14 04:39:16.0000,  4.347031978967118E+08,  8.122229806560314E+07, -5.696516382735923E+06,
2451374.693935185, A.D. 1999-Jul-15 04:39:16.0000,  4.345020861989397E+08,  8.272934738746923E+07, -5.987235076235868E+06,
2451375.693935185, A.D. 1999-Jul-16 04:39:16.0000,  4.342960075106204E+08,  8.423545512475762E+07, -6.277885527499396E+06,
2451376.693935185, A.D. 1999-Jul-17 04:39:16.0000,  4.340849671008616E+08,  8.574060460616073E+07, -6.568464443337955E+06,
2451377.693935185, A.D. 1999-Jul-18 04:39:16.0000,  4.338689703019736E+08,  8.724477919285697E+07, -6.858968535324752E+06,
2451378.693935185, A.D. 1999-Jul-19 04:39:16.0000,  4.336480225092304E+08,  8.874796227876195E+07, -7.149394519848909E+06,
2451379.693935185, A.D. 1999-Jul-20 04:39:16.0000,  4.334221291806304E+08,  9.025013729077707E+07, -7.439739118169215E+06,
2451380.693935185, A.D. 1999-Jul-21 04:39:16.0000,  4.331912958366551E+08,  9.175128768903564E+07, -7.729999056467723E+06,
2451381.693935185, A.D. 1999-Jul-22 04:39:16.0000,  4.329555280600266E+08,  9.325139696714638E+07, -8.020171065903090E+06,
2451382.693935185, A.D. 1999-Jul-23 04:39:16.0000,  4.327148314954643E+08,  9.475044865243432E+07, -8.310251882663760E+06,
2451383.693935185, A.D. 1999-Jul-24 04:39:16.0000,  4.324692118494406E+08,  9.624842630617867E+07, -8.600238248020764E+06,
2451384.693935185, A.D. 1999-Jul-25 04:39:16.0000,  4.322186748899359E+08,  9.774531352384806E+07, -8.890126908380534E+06,
2451385.693935185, A.D. 1999-Jul-26 04:39:16.0000,  4.319632264461920E+08,  9.924109393533230E+07, -9.179914615337383E+06,
2451386.693935185, A.D. 1999-Jul-27 04:39:16.0000,  4.317028724084664E+08,  1.007357512051714E+08, -9.469598125725925E+06,
2451387.693935185, A.D. 1999-Jul-28 04:39:16.0000,  4.314376187277842E+08,  1.022292690327808E+08, -9.759174201673370E+06,
2451388.693935185, A.D. 1999-Jul-29 04:39:16.0000,  4.311674714156919E+08,  1.037216311526734E+08, -1.004863961065167E+07,
2451389.693935185, A.D. 1999-Jul-30 04:39:16.0000,  4.308924365440101E+08,  1.052128213346777E+08, -1.033799112552966E+07,
2451390.693935185, A.D. 1999-Jul-31 04:39:16.0000,  4.306125202445873E+08,  1.067028233841524E+08, -1.062722552462526E+07,
2451391.693935185, A.D. 1999-Aug-01 04:39:16.0000,  4.303277287090545E+08,  1.081916211421967E+08, -1.091633959175758E+07,
2451392.693935185, A.D. 1999-Aug-02 04:39:16.0000,  4.300380681885816E+08,  1.096791984858568E+08, -1.120533011629932E+07,
2451393.693935185, A.D. 1999-Aug-03 04:39:16.0000,  4.297435449936368E+08,  1.111655393283288E+08, -1.149419389322910E+07,
2451394.693935185, A.D. 1999-Aug-04 04:39:16.0000,  4.294441654937477E+08,  1.126506276191571E+08, -1.178292772318427E+07,
2451395.693935185, A.D. 1999-Aug-05 04:39:16.0000,  4.291399361172678E+08,  1.141344473444293E+08, -1.207152841251385E+07,
2451396.693935185, A.D. 1999-Aug-06 04:39:16.0000,  4.288308633511484E+08,  1.156169825269689E+08, -1.235999277333184E+07,
2451397.693935185, A.D. 1999-Aug-07 04:39:16.0000,  4.285169537407148E+08,  1.170982172265245E+08, -1.264831762357097E+07,
2451398.693935185, A.D. 1999-Aug-08 04:39:16.0000,  4.281982138894529E+08,  1.185781355399587E+08, -1.293649978703679E+07,
2451399.693935185, A.D. 1999-Aug-09 04:39:16.0000,  4.278746504588023E+08,  1.200567216014367E+08, -1.322453609346219E+07,
2451400.693935185, A.D. 1999-Aug-10 04:39:16.0000,  4.275462701679602E+08,  1.215339595826188E+08, -1.351242337856217E+07,
2451401.693935185, A.D. 1999-Aug-11 04:39:16.0000,  4.272130797936955E+08,  1.230098336928562E+08, -1.380015848408878E+07,
2451402.693935185, A.D. 1999-Aug-12 04:39:16.0000,  4.268750861701740E+08,  1.244843281793977E+08, -1.408773825788590E+07,
2451403.693935185, A.D. 1999-Aug-13 04:39:16.0000,  4.265322961887926E+08,  1.259574273276077E+08, -1.437515955394355E+07,
2451404.693935185, A.D. 1999-Aug-14 04:39:16.0000,  4.261847167980230E+08,  1.274291154612017E+08, -1.466241923245107E+07,
2451405.693935185, A.D. 1999-Aug-15 04:39:16.0000,  4.258323550032582E+08,  1.288993769425020E+08, -1.494951415984881E+07,
2451406.693935185, A.D. 1999-Aug-16 04:39:16.0000,  4.254752178666606E+08,  1.303681961727226E+08, -1.523644120887683E+07,
2451407.693935185, A.D. 1999-Aug-17 04:39:16.0000,  4.251133125070012E+08,  1.318355575922779E+08, -1.552319725862066E+07,
2451408.693935185, A.D. 1999-Aug-18 04:39:16.0000,  4.247466460994825E+08,  1.333014456811242E+08, -1.580977919455250E+07,
2451409.693935185, A.D. 1999-Aug-19 04:39:16.0000,  4.243752258755350E+08,  1.347658449591269E+08, -1.609618390856729E+07,
2451410.693935185, A.D. 1999-Aug-20 04:39:16.0000,  4.239990591225761E+08,  1.362287399864494E+08, -1.638240829901335E+07,
2451411.693935185, A.D. 1999-Aug-21 04:39:16.0000,  4.236181531837260E+08,  1.376901153639573E+08, -1.666844927071730E+07,
2451412.693935185, A.D. 1999-Aug-22 04:39:16.0000,  4.232325154574671E+08,  1.391499557336177E+08, -1.695430373500384E+07,
2451413.693935185, A.D. 1999-Aug-23 04:39:16.0000,  4.228421533972530E+08,  1.406082457788844E+08, -1.723996860971156E+07,
2451414.693935185, A.D. 1999-Aug-24 04:39:16.0000,  4.224470745110683E+08,  1.420649702250509E+08, -1.752544081920647E+07,
2451415.693935185, A.D. 1999-Aug-25 04:39:16.0000,  4.220472863609462E+08,  1.435201138395547E+08, -1.781071729439525E+07,
2451416.693935185, A.D. 1999-Aug-26 04:39:16.0000,  4.216427965624629E+08,  1.449736614322245E+08, -1.809579497274065E+07,
2451417.693935185, A.D. 1999-Aug-27 04:39:16.0000,  4.212336127842245E+08,  1.464255978554640E+08, -1.838067079828075E+07,
2451418.693935185, A.D. 1999-Aug-28 04:39:16.0000,  4.208197427473643E+08,  1.478759080043767E+08, -1.866534172165389E+07,
2451419.693935185, A.D. 1999-Aug-29 04:39:16.0000,  4.204011942250686E+08,  1.493245768168361E+08, -1.894980470012981E+07,
2451420.693935185, A.D. 1999-Aug-30 04:39:16.0000,  4.199779750421397E+08,  1.507715892735164E+08, -1.923405669764755E+07,
2451421.693935185, A.D. 1999-Aug-31 04:39:16.0000,  4.195500930746046E+08,  1.522169303978961E+08, -1.951809468485881E+07,
2451422.693935185, A.D. 1999-Sep-01 04:39:16.0000,  4.191175562493716E+08,  1.536605852562500E+08, -1.980191563917651E+07,
2451423.693935185, A.D. 1999-Sep-02 04:39:16.0000,  4.186803725439305E+08,  1.551025389576460E+08, -2.008551654482649E+07,
2451424.693935185, A.D. 1999-Sep-03 04:39:16.0000,  4.182385499860888E+08,  1.565427766539502E+08, -2.036889439290133E+07,
2451425.693935185, A.D. 1999-Sep-04 04:39:16.0000,  4.177920966537378E+08,  1.579812835398514E+08, -2.065204618141495E+07,
2451426.693935185, A.D. 1999-Sep-05 04:39:16.0000,  4.173410206746406E+08,  1.594180448529102E+08, -2.093496891535664E+07,
2451427.693935185, A.D. 1999-Sep-06 04:39:16.0000,  4.168853302262309E+08,  1.608530458736286E+08, -2.121765960674435E+07,
2451428.693935185, A.D. 1999-Sep-07 04:39:16.0000,  4.164250335354193E+08,  1.622862719255431E+08, -2.150011527467578E+07,
2451429.693935185, A.D. 1999-Sep-08 04:39:16.0000,  4.159601388783996E+08,  1.637177083753366E+08, -2.178233294537776E+07,
2451430.693935185, A.D. 1999-Sep-09 04:39:16.0000,  4.154906545804516E+08,  1.651473406329679E+08, -2.206430965225356E+07,
2451431.693935185, A.D. 1999-Sep-10 04:39:16.0000,  4.150165890157391E+08,  1.665751541518140E+08, -2.234604243592808E+07,
2451432.693935185, A.D. 1999-Sep-11 04:39:16.0000,  4.145379506070994E+08,  1.680011344288217E+08, -2.262752834429085E+07,
2451433.693935185, A.D. 1999-Sep-12 04:39:16.0000,  4.140547478258245E+08,  1.694252670046684E+08, -2.290876443253775E+07,
2451434.693935185, A.D. 1999-Sep-13 04:39:16.0000,  4.135669891914358E+08,  1.708475374639255E+08, -2.318974776321059E+07,
2451435.693935185, A.D. 1999-Sep-14 04:39:16.0000,  4.130746832714490E+08,  1.722679314352259E+08, -2.347047540623575E+07,
2451436.693935185, A.D. 1999-Sep-15 04:39:16.0000,  4.125778386811327E+08,  1.736864345914322E+08, -2.375094443896119E+07,
2451437.693935185, A.D. 1999-Sep-16 04:39:16.0000,  4.120764640832599E+08,  1.751030326498045E+08, -2.403115194619287E+07,
2451438.693935185, A.D. 1999-Sep-17 04:39:16.0000,  4.115705681878538E+08,  1.765177113721668E+08, -2.431109502022973E+07,
2451439.693935185, A.D. 1999-Sep-18 04:39:16.0000,  4.110601597519287E+08,  1.779304565650725E+08, -2.459077076089841E+07,
2451440.693935185, A.D. 1999-Sep-19 04:39:16.0000,  4.105452475792258E+08,  1.793412540799665E+08, -2.487017627558698E+07,
2451441.693935185, A.D. 1999-Sep-20 04:39:16.0000,  4.100258405199454E+08,  1.807500898133451E+08, -2.514930867927811E+07,
2451442.693935185, A.D. 1999-Sep-21 04:39:16.0000,  4.095019474704764E+08,  1.821569497069128E+08, -2.542816509458176E+07,
2451443.693935185, A.D. 1999-Sep-22 04:39:16.0000,  4.089735773731220E+08,  1.835618197477365E+08, -2.570674265176755E+07,
2451444.693935185, A.D. 1999-Sep-23 04:39:16.0000,  4.084407392158237E+08,  1.849646859683956E+08, -2.598503848879627E+07,
2451445.693935185, A.D. 1999-Sep-24 04:39:16.0000,  4.079034420318835E+08,  1.863655344471307E+08, -2.626304975135151E+07,
2451446.693935185, A.D. 1999-Sep-25 04:39:16.0000,  4.073616948996843E+08,  1.877643513079872E+08, -2.654077359287051E+07,
2451447.693935185, A.D. 1999-Sep-26 04:39:16.0000,  4.068155069424081E+08,  1.891611227209582E+08, -2.681820717457491E+07,
2451448.693935185, A.D. 1999-Sep-27 04:39:16.0000,  4.062648873277538E+08,  1.905558349021220E+08, -2.709534766550103E+07,
2451449.693935185, A.D. 1999-Sep-28 04:39:16.0000,  4.057098452676548E+08,  1.919484741137787E+08, -2.737219224252980E+07,
2451450.693935185, A.D. 1999-Sep-29 04:39:16.0000,  4.051503900179935E+08,  1.933390266645836E+08, -2.764873809041660E+07,
2451451.693935185, A.D. 1999-Sep-30 04:39:16.0000,  4.045865308783177E+08,  1.947274789096766E+08, -2.792498240182035E+07,
2451452.693935185, A.D. 1999-Oct-01 04:39:16.0000,  4.040182771915540E+08,  1.961138172508107E+08, -2.820092237733260E+07,
2451453.693935185, A.D. 1999-Oct-02 04:39:16.0000,  4.034456383437225E+08,  1.974980281364771E+08, -2.847655522550641E+07,
2451454.693935185, A.D. 1999-Oct-03 04:39:16.0000,  4.028686237636502E+08,  1.988800980620271E+08, -2.875187816288458E+07,
2451455.693935185, A.D. 1999-Oct-04 04:39:16.0000,  4.022872429226837E+08,  2.002600135697931E+08, -2.902688841402771E+07,
2451456.693935185, A.D. 1999-Oct-05 04:39:16.0000,  4.017015053344028E+08,  2.016377612492054E+08, -2.930158321154204E+07,
2451457.693935185, A.D. 1999-Oct-06 04:39:16.0000,  4.011114205543318E+08,  2.030133277369083E+08, -2.957595979610683E+07,
2451458.693935185, A.D. 1999-Oct-07 04:39:16.0000,  4.005169981796532E+08,  2.043866997168720E+08, -2.985001541650156E+07,
2451459.693935185, A.D. 1999-Oct-08 04:39:16.0000,  3.999182478489181E+08,  2.057578639205033E+08, -3.012374732963273E+07,
2451460.693935185, A.D. 1999-Oct-09 04:39:16.0000,  3.993151792417594E+08,  2.071268071267543E+08, -3.039715280056034E+07,
2451461.693935185, A.D. 1999-Oct-10 04:39:16.0000,  3.987078020786020E+08,  2.084935161622271E+08, -3.067022910252406E+07,
2451462.693935185, A.D. 1999-Oct-11 04:39:16.0000,  3.980961261203754E+08,  2.098579779012781E+08, -3.094297351696913E+07,
2451463.693935185, A.D. 1999-Oct-12 04:39:16.0000,  3.974801611682239E+08,  2.112201792661181E+08, -3.121538333357202E+07,
2451464.693935185, A.D. 1999-Oct-13 04:39:16.0000,  3.968599170632186E+08,  2.125801072269112E+08, -3.148745585026558E+07,
2451465.693935185, A.D. 1999-Oct-14 04:39:16.0000,  3.962354036860679E+08,  2.139377488018709E+08, -3.175918837326406E+07,
2451466.693935185, A.D. 1999-Oct-15 04:39:16.0000,  3.956066309568284E+08,  2.152930910573537E+08, -3.203057821708779E+07,
2451467.693935185, A.D. 1999-Oct-16 04:39:16.0000,  3.949736088346163E+08,  2.166461211079500E+08, -3.230162270458750E+07,
2451468.693935185, A.D. 1999-Oct-17 04:39:16.0000,  3.943363473173177E+08,  2.179968261165725E+08, -3.257231916696855E+07,
2451469.693935185, A.D. 1999-Oct-18 04:39:16.0000,  3.936948564413004E+08,  2.193451932945423E+08, -3.284266494381464E+07,
2451470.693935185, A.D. 1999-Oct-19 04:39:16.0000,  3.930491462811242E+08,  2.206912099016710E+08, -3.311265738311143E+07,
2451471.693935185, A.D. 1999-Oct-20 04:39:16.0000,  3.923992269492531E+08,  2.220348632463421E+08, -3.338229384127001E+07,
2451472.693935185, A.D. 1999-Oct-21 04:39:16.0000,  3.917451085957662E+08,  2.233761406855866E+08, -3.365157168314975E+07,
2451473.693935185, A.D. 1999-Oct-22 04:39:16.0000,  3.910868014080705E+08,  2.247150296251583E+08, -3.392048828208148E+07,
2451474.693935185, A.D. 1999-Oct-23 04:39:16.0000,  3.904243156106132E+08,  2.260515175196033E+08, -3.418904101989007E+07,
2451475.693935185, A.D. 1999-Oct-24 04:39:16.0000,  3.897576614645959E+08,  2.273855918723283E+08, -3.445722728691720E+07,
2451476.693935185, A.D. 1999-Oct-25 04:39:16.0000,  3.890868492676890E+08,  2.287172402356634E+08, -3.472504448204369E+07,
2451477.693935185, A.D. 1999-Oct-26 04:39:16.0000,  3.884118893537481E+08,  2.300464502109231E+08, -3.499249001271205E+07,
2451478.693935185, A.D. 1999-Oct-27 04:39:16.0000,  3.877327920925319E+08,  2.313732094484615E+08, -3.525956129494886E+07,
2451479.693935185, A.D. 1999-Oct-28 04:39:16.0000,  3.870495678894226E+08,  2.326975056477252E+08, -3.552625575338724E+07,
2451480.693935185, A.D. 1999-Oct-29 04:39:16.0000,  3.863622271851491E+08,  2.340193265573013E+08, -3.579257082128944E+07,
2451481.693935185, A.D. 1999-Oct-30 04:39:16.0000,  3.856707804555144E+08,  2.353386599749618E+08, -3.605850394056947E+07,
2451482.693935185, A.D. 1999-Oct-31 04:39:16.0000,  3.849752382111261E+08,  2.366554937477040E+08, -3.632405256181614E+07,
2451483.693935185, A.D. 1999-Nov-01 04:39:16.0000,  3.842756109971340E+08,  2.379698157717873E+08, -3.658921414431618E+07,
2451484.693935185, A.D. 1999-Nov-02 04:39:16.0000,  3.835719093929725E+08,  2.392816139927672E+08, -3.685398615607788E+07,
2451485.693935185, A.D. 1999-Nov-03 04:39:16.0000,  3.828641440121120E+08,  2.405908764055268E+08, -3.711836607385500E+07,
2451486.693935185, A.D. 1999-Nov-04 04:39:16.0000,  3.821523255018178E+08,  2.418975910543076E+08, -3.738235138317114E+07,
2451487.693935185, A.D. 1999-Nov-05 04:39:16.0000,  3.814364645429208E+08,  2.432017460327405E+08, -3.764593957834440E+07,
2451488.693935185, A.D. 1999-Nov-06 04:39:16.0000,  3.807165718495972E+08,  2.445033294838794E+08, -3.790912816251252E+07,
2451489.693935185, A.D. 1999-Nov-07 04:39:16.0000,  3.799926581691611E+08,  2.458023296002406E+08, -3.817191464765789E+07,
2451490.693935185, A.D. 1999-Nov-08 04:39:16.0000,  3.792647342818699E+08,  2.470987346238514E+08, -3.843429655463272E+07,
2451491.693935185, A.D. 1999-Nov-09 04:39:16.0000,  3.785328110007380E+08,  2.483925328463108E+08, -3.869627141318343E+07,
2451492.693935185, A.D. 1999-Nov-10 04:39:16.0000,  3.777968991713633E+08,  2.496837126088679E+08, -3.895783676197412E+07,
2451493.693935185, A.D. 1999-Nov-11 04:39:16.0000,  3.770570096717572E+08,  2.509722623025217E+08, -3.921899014860837E+07,
2451494.693935185, A.D. 1999-Nov-12 04:39:16.0000,  3.763131534121755E+08,  2.522581703681473E+08, -3.947972912964825E+07,
2451495.693935185, A.D. 1999-Nov-13 04:39:16.0000,  3.755653413349435E+08,  2.535414252966499E+08, -3.974005127063018E+07,
2451496.693935185, A.D. 1999-Nov-14 04:39:16.0000,  3.748135844142651E+08,  2.548220156291485E+08, -3.999995414607629E+07,
2451497.693935185, A.D. 1999-Nov-15 04:39:16.0000,  3.740578936560063E+08,  2.560999299571873E+08, -4.025943533950070E+07,
2451498.693935185, A.D. 1999-Nov-16 04:39:16.0000,  3.732982800974425E+08,  2.573751569229685E+08, -4.051849244341027E+07,
2451499.693935185, A.D. 1999-Nov-17 04:39:16.0000,  3.725347548069613E+08,  2.586476852195973E+08, -4.077712305929969E+07,
2451500.693935185, A.D. 1999-Nov-18 04:39:16.0000,  3.717673288837140E+08,  2.599175035913261E+08, -4.103532479764152E+07,
2451501.693935185, A.D. 1999-Nov-19 04:39:16.0000,  3.709960134572155E+08,  2.611846008337813E+08, -4.129309527787240E+07,
2451502.693935185, A.D. 1999-Nov-20 04:39:16.0000,  3.702208196868958E+08,  2.624489657941579E+08, -4.155043212837682E+07,
2451503.693935185, A.D. 1999-Nov-21 04:39:16.0000,  3.694417587616122E+08,  2.637105873713656E+08, -4.180733298647098E+07,
2451504.693935185, A.D. 1999-Nov-22 04:39:16.0000,  3.686588418991395E+08,  2.649694545161176E+08, -4.206379549838857E+07,
2451505.693935185, A.D. 1999-Nov-23 04:39:16.0000,  3.678720803456557E+08,  2.662255562309572E+08, -4.231981731927098E+07,
2451506.693935185, A.D. 1999-Nov-24 04:39:16.0000,  3.670814853752367E+08,  2.674788815702232E+08, -4.257539611316262E+07,
2451507.693935185, A.D. 1999-Nov-25 04:39:16.0000,  3.662870682893839E+08,  2.687294196399636E+08, -4.283052955301326E+07,
2451508.693935185, A.D. 1999-Nov-26 04:39:16.0000,  3.654888404165900E+08,  2.699771595978090E+08, -4.308521532068633E+07,
2451509.693935185, A.D. 1999-Nov-27 04:39:16.0000,  3.646868131119512E+08,  2.712220906528208E+08, -4.333945110697335E+07,
2451510.693935185, A.D. 1999-Nov-28 04:39:16.0000,  3.638809977568295E+08,  2.724642020653287E+08, -4.359323461161336E+07,
2451511.693935185, A.D. 1999-Nov-29 04:39:16.0000,  3.630714057585573E+08,  2.737034831467704E+08, -4.384656354331529E+07,
2451512.693935185, A.D. 1999-Nov-30 04:39:16.0000,  3.622580485501826E+08,  2.749399232595444E+08, -4.409943561978274E+07,
2451513.693935185, A.D. 1999-Dec-01 04:39:16.0000,  3.614409375902418E+08,  2.761735118168809E+08, -4.435184856773936E+07,
2451514.693935185, A.D. 1999-Dec-02 04:39:16.0000,  3.606200843625579E+08,  2.774042382827367E+08, -4.460380012295394E+07,
2451515.693935185, A.D. 1999-Dec-03 04:39:16.0000,  3.597955003760480E+08,  2.786320921717115E+08, -4.485528803026425E+07,
2451516.693935185, A.D. 1999-Dec-04 04:39:16.0000,  3.589671971645409E+08,  2.798570630489892E+08, -4.510631004359943E+07,
2451517.693935185, A.D. 1999-Dec-05 04:39:16.0000,  3.581351862865968E+08,  2.810791405302962E+08, -4.535686392600014E+07,
2451518.693935185, A.D. 1999-Dec-06 04:39:16.0000,  3.572994793253217E+08,  2.822983142818796E+08, -4.560694744963703E+07,
2451519.693935185, A.D. 1999-Dec-07 04:39:16.0000,  3.564600878881804E+08,  2.835145740204962E+08, -4.585655839582684E+07,
2451520.693935185, A.D. 1999-Dec-08 04:39:16.0000,  3.556170236068015E+08,  2.847279095134131E+08, -4.610569455504681E+07,
2451521.693935185, A.D. 1999-Dec-09 04:39:16.0000,  3.547702981367757E+08,  2.859383105784166E+08, -4.635435372694745E+07,
2451522.693935185, A.D. 1999-Dec-10 04:39:16.0000,  3.539199231574479E+08,  2.871457670838245E+08, -4.660253372036348E+07,
2451523.693935185, A.D. 1999-Dec-11 04:39:16.0000,  3.530659103717016E+08,  2.883502689485023E+08, -4.685023235332374E+07,
2451524.693935185, A.D. 1999-Dec-12 04:39:16.0000,  3.522082715057373E+08,  2.895518061418812E+08, -4.709744745305976E+07,
2451525.693935185, A.D. 1999-Dec-13 04:39:16.0000,  3.513470183088464E+08,  2.907503686839752E+08, -4.734417685601354E+07,
2451526.693935185, A.D. 1999-Dec-14 04:39:16.0000,  3.504821625531794E+08,  2.919459466453989E+08, -4.759041840784424E+07,
2451527.693935185, A.D. 1999-Dec-15 04:39:16.0000,  3.496137160335106E+08,  2.931385301473822E+08, -4.783616996343438E+07,
2451528.693935185, A.D. 1999-Dec-16 04:39:16.0000,  3.487416905669995E+08,  2.943281093617842E+08, -4.808142938689540E+07,
2451529.693935185, A.D. 1999-Dec-17 04:39:16.0000,  3.478660979929492E+08,  2.955146745111048E+08, -4.832619455157258E+07,
2451530.693935185, A.D. 1999-Dec-18 04:39:16.0000,  3.469869501725637E+08,  2.966982158684933E+08, -4.857046334004965E+07,
2451531.693935185, A.D. 1999-Dec-19 04:39:16.0000,  3.461042589887021E+08,  2.978787237577550E+08, -4.881423364415297E+07,
2451532.693935185, A.D. 1999-Dec-20 04:39:16.0000,  3.452180363456333E+08,  2.990561885533547E+08, -4.905750336495526E+07,
2451533.693935185, A.D. 1999-Dec-21 04:39:16.0000,  3.443282941687887E+08,  3.002306006804187E+08, -4.930027041277912E+07,
2451534.693935185, A.D. 1999-Dec-22 04:39:16.0000,  3.434350444045147E+08,  3.014019506147329E+08, -4.954253270720033E+07,
2451535.693935185, A.D. 1999-Dec-23 04:39:16.0000,  3.425382990198258E+08,  3.025702288827391E+08, -4.978428817705061E+07,
2451536.693935185, A.D. 1999-Dec-24 04:39:16.0000,  3.416380700021559E+08,  3.037354260615296E+08, -5.002553476042047E+07,
2451537.693935185, A.D. 1999-Dec-25 04:39:16.0000,  3.407343693591120E+08,  3.048975327788383E+08, -5.026627040466161E+07,
2451538.693935185, A.D. 1999-Dec-26 04:39:16.0000,  3.398272091182262E+08,  3.060565397130304E+08, -5.050649306638898E+07,
2451539.693935185, A.D. 1999-Dec-27 04:39:16.0000,  3.389166013267094E+08,  3.072124375930893E+08, -5.074620071148294E+07,
2451540.693935185, A.D. 1999-Dec-28 04:39:16.0000,  3.380025580512050E+08,  3.083652171986028E+08, -5.098539131509103E+07,
2451541.693935185, A.D. 1999-Dec-29 04:39:16.0000,  3.370850913775435E+08,  3.095148693597449E+08, -5.122406286162928E+07,
2451542.693935185, A.D. 1999-Dec-30 04:39:16.0000,  3.361642134104970E+08,  3.106613849572584E+08, -5.146221334478375E+07,
