JDTDB,Calendar Date (TDB),X,Y,Z,
2451045.041469907, A.D. 1998-Aug-19 12:59:43.0000, -3.592730212506347E+08,  1.359040381869641E+08,  7.740861059241574E+07,
2451046.041469907, A.D. 1998-Aug-20 12:59:43.0000, -3.598535081842999E+08,  1.343458040384792E+08,  7.780734050369927E+07,
2451047.041469907, A.D. 1998-Aug-21 12:59:43.0000, -3.604280739267379E+08,  1.327853588370487E+08,  7.820478987061030E+07,
2451048.041469907, A.D. 1998-Aug-22 12:59:43.0000, -3.609967124368644E+08,  1.312227295174285E+08,  7.860095289277053E+07,
2451049.041469907, A.D. 1998-Aug-23 12:59:43.0000, -3.615594178242658E+08,  1.296579430358530E+08,  7.899582380769277E+07,
2451050.041469907, A.D. 1998-Aug-24 12:59:43.0000, -3.621161843490694E+08,  1.280910263688944E+08,  7.938939689093015E+07,
2451051.041469907, A.D. 1998-Aug-25 12:59:43.0000, -3.626670064217933E+08,  1.265220065123345E+08,  7.978166645622221E+07,
2451052.041469907, A.D. 1998-Aug-26 12:59:43.0000, -3.632118786031760E+08,  1.249509104800548E+08,  8.017262685563836E+07,
2451053.041469907, A.D. 1998-Aug-27 12:59:43.0000, -3.637507956039862E+08,  1.233777653029469E+08,  8.056227247971898E+07,
2451054.041469907, A.D. 1998-Aug-28 12:59:43.0000, -3.642837522848209E+08,  1.218025980278500E+08,  8.095059775761540E+07,
2451055.041469907, A.D. 1998-Aug-29 12:59:43.0000, -3.648107436558920E+08,  1.202254357165179E+08,  8.133759715722901E+07,
2451056.041469907, A.D. 1998-Aug-30 12:59:43.0000, -3.653317648768141E+08,  1.186463054446196E+08,  8.172326518535078E+07,
2451057.041469907, A.D. 1998-Aug-31 12:59:43.0000, -3.658468112563987E+08,  1.170652343007724E+08,  8.210759638780181E+07,
2451058.041469907, A.D. 1998-Sep-01 12:59:43.0000, -3.663558782524681E+08,  1.154822493856056E+08,  8.249058534957612E+07,
2451059.041469907, A.D. 1998-Sep-02 12:59:43.0000, -3.668589614716970E+08,  1.138973778108493E+08,  8.287222669498506E+07,
2451060.041469907, A.D. 1998-Sep-03 12:59:43.0000, -3.673560566694919E+08,  1.123106466984372E+08,  8.325251508780465E+07,
2451061.041469907, A.D. 1998-Sep-04 12:59:43.0000, -3.678471597499132E+08,  1.107220831796083E+08,  8.363144523142409E+07,
2451062.041469907, A.D. 1998-Sep-05 12:59:43.0000, -3.683322667656400E+08,  1.091317143939946E+08,  8.400901186899455E+07,
2451063.041469907, A.D. 1998-Sep-06 12:59:43.0000, -3.688113739179721E+08,  1.075395674886772E+08,  8.438520978357665E+07,
2451064.041469907, A.D. 1998-Sep-07 12:59:43.0000, -3.692844775568600E+08,  1.059456696171963E+08,  8.476003379828420E+07,
2451065.041469907, A.D. 1998-Sep-08 12:59:43.0000, -3.697515741809456E+08,  1.043500479385066E+08,  8.513347877642205E+07,
2451066.041469907, A.D. 1998-Sep-09 12:59:43.0000, -3.702126604375966E+08,  1.027527296158753E+08,  8.550553962161639E+07,
2451067.041469907, A.D. 1998-Sep-10 12:59:43.0000, -3.706677331229149E+08,  1.011537418157267E+08,  8.587621127793562E+07,
2451068.041469907, A.D. 1998-Sep-11 12:59:43.0000, -3.711167891817063E+08,  9.955311170643988E+07,  8.624548873000152E+07,
2451069.041469907, A.D. 1998-Sep-12 12:59:43.0000, -3.715598257074009E+08,  9.795086645711577E+07,  8.661336700309116E+07,
2451070.041469907, A.D. 1998-Sep-13 12:59:43.0000, -3.719968399419150E+08,  9.634703323632517E+07,  8.697984116322890E+07,
2451071.041469907, A.D. 1998-Sep-14 12:59:43.0000, -3.724278292754594E+08,  9.474163921085599E+07,  8.734490631727132E+07,
2451072.041469907, A.D. 1998-Sep-15 12:59:43.0000, -3.728527912462941E+08,  9.313471154447070E+07,  8.770855761298551E+07,
2451073.041469907, A.D. 1998-Sep-16 12:59:43.0000, -3.732717235404397E+08,  9.152627739668140E+07,  8.807079023912226E+07,
2451074.041469907, A.D. 1998-Sep-17 12:59:43.0000, -3.736846239913505E+08,  8.991636392155147E+07,  8.843159942548515E+07,
2451075.041469907, A.D. 1998-Sep-18 12:59:43.0000, -3.740914905795605E+08,  8.830499826652698E+07,  8.879098044299752E+07,
2451076.041469907, A.D. 1998-Sep-19 12:59:43.0000, -3.744923214323083E+08,  8.669220757129598E+07,  8.914892860376686E+07,
2451077.041469907, A.D. 1998-Sep-20 12:59:43.0000, -3.748871148231496E+08,  8.507801896667543E+07,  8.950543926114784E+07,
2451078.041469907, A.D. 1998-Sep-21 12:59:43.0000, -3.752758691715587E+08,  8.346245957352436E+07,  8.986050780980393E+07,
2451079.041469907, A.D. 1998-Sep-22 12:59:43.0000, -3.756585830425274E+08,  8.184555650167871E+07,  9.021412968576780E+07,
2451080.041469907, A.D. 1998-Sep-23 12:59:43.0000, -3.760352551461591E+08,  8.022733684890507E+07,  9.056630036650068E+07,
2451081.041469907, A.D. 1998-Sep-24 12:59:43.0000, -3.764058843372635E+08,  7.860782769987059E+07,  9.091701537094982E+07,
2451082.041469907, A.D. 1998-Sep-25 12:59:43.0000, -3.767704696149495E+08,  7.698705612512572E+07,  9.126627025960457E+07,
2451083.041469907, A.D. 1998-Sep-26 12:59:43.0000, -3.771290101222178E+08,  7.536504918009849E+07,  9.161406063455102E+07,
2451084.041469907, A.D. 1998-Sep-27 12:59:43.0000, -3.774815051455531E+08,  7.374183390409717E+07,  9.196038213952401E+07,
2451085.041469907, A.D. 1998-Sep-28 12:59:43.0000, -3.778279541145148E+08,  7.211743731932075E+07,  9.230523045995755E+07,
2451086.041469907, A.D. 1998-Sep-29 12:59:43.0000, -3.781683566013258E+08,  7.049188642987601E+07,  9.264860132303268E+07,
2451087.041469907, A.D. 1998-Sep-30 12:59:43.0000, -3.785027123204581E+08,  6.886520822079986E+07,  9.299049049772282E+07,
2451088.041469907, A.D. 1998-Oct-01 12:59:43.0000, -3.788310211282167E+08,  6.723742965708698E+07,  9.333089379483694E+07,
2451089.041469907, A.D. 1998-Oct-02 12:59:43.0000, -3.791532830223179E+08,  6.560857768272208E+07,  9.366980706705977E+07,
2451090.041469907, A.D. 1998-Oct-03 12:59:43.0000, -3.794694981414648E+08,  6.397867921971647E+07,  9.400722620898935E+07,
2451091.041469907, A.D. 1998-Oct-04 12:59:43.0000, -3.797796667649168E+08,  6.234776116714915E+07,  9.434314715717213E+07,
2451092.041469907, A.D. 1998-Oct-05 12:59:43.0000, -3.800837893120547E+08,  6.071585040021200E+07,  9.467756589013477E+07,
2451093.041469907, A.D. 1998-Oct-06 12:59:43.0000, -3.803818663419405E+08,  5.908297376925947E+07,  9.501047842841366E+07,
2451094.041469907, A.D. 1998-Oct-07 12:59:43.0000, -3.806738985528705E+08,  5.744915809886265E+07,  9.534188083458139E+07,
2451095.041469907, A.D. 1998-Oct-08 12:59:43.0000, -3.809598867819234E+08,  5.581443018686770E+07,  9.567176921327016E+07,
2451096.041469907, A.D. 1998-Oct-09 12:59:43.0000, -3.812398320045015E+08,  5.417881680345915E+07,  9.600013971119270E+07,
2451097.041469907, A.D. 1998-Oct-10 12:59:43.0000, -3.815137353338664E+08,  5.254234469022781E+07,  9.632698851716019E+07,
2451098.041469907, A.D. 1998-Oct-11 12:59:43.0000, -3.817815980206686E+08,  5.090504055924360E+07,  9.665231186209734E+07,
2451099.041469907, A.D. 1998-Oct-12 12:59:43.0000, -3.820434214524695E+08,  4.926693109213349E+07,  9.697610601905464E+07,
2451100.041469907, A.D. 1998-Oct-13 12:59:43.0000, -3.822992071532584E+08,  4.762804293916456E+07,  9.729836730321792E+07,
2451101.041469907, A.D. 1998-Oct-14 12:59:43.0000, -3.825489567829623E+08,  4.598840271833224E+07,  9.761909207191482E+07,
2451102.041469907, A.D. 1998-Oct-15 12:59:43.0000, -3.827926721369500E+08,  4.434803701445422E+07,  9.793827672461882E+07,
2451103.041469907, A.D. 1998-Oct-16 12:59:43.0000, -3.830303551455297E+08,  4.270697237826961E+07,  9.825591770295031E+07,
2451104.041469907, A.D. 1998-Oct-17 12:59:43.0000, -3.832620078734403E+08,  4.106523532554390E+07,  9.857201149067491E+07,
2451105.041469907, A.D. 1998-Oct-18 12:59:43.0000, -3.834876325193361E+08,  3.942285233617952E+07,  9.888655461369914E+07,
2451106.041469907, A.D. 1998-Oct-19 12:59:43.0000, -3.837072314152667E+08,  3.777984985333239E+07,  9.919954364006329E+07,
2451107.041469907, A.D. 1998-Oct-20 12:59:43.0000, -3.839208070261493E+08,  3.613625428253405E+07,  9.951097517993163E+07,
2451108.041469907, A.D. 1998-Oct-21 12:59:43.0000, -3.841283619492362E+08,  3.449209199082007E+07,  9.982084588557997E+07,
2451109.041469907, A.D. 1998-Oct-22 12:59:43.0000, -3.843298989135762E+08,  3.284738930586423E+07,  1.001291524513805E+08,
2451110.041469907, A.D. 1998-Oct-23 12:59:43.0000, -3.845254207794695E+08,  3.120217251511896E+07,  1.004358916137842E+08,
2451111.041469907, A.D. 1998-Oct-24 12:59:43.0000, -3.847149305379183E+08,  2.955646786496163E+07,  1.007410601512999E+08,
2451112.041469907, A.D. 1998-Oct-25 12:59:43.0000, -3.848984313100701E+08,  2.791030155984731E+07,  1.010446548844722E+08,
2451113.041469907, A.D. 1998-Oct-26 12:59:43.0000, -3.850759263466572E+08,  2.626369976146735E+07,  1.013466726758550E+08,
2451114.041469907, A.D. 1998-Oct-27 12:59:43.0000, -3.852474190274295E+08,  2.461668858791438E+07,  1.016471104299839E+08,
2451115.041469907, A.D. 1998-Oct-28 12:59:43.0000, -3.854129128605824E+08,  2.296929411285328E+07,  1.019459650933449E+08,
2451116.041469907, A.D. 1998-Oct-29 12:59:43.0000, -3.855724114821798E+08,  2.132154236469855E+07,  1.022432336543420E+08,
2451117.041469907, A.D. 1998-Oct-30 12:59:43.0000, -3.857259186555710E+08,  1.967345932579743E+07,  1.025389131432603E+08,
2451118.041469907, A.D. 1998-Oct-31 12:59:43.0000, -3.858734382708033E+08,  1.802507093161952E+07,  1.028330006322289E+08,
2451119.041469907, A.D. 1998-Nov-01 12:59:43.0000, -3.860149743440288E+08,  1.637640306995213E+07,  1.031254932351786E+08,
2451120.041469907, A.D. 1998-Nov-02 12:59:43.0000, -3.861505310169067E+08,  1.472748158010165E+07,  1.034163881077998E+08,
2451121.041469907, A.D. 1998-Nov-03 12:59:43.0000, -3.862801125559998E+08,  1.307833225210090E+07,  1.037056824474958E+08,
2451122.041469907, A.D. 1998-Nov-04 12:59:43.0000, -3.864037233521667E+08,  1.142898082592214E+07,  1.039933734933346E+08,
2451123.041469907, A.D. 1998-Nov-05 12:59:43.0000, -3.865213679199475E+08,  9.779452990695823E+06,  1.042794585259980E+08,
2451124.041469907, A.D. 1998-Nov-06 12:59:43.0000, -3.866330508969458E+08,  8.129774383934766E+06,  1.045639348677280E+08,
2451125.041469907, A.D. 1998-Nov-07 12:59:43.0000, -3.867387770432041E+08,  6.479970590764046E+06,  1.048467998822706E+08,
2451126.041469907, A.D. 1998-Nov-08 12:59:43.0000, -3.868385512405732E+08,  4.830067143155880E+06,  1.051280509748178E+08,
2451127.041469907, A.D. 1998-Nov-09 12:59:43.0000, -3.869323784920765E+08,  3.180089519169882E+06,  1.054076855919453E+08,
2451128.041469907, A.D. 1998-Nov-10 12:59:43.0000, -3.870202639212674E+08,  1.530063142198451E+06,  1.056857012215496E+08,
2451129.041469907, A.D. 1998-Nov-11 12:59:43.0000, -3.871022127715796E+08, -1.199866197825894E+05,  1.059620953927808E+08,
2451130.041469907, A.D. 1998-Nov-12 12:59:43.0000, -3.871782304056698E+08, -1.770034454958491E+06,  1.062368656759738E+08,
2451131.041469907, A.D. 1998-Nov-13 12:59:43.0000, -3.872483223047528E+08, -3.420055108414374E+06,  1.065100096825757E+08,
2451132.041469907, A.D. 1998-Nov-14 12:59:43.0000, -3.873124940679260E+08, -5.070023382868417E+06,  1.067815250650714E+08,
2451133.041469907, A.D. 1998-Nov-15 12:59:43.0000, -3.873707514114853E+08, -6.719914139398813E+06,  1.070514095169060E+08,
2451134.041469907, A.D. 1998-Nov-16 12:59:43.0000, -3.874231001682287E+08, -8.369702298163317E+06,  1.073196607724038E+08,
2451135.041469907, A.D. 1998-Nov-17 12:59:43.0000, -3.874695462867478E+08, -1.001936283911058E+07,  1.075862766066853E+08,
2451136.041469907, A.D. 1998-Nov-18 12:59:43.0000, -3.875100958307064E+08, -1.166887080268103E+07,  1.078512548355810E+08,
2451137.041469907, A.D. 1998-Nov-19 12:59:43.0000, -3.875447549781034E+08, -1.331820129049525E+07,  1.081145933155425E+08,
2451138.041469907, A.D. 1998-Nov-20 12:59:43.0000, -3.875735300205227E+08, -1.496732946602716E+07,  1.083762899435514E+08,
2451139.041469907, A.D. 1998-Nov-21 12:59:43.0000, -3.875964273623673E+08, -1.661623055525751E+07,  1.086363426570259E+08,
2451140.041469907, A.D. 1998-Nov-22 12:59:43.0000, -3.876134535200805E+08, -1.826487984730503E+07,  1.088947494337257E+08,
2451141.041469907, A.D. 1998-Nov-23 12:59:43.0000, -3.876246151213541E+08, -1.991325269502978E+07,  1.091515082916556E+08,
2451142.041469907, A.D. 1998-Nov-24 12:59:43.0000, -3.876299189043316E+08, -2.156132451560407E+07,  1.094066172889692E+08,
2451143.041469907, A.D. 1998-Nov-25 12:59:43.0000, -3.876293717168085E+08, -2.320907079104818E+07,  1.096600745238729E+08,
2451144.041469907, A.D. 1998-Nov-26 12:59:43.0000, -3.876229805154392E+08, -2.485646706872750E+07,  1.099118781345308E+08,
2451145.041469907, A.D. 1998-Nov-27 12:59:43.0000, -3.876107523649580E+08, -2.650348896181124E+07,  1.101620262989730E+08,
2451146.041469907, A.D. 1998-Nov-28 12:59:43.0000, -3.875926944374277E+08, -2.815011214969520E+07,  1.104105172350053E+08,
2451147.041469907, A.D. 1998-Nov-29 12:59:43.0000, -3.875688140115237E+08, -2.979631237839533E+07,  1.106573492001244E+08,
2451148.041469907, A.D. 1998-Nov-30 12:59:43.0000, -3.875391184718623E+08, -3.144206546092277E+07,  1.109025204914347E+08,
2451149.041469907, A.D. 1998-Dec-01 12:59:43.0000, -3.875036153083792E+08, -3.308734727765409E+07,  1.111460294455685E+08,
2451150.041469907, A.D. 1998-Dec-02 12:59:43.0000, -3.874623121157568E+08, -3.473213377671278E+07,  1.113878744386084E+08,
2451151.041469907, A.D. 1998-Dec-03 12:59:43.0000, -3.874152165928985E+08, -3.637640097437778E+07,  1.116280538860080E+08,
2451152.041469907, A.D. 1998-Dec-04 12:59:43.0000, -3.873623365424359E+08, -3.802012495553359E+07,  1.118665662425113E+08,
2451153.041469907, A.D. 1998-Dec-05 12:59:43.0000, -3.873036798702522E+08, -3.966328187417102E+07,  1.121034100020672E+08,
2451154.041469907, A.D. 1998-Dec-06 12:59:43.0000, -3.872392545850074E+08, -4.130584795393974E+07,  1.123385836977371E+08,
2451155.041469907, A.D. 1998-Dec-07 12:59:43.0000, -3.871690687976462E+08, -4.294779948875280E+07,  1.125720859015952E+08,
2451156.041469907, A.D. 1998-Dec-08 12:59:43.0000, -3.870931307208712E+08, -4.458911284343063E+07,  1.128039152246201E+08,
2451157.041469907, A.D. 1998-Dec-09 12:59:43.0000, -3.870114486685750E+08, -4.622976445437367E+07,  1.130340703165787E+08,
2451158.041469907, A.D. 1998-Dec-10 12:59:43.0000, -3.869240310552207E+08, -4.786973083024593E+07,  1.132625498659011E+08,
2451159.041469907, A.D. 1998-Dec-11 12:59:43.0000, -3.868308863951780E+08, -4.950898855265966E+07,  1.134893525995505E+08,
2451160.041469907, A.D. 1998-Dec-12 12:59:43.0000, -3.867320233020116E+08, -5.114751427684398E+07,  1.137144772828882E+08,
2451161.041469907, A.D. 1998-Dec-13 12:59:43.0000, -3.866274504877349E+08, -5.278528473229077E+07,  1.139379227195341E+08,
2451162.041469907, A.D. 1998-Dec-14 12:59:43.0000, -3.865171767620330E+08, -5.442227672337151E+07,  1.141596877512259E+08,
2451163.041469907, A.D. 1998-Dec-15 12:59:43.0000, -3.864012110314669E+08, -5.605846712992184E+07,  1.143797712576762E+08,
2451164.041469907, A.D. 1998-Dec-16 12:59:43.0000, -3.862795622986645E+08, -5.769383290779414E+07,  1.145981721564301E+08,
2451165.041469907, A.D. 1998-Dec-17 12:59:43.0000, -3.861522396615051E+08, -5.932835108937861E+07,  1.148148894027224E+08,
2451166.041469907, A.D. 1998-Dec-18 12:59:43.0000, -3.860192523123045E+08, -6.096199878409617E+07,  1.150299219893346E+08,
2451167.041469907, A.D. 1998-Dec-19 12:59:43.0000, -3.858806095370011E+08, -6.259475317886695E+07,  1.152432689464533E+08,
2451168.041469907, A.D. 1998-Dec-20 12:59:43.0000, -3.857363207143480E+08, -6.422659153855669E+07,  1.154549293415280E+08,
2451169.041469907, A.D. 1998-Dec-21 12:59:43.0000, -3.855863953151120E+08, -6.585749120640418E+07,  1.156649022791298E+08,
2451170.041469907, A.D. 1998-Dec-22 12:59:43.0000, -3.854308429012787E+08, -6.748742960443342E+07,  1.158731869008098E+08,
2451171.041469907, A.D. 1998-Dec-23 12:59:43.0000, -3.852696731252652E+08, -6.911638423385224E+07,  1.160797823849574E+08,
2451172.041469907, A.D. 1998-Dec-24 12:59:43.0000, -3.851028957291397E+08, -7.074433267543949E+07,  1.162846879466586E+08,
2451173.041469907, A.D. 1998-Dec-25 12:59:43.0000, -3.849305205438476E+08, -7.237125258992223E+07,  1.164879028375539E+08,
2451174.041469907, A.D. 1998-Dec-26 12:59:43.0000, -3.847525574884428E+08, -7.399712171834449E+07,  1.166894263456950E+08,
2451175.041469907, A.D. 1998-Dec-27 12:59:43.0000, -3.845690165693252E+08, -7.562191788242823E+07,  1.168892577954016E+08,
2451176.041469907, A.D. 1998-Dec-28 12:59:43.0000, -3.843799078794803E+08, -7.724561898492710E+07,  1.170873965471170E+08,
2451177.041469907, A.D. 1998-Dec-29 12:59:43.0000, -3.841852415977256E+08, -7.886820300997381E+07,  1.172838419972630E+08,
2451178.041469907, A.D. 1998-Dec-30 12:59:43.0000, -3.839850279879577E+08, -8.048964802342112E+07,  1.174785935780936E+08,
2451179.041469907, A.D. 1998-Dec-31 12:59:43.0000, -3.837792773984040E+08, -8.210993217317675E+07,  1.176716507575483E+08,
2451180.041469907, A.D. 1999-Jan-01 12:59:43.0000, -3.835680002608753E+08, -8.372903368953253E+07,  1.178630130391040E+08,
2451181.041469907, A.D. 1999-Jan-02 12:59:43.0000, -3.833512070900223E+08, -8.534693088548744E+07,  1.180526799616261E+08,
2451182.041469907, A.D. 1999-Jan-03 12:59:43.0000, -3.831289084825918E+08, -8.696360215706503E+07,  1.182406510992180E+08,
2451183.041469907, A.D. 1999-Jan-04 12:59:43.0000, -3.829011151166861E+08, -8.857902598362492E+07,  1.184269260610710E+08,
2451184.041469907, A.D. 1999-Jan-05 12:59:43.0000, -3.826678377510229E+08, -9.019318092816830E+07,  1.186115044913115E+08,
2451185.041469907, A.D. 1999-Jan-06 12:59:43.0000, -3.824290872241977E+08, -9.180604563763781E+07,  1.187943860688486E+08,
2451186.041469907, A.D. 1999-Jan-07 12:59:43.0000, -3.821848744539450E+08, -9.341759884321120E+07,  1.189755705072200E+08,
2451187.041469907, A.D. 1999-Jan-08 12:59:43.0000, -3.819352104364036E+08, -9.502781936058921E+07,  1.191550575544368E+08,
2451188.041469907, A.D. 1999-Jan-09 12:59:43.0000, -3.816801062453809E+08, -9.663668609027728E+07,  1.193328469928283E+08,
2451189.041469907, A.D. 1999-Jan-10 12:59:43.0000, -3.814195730316187E+08, -9.824417801786152E+07,  1.195089386388849E+08,
2451190.041469907, A.D. 1999-Jan-11 12:59:43.0000, -3.811536220220605E+08, -9.985027421427812E+07,  1.196833323431004E+08,
2451191.041469907, A.D. 1999-Jan-12 12:59:43.0000, -3.808822645191195E+08, -1.014549538360771E+08,  1.198560279898136E+08,
2451192.041469907, A.D. 1999-Jan-13 12:59:43.0000, -3.806055118999479E+08, -1.030581961256798E+08,  1.200270254970492E+08,
2451193.041469907, A.D. 1999-Jan-14 12:59:43.0000, -3.803233756157069E+08, -1.046599804116304E+08,  1.201963248163573E+08,
2451194.041469907, A.D. 1999-Jan-15 12:59:43.0000, -3.800358671908382E+08, -1.062602861088411E+08,  1.203639259326524E+08,
2451195.041469907, A.D. 1999-Jan-16 12:59:43.0000, -3.797429982223369E+08, -1.078590927188316E+08,  1.205298288640518E+08,
2451196.041469907, A.D. 1999-Jan-17 12:59:43.0000, -3.794447803790247E+08, -1.094563798299622E+08,  1.206940336617132E+08,
2451197.041469907, A.D. 1999-Jan-18 12:59:43.0000, -3.791412254008253E+08, -1.110521271176609E+08,  1.208565404096710E+08,
2451198.041469907, A.D. 1999-Jan-19 12:59:43.0000, -3.788323450980409E+08, -1.126463143446448E+08,  1.210173492246724E+08,
2451199.041469907, A.D. 1999-Jan-20 12:59:43.0000, -3.785181513506299E+08, -1.142389213611354E+08,  1.211764602560129E+08,
2451200.041469907, A.D. 1999-Jan-21 12:59:43.0000, -3.781986561074858E+08, -1.158299281050681E+08,  1.213338736853708E+08,
2451201.041469907, A.D. 1999-Jan-22 12:59:43.0000, -3.778738713857180E+08, -1.174193146022957E+08,  1.214895897266408E+08,
2451202.041469907, A.D. 1999-Jan-23 12:59:43.0000, -3.775438092699341E+08, -1.190070609667863E+08,  1.216436086257678E+08,
2451203.041469907, A.D. 1999-Jan-24 12:59:43.0000, -3.772084819115235E+08, -1.205931474008159E+08,  1.217959306605790E+08,
2451204.041469907, A.D. 1999-Jan-25 12:59:43.0000, -3.768679015279422E+08, -1.221775541951548E+08,  1.219465561406160E+08,
2451205.041469907, A.D. 1999-Jan-26 12:59:43.0000, -3.765220804020003E+08, -1.237602617292490E+08,  1.220954854069666E+08,
2451206.041469907, A.D. 1999-Jan-27 12:59:43.0000, -3.761710308811501E+08, -1.253412504713968E+08,  1.222427188320947E+08,
2451207.041469907, A.D. 1999-Jan-28 12:59:43.0000, -3.758147653767761E+08, -1.269205009789189E+08,  1.223882568196715E+08,
2451208.041469907, A.D. 1999-Jan-29 12:59:43.0000, -3.754532963634864E+08, -1.284979938983245E+08,  1.225320998044040E+08,
2451209.041469907, A.D. 1999-Jan-30 12:59:43.0000, -3.750866363784064E+08, -1.300737099654730E+08,  1.226742482518648E+08,
2451210.041469907, A.D. 1999-Jan-31 12:59:43.0000, -3.747147980204729E+08, -1.316476300057294E+08,  1.228147026583200E+08,
2451211.041469907, A.D. 1999-Feb-01 12:59:43.0000, -3.743377939497300E+08, -1.332197349341169E+08,  1.229534635505568E+08,
2451212.041469907, A.D. 1999-Feb-02 12:59:43.0000, -3.739556368866262E+08, -1.347900057554641E+08,  1.230905314857114E+08,
2451213.041469907, A.D. 1999-Feb-03 12:59:43.0000, -3.735683396113124E+08, -1.363584235645489E+08,  1.232259070510944E+08,
2451214.041469907, A.D. 1999-Feb-04 12:59:43.0000, -3.731759149629405E+08, -1.379249695462376E+08,  1.233595908640174E+08,
2451215.041469907, A.D. 1999-Feb-05 12:59:43.0000, -3.727783758389624E+08, -1.394896249756213E+08,  1.234915835716179E+08,
2451216.041469907, A.D. 1999-Feb-06 12:59:43.0000, -3.723757351944283E+08, -1.410523712181478E+08,  1.236218858506838E+08,
2451217.041469907, A.D. 1999-Feb-07 12:59:43.0000, -3.719680060412858E+08, -1.426131897297508E+08,  1.237504984074766E+08,
2451218.041469907, A.D. 1999-Feb-08 12:59:43.0000, -3.715552014476752E+08, -1.441720620569748E+08,  1.238774219775548E+08,
2451219.041469907, A.D. 1999-Feb-09 12:59:43.0000, -3.711373345372255E+08, -1.457289698370968E+08,  1.240026573255955E+08,
2451220.041469907, A.D. 1999-Feb-10 12:59:43.0000, -3.707144184883444E+08, -1.472838947982447E+08,  1.241262052452157E+08,
2451221.041469907, A.D. 1999-Feb-11 12:59:43.0000, -3.702864665335066E+08, -1.488368187595095E+08,  1.242480665587921E+08,
2451222.041469907, A.D. 1999-Feb-12 12:59:43.0000, -3.698534919585353E+08, -1.503877236310545E+08,  1.243682421172807E+08,
2451223.041469907, A.D. 1999-Feb-13 12:59:43.0000, -3.694155081018779E+08, -1.519365914142163E+08,  1.244867328000347E+08,
2451224.041469907, A.D. 1999-Feb-14 12:59:43.0000, -3.689725283538740E+08, -1.534834042015981E+08,  1.246035395146220E+08,
2451225.041469907, A.D. 1999-Feb-15 12:59:43.0000, -3.685245661560152E+08, -1.550281441771528E+08,  1.247186631966417E+08,
2451226.041469907, A.D. 1999-Feb-16 12:59:43.0000, -3.680716350001948E+08, -1.565707936162524E+08,  1.248321048095402E+08,
2451227.041469907, A.D. 1999-Feb-17 12:59:43.0000, -3.676137484279513E+08, -1.581113348857405E+08,  1.249438653444272E+08,
2451228.041469907, A.D. 1999-Feb-18 12:59:43.0000, -3.671509200296998E+08, -1.596497504439645E+08,  1.250539458198911E+08,
2451229.041469907, A.D. 1999-Feb-19 12:59:43.0000, -3.666831634439622E+08, -1.611860228407815E+08,  1.251623472818160E+08,
2451230.041469907, A.D. 1999-Feb-20 12:59:43.0000, -3.662104923565928E+08, -1.627201347175353E+08,  1.252690708032002E+08,
2451231.041469907, A.D. 1999-Feb-21 12:59:43.0000, -3.657329205000098E+08, -1.642520688070002E+08,  1.253741174839766E+08,
2451232.041469907, A.D. 1999-Feb-22 12:59:43.0000, -3.652504616524366E+08, -1.657818079332868E+08,  1.254774884508363E+08,
2451233.041469907, A.D. 1999-Feb-23 12:59:43.0000, -3.647631296371670E+08, -1.673093350117161E+08,  1.255791848570572E+08,
2451234.041469907, A.D. 1999-Feb-24 12:59:43.0000, -3.642709383218604E+08, -1.688346330486566E+08,  1.256792078823365E+08,
2451235.041469907, A.D. 1999-Feb-25 12:59:43.0000, -3.637739016178776E+08, -1.703576851413370E+08,  1.257775587326291E+08,
2451236.041469907, A.D. 1999-Feb-26 12:59:43.0000, -3.632720334796684E+08, -1.718784744776427E+08,  1.258742386399910E+08,
2451237.041469907, A.D. 1999-Feb-27 12:59:43.0000, -3.627653479042158E+08, -1.733969843359134E+08,  1.259692488624278E+08,
2451238.041469907, A.D. 1999-Feb-28 12:59:43.0000, -3.622538589305261E+08, -1.749131980847467E+08,  1.260625906837430E+08,
2451239.041469907, A.D. 1999-Mar-01 12:59:43.0000, -3.617375806391854E+08, -1.764270991828480E+08,  1.261542654133956E+08,
2451240.041469907, A.D. 1999-Mar-02 12:59:43.0000, -3.612165271519380E+08, -1.779386711789089E+08,  1.262442743863479E+08,
2451241.041469907, A.D. 1999-Mar-03 12:59:43.0000, -3.606907126312957E+08, -1.794478977115484E+08,  1.263326189629161E+08,
2451242.041469907, A.D. 1999-Mar-04 12:59:43.0000, -3.601601512801487E+08, -1.809547625093078E+08,  1.264193005286142E+08,
2451243.041469907, A.D. 1999-Mar-05 12:59:43.0000, -3.596248573413643E+08, -1.824592493906978E+08,  1.265043204939917E+08,
2451244.041469907, A.D. 1999-Mar-06 12:59:43.0000, -3.590848450973557E+08, -1.839613422642905E+08,  1.265876802944655E+08,
2451245.041469907, A.D. 1999-Mar-07 12:59:43.0000, -3.585401288696134E+08, -1.854610251288409E+08,  1.266693813901447E+08,
2451246.041469907, A.D. 1999-Mar-08 12:59:43.0000, -3.579907230181923E+08, -1.869582820734255E+08,  1.267494252656496E+08,
2451247.041469907, A.D. 1999-Mar-09 12:59:43.0000, -3.574366419411539E+08, -1.884530972775799E+08,  1.268278134299257E+08,
2451248.041469907, A.D. 1999-Mar-10 12:59:43.0000, -3.568779000739701E+08, -1.899454550114260E+08,  1.269045474160556E+08,
2451249.041469907, A.D. 1999-Mar-11 12:59:43.0000, -3.563145118888945E+08, -1.914353396357806E+08,  1.269796287810684E+08,
2451250.041469907, A.D. 1999-Mar-12 12:59:43.0000, -3.557464918943087E+08, -1.929227356022365E+08,  1.270530591057479E+08,
2451251.041469907, A.D. 1999-Mar-13 12:59:43.0000, -3.551738546340543E+08, -1.944076274532145E+08,  1.271248399944433E+08,
2451252.041469907, A.D. 1999-Mar-14 12:59:43.0000, -3.545966146867549E+08, -1.958899998219880E+08,  1.271949730748787E+08,
2451253.041469907, A.D. 1999-Mar-15 12:59:43.0000, -3.540147866651386E+08, -1.973698374326796E+08,  1.272634599979662E+08,
2451254.041469907, A.D. 1999-Mar-16 12:59:43.0000, -3.534283852153627E+08, -1.988471251002322E+08,  1.273303024376201E+08,
2451255.041469907, A.D. 1999-Mar-17 12:59:43.0000, -3.528374250163454E+08, -2.003218477303605E+08,  1.273955020905732E+08,
2451256.041469907, A.D. 1999-Mar-18 12:59:43.0000, -3.522419207791069E+08, -2.017939903194826E+08,  1.274590606761948E+08,
2451257.041469907, A.D. 1999-Mar-19 12:59:43.0000, -3.516418872461205E+08, -2.032635379546381E+08,  1.275209799363115E+08,
2451258.041469907, A.D. 1999-Mar-20 12:59:43.0000, -3.510373391906757E+08, -2.047304758133931E+08,  1.275812616350286E+08,
2451259.041469907, A.D. 1999-Mar-21 12:59:43.0000, -3.504282914162519E+08, -2.061947891637366E+08,  1.276399075585534E+08,
2451260.041469907, A.D. 1999-Mar-22 12:59:43.0000, -3.498147587559013E+08, -2.076564633639680E+08,  1.276969195150203E+08,
2451261.041469907, A.D. 1999-Mar-23 12:59:43.0000, -3.491967560716447E+08, -2.091154838625794E+08,  1.277522993343159E+08,
2451262.041469907, A.D. 1999-Mar-24 12:59:43.0000, -3.485742982538738E+08, -2.105718361981326E+08,  1.278060488679064E+08,
2451263.041469907, A.D. 1999-Mar-25 12:59:43.0000, -3.479474002207640E+08, -2.120255059991319E+08,  1.278581699886646E+08,
2451264.041469907, A.D. 1999-Mar-26 12:59:43.0000, -3.473160769176945E+08, -2.134764789838946E+08,  1.279086645906990E+08,
2451265.041469907, A.D. 1999-Mar-27 12:59:43.0000, -3.466803433166750E+08, -2.149247409604170E+08,  1.279575345891819E+08,
2451266.041469907, A.D. 1999-Mar-28 12:59:43.0000, -3.460402144157805E+08, -2.163702778262397E+08,  1.280047819201800E+08,
2451267.041469907, A.D. 1999-Mar-29 12:59:43.0000, -3.453957052385910E+08, -2.178130755683095E+08,  1.280504085404835E+08,
2451268.041469907, A.D. 1999-Mar-30 12:59:43.0000, -3.447468308336368E+08, -2.192531202628396E+08,  1.280944164274375E+08,
2451269.041469907, A.D. 1999-Mar-31 12:59:43.0000, -3.440936062738506E+08, -2.206903980751679E+08,  1.281368075787729E+08,
2451270.041469907, A.D. 1999-Apr-01 12:59:43.0000, -3.434360466560229E+08, -2.221248952596117E+08,  1.281775840124374E+08,
2451271.041469907, A.D. 1999-Apr-02 12:59:43.0000, -3.427741671002609E+08, -2.235565981593269E+08,  1.282167477664283E+08,
2451272.041469907, A.D. 1999-Apr-03 12:59:43.0000, -3.421079827494566E+08, -2.249854932061531E+08,  1.282543008986240E+08,
2451273.041469907, A.D. 1999-Apr-04 12:59:43.0000, -3.414375087687542E+08, -2.264115669204682E+08,  1.282902454866173E+08,
2451274.041469907, A.D. 1999-Apr-05 12:59:43.0000, -3.407627603450233E+08, -2.278348059110360E+08,  1.283245836275484E+08,
2451275.041469907, A.D. 1999-Apr-06 12:59:43.0000, -3.400837526863363E+08, -2.292551968748515E+08,  1.283573174379383E+08,
2451276.041469907, A.D. 1999-Apr-07 12:59:43.0000, -3.394005010214494E+08, -2.306727265969861E+08,  1.283884490535230E+08,
2451277.041469907, A.D. 1999-Apr-08 12:59:43.0000, -3.387130205992877E+08, -2.320873819504288E+08,  1.284179806290881E+08,
2451278.041469907, A.D. 1999-Apr-09 12:59:43.0000, -3.380213266884329E+08, -2.334991498959263E+08,  1.284459143383029E+08,
2451279.041469907, A.D. 1999-Apr-10 12:59:43.0000, -3.373254345766159E+08, -2.349080174818209E+08,  1.284722523735565E+08,
2451280.041469907, A.D. 1999-Apr-11 12:59:43.0000, -3.366253595702125E+08, -2.363139718438861E+08,  1.284969969457931E+08,
2451281.041469907, A.D. 1999-Apr-12 12:59:43.0000, -3.359211169937416E+08, -2.377170002051603E+08,  1.285201502843480E+08,
2451282.041469907, A.D. 1999-Apr-13 12:59:43.0000, -3.352127221893692E+08, -2.391170898757785E+08,  1.285417146367847E+08,
2451283.041469907, A.D. 1999-Apr-14 12:59:43.0000, -3.345001905164137E+08, -2.405142282528011E+08,  1.285616922687315E+08,
2451284.041469907, A.D. 1999-Apr-15 12:59:43.0000, -3.337835373508561E+08, -2.419084028200419E+08,  1.285800854637194E+08,
2451285.041469907, A.D. 1999-Apr-16 12:59:43.0000, -3.330627780848523E+08, -2.432996011478934E+08,  1.285968965230198E+08,
2451286.041469907, A.D. 1999-Apr-17 12:59:43.0000, -3.323379281262513E+08, -2.446878108931501E+08,  1.286121277654833E+08,
2451287.041469907, A.D. 1999-Apr-18 12:59:43.0000, -3.316090028981135E+08, -2.460730197988302E+08,  1.286257815273786E+08,
2451288.041469907, A.D. 1999-Apr-19 12:59:43.0000, -3.308760178382353E+08, -2.474552156939948E+08,  1.286378601622320E+08,
2451289.041469907, A.D. 1999-Apr-20 12:59:43.0000, -3.301389883986760E+08, -2.488343864935663E+08,  1.286483660406671E+08,
2451290.041469907, A.D. 1999-Apr-21 12:59:43.0000, -3.293979300452880E+08, -2.502105201981445E+08,  1.286573015502459E+08,
2451291.041469907, A.D. 1999-Apr-22 12:59:43.0000, -3.286528582572505E+08, -2.515836048938209E+08,  1.286646690953091E+08,
2451292.041469907, A.D. 1999-Apr-23 12:59:43.0000, -3.279037885266069E+08, -2.529536287519919E+08,  1.286704710968181E+08,
2451293.041469907, A.D. 1999-Apr-24 12:59:43.0000, -3.271507363578050E+08, -2.543205800291700E+08,  1.286747099921964E+08,
2451294.041469907, A.D. 1999-Apr-25 12:59:43.0000, -3.263937172672414E+08, -2.556844470667948E+08,  1.286773882351729E+08,
2451295.041469907, A.D. 1999-Apr-26 12:59:43.0000, -3.256327467828077E+08, -2.570452182910417E+08,  1.286785082956239E+08,
2451296.041469907, A.D. 1999-Apr-27 12:59:43.0000, -3.248678404434419E+08, -2.584028822126299E+08,  1.286780726594173E+08,
2451297.041469907, A.D. 1999-Apr-28 12:59:43.0000, -3.240990137986803E+08, -2.597574274266298E+08,  1.286760838282559E+08,
2451298.041469907, A.D. 1999-Apr-29 12:59:43.0000, -3.233262824082143E+08, -2.611088426122698E+08,  1.286725443195217E+08,
2451299.041469907, A.D. 1999-Apr-30 12:59:43.0000, -3.225496618414495E+08, -2.624571165327419E+08,  1.286674566661212E+08,
2451300.041469907, A.D. 1999-May-01 12:59:43.0000, -3.217691676770671E+08, -2.638022380350075E+08,  1.286608234163300E+08,
2451301.041469907, A.D. 1999-May-02 12:59:43.0000, -3.209848155025871E+08, -2.651441960496033E+08,  1.286526471336384E+08,
2451302.041469907, A.D. 1999-May-03 12:59:43.0000, -3.201966209139345E+08, -2.664829795904466E+08,  1.286429303965973E+08,
2451303.041469907, A.D. 1999-May-04 12:59:43.0000, -3.194045995150061E+08, -2.678185777546406E+08,  1.286316757986642E+08,
2451304.041469907, A.D. 1999-May-05 12:59:43.0000, -3.186087669172387E+08, -2.691509797222816E+08,  1.286188859480492E+08,
2451305.041469907, A.D. 1999-May-06 12:59:43.0000, -3.178091387391775E+08, -2.704801747562646E+08,  1.286045634675624E+08,
2451306.041469907, A.D. 1999-May-07 12:59:43.0000, -3.170057306060447E+08, -2.718061522020904E+08,  1.285887109944595E+08,
2451307.041469907, A.D. 1999-May-08 12:59:43.0000, -3.161985581493062E+08, -2.731289014876729E+08,  1.285713311802890E+08,
2451308.041469907, A.D. 1999-May-09 12:59:43.0000, -3.153876370062370E+08, -2.744484121231457E+08,  1.285524266907389E+08,
2451309.041469907, A.D. 1999-May-10 12:59:43.0000, -3.145729828194812E+08, -2.757646737006698E+08,  1.285320002054834E+08,
2451310.041469907, A.D. 1999-May-11 12:59:43.0000, -3.137546112366119E+08, -2.770776758942366E+08,  1.285100544180291E+08,
2451311.041469907, A.D. 1999-May-12 12:59:43.0000, -3.129325379096808E+08, -2.783874084594713E+08,  1.284865920355620E+08,
2451312.041469907, A.D. 1999-May-13 12:59:43.0000, -3.121067784947637E+08, -2.796938612334309E+08,  1.284616157787938E+08,
2451313.041469907, A.D. 1999-May-14 12:59:43.0000, -3.112773486514981E+08, -2.809970241343945E+08,  1.284351283818085E+08,
2451314.041469907, A.D. 1999-May-15 12:59:43.0000, -3.104442640426109E+08, -2.822968871616449E+08,  1.284071325919092E+08,
2451315.041469907, A.D. 1999-May-16 12:59:43.0000, -3.096075403334405E+08, -2.835934403952365E+08,  1.283776311694657E+08,
2451316.041469907, A.D. 1999-May-17 12:59:43.0000, -3.087671931914495E+08, -2.848866739957460E+08,  1.283466268877629E+08,
2451317.041469907, A.D. 1999-May-18 12:59:43.0000, -3.079232382857336E+08, -2.861765782040014E+08,  1.283141225328509E+08,
2451318.041469907, A.D. 1999-May-19 12:59:43.0000, -3.070756912865286E+08, -2.874631433407846E+08,  1.282801209033969E+08,
2451319.041469907, A.D. 1999-May-20 12:59:43.0000, -3.062245678647250E+08, -2.887463598065054E+08,  1.282446248105424E+08,
2451320.041469907, A.D. 1999-May-21 12:59:43.0000, -3.053698836913911E+08, -2.900262180808403E+08,  1.282076370777604E+08,
2451321.041469907, A.D. 1999-May-22 12:59:43.0000, -3.045116544373209E+08, -2.913027087223429E+08,  1.281691605407217E+08,
2451322.041469907, A.D. 1999-May-23 12:59:43.0000, -3.036498957726142E+08, -2.925758223680221E+08,  1.281291980471648E+08,
2451323.041469907, A.D. 1999-May-24 12:59:43.0000, -3.027846233662972E+08, -2.938455497328996E+08,  1.280877524567717E+08,
2451324.041469907, A.D. 1999-May-25 12:59:43.0000, -3.019158528859966E+08, -2.951118816095543E+08,  1.280448266410504E+08,
2451325.041469907, A.D. 1999-May-26 12:59:43.0000, -3.010435999976656E+08, -2.963748088676710E+08,  1.280004234832222E+08,
2451326.041469907, A.D. 1999-May-27 12:59:43.0000, -3.001678803653680E+08, -2.976343224536064E+08,  1.279545458781126E+08,
2451327.041469907, A.D. 1999-May-28 12:59:43.0000, -2.992887096511104E+08, -2.988904133899901E+08,  1.279071967320449E+08,
2451328.041469907, A.D. 1999-May-29 12:59:43.0000, -2.984061035147136E+08, -3.001430727753730E+08,  1.278583789627330E+08,
2451329.041469907, A.D. 1999-May-30 12:59:43.0000, -2.975200776137046E+08, -3.013922917839361E+08,  1.278080954991722E+08,
2451330.041469907, A.D. 1999-May-31 12:59:43.0000, -2.966306476032130E+08, -3.026380616652538E+08,  1.277563492815261E+08,
2451331.041469907, A.D. 1999-Jun-01 12:59:43.0000, -2.957378291358542E+08, -3.038803737441182E+08,  1.277031432610073E+08,
2451332.041469907, A.D. 1999-Jun-02 12:59:43.0000, -2.948416378615831E+08, -3.051192194204068E+08,  1.276484803997525E+08,
2451333.041469907, A.D. 1999-Jun-03 12:59:43.0000, -2.939420894275081E+08, -3.063545901689845E+08,  1.275923636706914E+08,
2451334.041469907, A.D. 1999-Jun-04 12:59:43.0000, -2.930391994776627E+08, -3.075864775396243E+08,  1.275347960574108E+08,
2451335.041469907, A.D. 1999-Jun-05 12:59:43.0000, -2.921329836527323E+08, -3.088148731569321E+08,  1.274757805540144E+08,
2451336.041469907, A.D. 1999-Jun-06 12:59:43.0000, -2.912234575897413E+08, -3.100397687202623E+08,  1.274153201649796E+08,
2451337.041469907, A.D. 1999-Jun-07 12:59:43.0000, -2.903106369217094E+08, -3.112611560036173E+08,  1.273534179050143E+08,
2451338.041469907, A.D. 1999-Jun-08 12:59:43.0000, -2.893945372772817E+08, -3.124790268555239E+08,  1.272900767989125E+08,
2451339.041469907, A.D. 1999-Jun-09 12:59:43.0000, -2.884751742803456E+08, -3.136933731988839E+08,  1.272252998814114E+08,
2451340.041469907, A.D. 1999-Jun-10 12:59:43.0000, -2.875525635496379E+08, -3.149041870307992E+08,  1.271590901970507E+08,
2451341.041469907, A.D. 1999-Jun-11 12:59:43.0000, -2.866267206983510E+08, -3.161114604223725E+08,  1.270914508000334E+08,
2451342.041469907, A.D. 1999-Jun-12 12:59:43.0000, -2.856976613337427E+08, -3.173151855184869E+08,  1.270223847540893E+08,
2451343.041469907, A.D. 1999-Jun-13 12:59:43.0000, -2.847654010567523E+08, -3.185153545375670E+08,  1.269518951323411E+08,
2451344.041469907, A.D. 1999-Jun-14 12:59:43.0000, -2.838299554616256E+08, -3.197119597713252E+08,  1.268799850171730E+08,
2451345.041469907, A.D. 1999-Jun-15 12:59:43.0000, -2.828913401355506E+08, -3.209049935844970E+08,  1.268066575001012E+08,
2451346.041469907, A.D. 1999-Jun-16 12:59:43.0000, -2.819495706583038E+08, -3.220944484145655E+08,  1.267319156816468E+08,
2451347.041469907, A.D. 1999-Jun-17 12:59:43.0000, -2.810046626019067E+08, -3.232803167714813E+08,  1.266557626712105E+08,
2451348.041469907, A.D. 1999-Jun-18 12:59:43.0000, -2.800566315302932E+08, -3.244625912373764E+08,  1.265782015869493E+08,
2451349.041469907, A.D. 1999-Jun-19 12:59:43.0000, -2.791054929989863E+08, -3.256412644662757E+08,  1.264992355556544E+08,
2451350.041469907, A.D. 1999-Jun-20 12:59:43.0000, -2.781512625547841E+08, -3.268163291838059E+08,  1.264188677126304E+08,
2451351.041469907, A.D. 1999-Jun-21 12:59:43.0000, -2.771939557354533E+08, -3.279877781869038E+08,  1.263371012015761E+08,
2451352.041469907, A.D. 1999-Jun-22 12:59:43.0000, -2.762335880694310E+08, -3.291556043435244E+08,  1.262539391744664E+08,
2451353.041469907, A.D. 1999-Jun-23 12:59:43.0000, -2.752701750755327E+08, -3.303198005923482E+08,  1.261693847914346E+08,
2451354.041469907, A.D. 1999-Jun-24 12:59:43.0000, -2.743037322626667E+08, -3.314803599424900E+08,  1.260834412206568E+08,
2451355.041469907, A.D. 1999-Jun-25 12:59:43.0000, -2.733342751295542E+08, -3.326372754732074E+08,  1.259961116382358E+08,
2451356.041469907, A.D. 1999-Jun-26 12:59:43.0000, -2.723618191644543E+08, -3.337905403336103E+08,  1.259073992280869E+08,
2451357.041469907, A.D. 1999-Jun-27 12:59:43.0000, -2.713863798448943E+08, -3.349401477423710E+08,  1.258173071818242E+08,
2451358.041469907, A.D. 1999-Jun-28 12:59:43.0000, -2.704079726374031E+08, -3.360860909874357E+08,  1.257258386986474E+08,
2451359.041469907, A.D. 1999-Jun-29 12:59:43.0000, -2.694266129972504E+08, -3.372283634257358E+08,  1.256329969852292E+08,
2451360.041469907, A.D. 1999-Jun-30 12:59:43.0000, -2.684423163681887E+08, -3.383669584829004E+08,  1.255387852556046E+08,
2451361.041469907, A.D. 1999-Jul-01 12:59:43.0000, -2.674550981821989E+08, -3.395018696529699E+08,  1.254432067310592E+08,
2451362.041469907, A.D. 1999-Jul-02 12:59:43.0000, -2.664649738592396E+08, -3.406330904981092E+08,  1.253462646400194E+08,
2451363.041469907, A.D. 1999-Jul-03 12:59:43.0000, -2.654719588069999E+08, -3.417606146483228E+08,  1.252479622179431E+08,
2451364.041469907, A.D. 1999-Jul-04 12:59:43.0000, -2.644760684206553E+08, -3.428844358011689E+08,  1.251483027072103E+08,
2451365.041469907, A.D. 1999-Jul-05 12:59:43.0000, -2.634773180826262E+08, -3.440045477214757E+08,  1.250472893570160E+08,
2451366.041469907, A.D. 1999-Jul-06 12:59:43.0000, -2.624757231623403E+08, -3.451209442410570E+08,  1.249449254232619E+08,
2451367.041469907, A.D. 1999-Jul-07 12:59:43.0000, -2.614712990159973E+08, -3.462336192584285E+08,  1.248412141684501E+08,
2451368.041469907, A.D. 1999-Jul-08 12:59:43.0000, -2.604640609863364E+08, -3.473425667385249E+08,  1.247361588615772E+08,
2451369.041469907, A.D. 1999-Jul-09 12:59:43.0000, -2.594540244024077E+08, -3.484477807124172E+08,  1.246297627780285E+08,
2451370.041469907, A.D. 1999-Jul-10 12:59:43.0000, -2.584412045793451E+08, -3.495492552770303E+08,  1.245220291994741E+08,
2451371.041469907, A.D. 1999-Jul-11 12:59:43.0000, -2.574256168181428E+08, -3.506469845948610E+08,  1.244129614137642E+08,
2451372.041469907, A.D. 1999-Jul-12 12:59:43.0000, -2.564072764054348E+08, -3.517409628936970E+08,  1.243025627148263E+08,
2451373.041469907, A.D. 1999-Jul-13 12:59:43.0000, -2.553861986132759E+08, -3.528311844663354E+08,  1.241908364025625E+08,
2451374.041469907, A.D. 1999-Jul-14 12:59:43.0000, -2.543623986989271E+08, -3.539176436703028E+08,  1.240777857827477E+08,
2451375.041469907, A.D. 1999-Jul-15 12:59:43.0000, -2.533358919046429E+08, -3.550003349275745E+08,  1.239634141669283E+08,
2451376.041469907, A.D. 1999-Jul-16 12:59:43.0000, -2.523066934574605E+08, -3.560792527242957E+08,  1.238477248723217E+08,
2451377.041469907, A.D. 1999-Jul-17 12:59:43.0000, -2.512748185689938E+08, -3.571543916105025E+08,  1.237307212217168E+08,
2451378.041469907, A.D. 1999-Jul-18 12:59:43.0000, -2.502402824352278E+08, -3.582257461998432E+08,  1.236124065433744E+08,
2451379.041469907, A.D. 1999-Jul-19 12:59:43.0000, -2.492031002363170E+08, -3.592933111693013E+08,  1.234927841709290E+08,
2451380.041469907, A.D. 1999-Jul-20 12:59:43.0000, -2.481632871363860E+08, -3.603570812589185E+08,  1.233718574432908E+08,
2451381.041469907, A.D. 1999-Jul-21 12:59:43.0000, -2.471208582833332E+08, -3.614170512715191E+08,  1.232496297045490E+08,
2451382.041469907, A.D. 1999-Jul-22 12:59:43.0000, -2.460758288086352E+08, -3.624732160724347E+08,  1.231261043038746E+08,
2451383.041469907, A.D. 1999-Jul-23 12:59:43.0000, -2.450282138271566E+08, -3.635255705892308E+08,  1.230012845954252E+08,
2451384.041469907, A.D. 1999-Jul-24 12:59:43.0000, -2.439780284369593E+08, -3.645741098114346E+08,  1.228751739382493E+08,
2451385.041469907, A.D. 1999-Jul-25 12:59:43.0000, -2.429252877191156E+08, -3.656188287902625E+08,  1.227477756961916E+08,
2451386.041469907, A.D. 1999-Jul-26 12:59:43.0000, -2.418700067375233E+08, -3.666597226383521E+08,  1.226190932377991E+08,
2451387.041469907, A.D. 1999-Jul-27 12:59:43.0000, -2.408122005387220E+08, -3.676967865294927E+08,  1.224891299362274E+08,
2451388.041469907, A.D. 1999-Jul-28 12:59:43.0000, -2.397518841517118E+08, -3.687300156983604E+08,  1.223578891691476E+08,
2451389.041469907, A.D. 1999-Jul-29 12:59:43.0000, -2.386890725877731E+08, -3.697594054402531E+08,  1.222253743186536E+08,
2451390.041469907, A.D. 1999-Jul-30 12:59:43.0000, -2.376237808402876E+08, -3.707849511108286E+08,  1.220915887711700E+08,
2451391.041469907, A.D. 1999-Jul-31 12:59:43.0000, -2.365560238845595E+08, -3.718066481258454E+08,  1.219565359173601E+08,
2451392.041469907, A.D. 1999-Aug-01 12:59:43.0000, -2.354858166776377E+08, -3.728244919609045E+08,  1.218202191520346E+08,
2451393.041469907, A.D. 1999-Aug-02 12:59:43.0000, -2.344131741581366E+08, -3.738384781511953E+08,  1.216826418740600E+08,
2451394.041469907, A.D. 1999-Aug-03 12:59:43.0000, -2.333381112460564E+08, -3.748486022912433E+08,  1.215438074862679E+08,
2451395.041469907, A.D. 1999-Aug-04 12:59:43.0000, -2.322606428426004E+08, -3.758548600346588E+08,  1.214037193953634E+08,
2451396.041469907, A.D. 1999-Aug-05 12:59:43.0000, -2.311807838299906E+08, -3.768572470938905E+08,  1.212623810118349E+08,
2451397.041469907, A.D. 1999-Aug-06 12:59:43.0000, -2.300985490712775E+08, -3.778557592399770E+08,  1.211197957498625E+08,
2451398.041469907, A.D. 1999-Aug-07 12:59:43.0000, -2.290139534101464E+08, -3.788503923023012E+08,  1.209759670272275E+08,
2451399.041469907, A.D. 1999-Aug-08 12:59:43.0000, -2.279270116707149E+08, -3.798411421683429E+08,  1.208308982652211E+08,
2451400.041469907, A.D. 1999-Aug-09 12:59:43.0000, -2.268377386573249E+08, -3.808280047834295E+08,  1.206845928885536E+08,
2451401.041469907, A.D. 1999-Aug-10 12:59:43.0000, -2.257461491543245E+08, -3.818109761504803E+08,  1.205370543252633E+08,
2451402.041469907, A.D. 1999-Aug-11 12:59:43.0000, -2.246522579258412E+08, -3.827900523297446E+08,  1.203882860066261E+08,
2451403.041469907, A.D. 1999-Aug-12 12:59:43.0000, -2.235560797155457E+08, -3.837652294385275E+08,  1.202382913670652E+08,
2451404.041469907, A.D. 1999-Aug-13 12:59:43.0000, -2.224576292464079E+08, -3.847365036509001E+08,  1.200870738440623E+08,
2451405.041469907, A.D. 1999-Aug-14 12:59:43.0000, -2.213569212204473E+08, -3.857038711973901E+08,  1.199346368780701E+08,
2451406.041469907, A.D. 1999-Aug-15 12:59:43.0000, -2.202539703184809E+08, -3.866673283646474E+08,  1.197809839124272E+08,
2451407.041469907, A.D. 1999-Aug-16 12:59:43.0000, -2.191487911998762E+08, -3.876268714950820E+08,  1.196261183932763E+08,
2451408.041469907, A.D. 1999-Aug-17 12:59:43.0000, -2.180413985023152E+08, -3.885824969864715E+08,  1.194700437694863E+08,
2451409.041469907, A.D. 1999-Aug-18 12:59:43.0000, -2.169318068415804E+08, -3.895342012915381E+08,  1.193127634925793E+08,
2451410.041469907, A.D. 1999-Aug-19 12:59:43.0000, -2.158200308113722E+08, -3.904819809174982E+08,  1.191542810166632E+08,
2451411.041469907, A.D. 1999-Aug-20 12:59:43.0000, -2.147060849831671E+08, -3.914258324255916E+08,  1.189945997983705E+08,
2451412.041469907, A.D. 1999-Aug-21 12:59:43.0000, -2.135899839061261E+08, -3.923657524306012E+08,  1.188337232968028E+08,
2451413.041469907, A.D. 1999-Aug-22 12:59:43.0000, -2.124717421070592E+08, -3.933017376003780E+08,  1.186716549734803E+08,
2451414.041469907, A.D. 1999-Aug-23 12:59:43.0000, -2.113513740904410E+08, -3.942337846553860E+08,  1.185083982922949E+08,
2451415.041469907, A.D. 1999-Aug-24 12:59:43.0000, -2.102288943384770E+08, -3.951618903682842E+08,  1.183439567194658E+08,
2451416.041469907, A.D. 1999-Aug-25 12:59:43.0000, -2.091043173112054E+08, -3.960860515635588E+08,  1.181783337234943E+08,
2451417.041469907, A.D. 1999-Aug-26 12:59:43.0000, -2.079776574466198E+08, -3.970062651172159E+08,  1.180115327751163E+08,
2451418.041469907, A.D. 1999-Aug-27 12:59:43.0000, -2.068489291607940E+08, -3.979225279565327E+08,  1.178435573472501E+08,
2451419.041469907, A.D. 1999-Aug-28 12:59:43.0000, -2.057181468479905E+08, -3.988348370598685E+08,  1.176744109149394E+08,
2451420.041469907, A.D. 1999-Aug-29 12:59:43.0000, -2.045853248807399E+08, -3.997431894565222E+08,  1.175040969552895E+08,
2451421.041469907, A.D. 1999-Aug-30 12:59:43.0000, -2.034504776098796E+08, -4.006475822266247E+08,  1.173326189473976E+08,
2451422.041469907, A.D. 1999-Aug-31 12:59:43.0000, -2.023136193645472E+08, -4.015480125010520E+08,  1.171599803722772E+08,
2451423.041469907, A.D. 1999-Sep-01 12:59:43.0000, -2.011747644521293E+08, -4.024444774613420E+08,  1.169861847127802E+08,
2451424.041469907, A.D. 1999-Sep-02 12:59:43.0000, -2.000339271581693E+08, -4.033369743396037E+08,  1.168112354535142E+08,
2451425.041469907, A.D. 1999-Sep-03 12:59:43.0000, -1.988911217462437E+08, -4.042255004184136E+08,  1.166351360807598E+08,
2451426.041469907, A.D. 1999-Sep-04 12:59:43.0000, -1.977463624578115E+08, -4.051100530306891E+08,  1.164578900823882E+08,
2451427.041469907, A.D. 1999-Sep-05 12:59:43.0000, -1.965996635120484E+08, -4.059906295595351E+08,  1.162795009477780E+08,
2451428.041469907, A.D. 1999-Sep-06 12:59:43.0000, -1.954510391056721E+08, -4.068672274380715E+08,  1.160999721677355E+08,
2451429.041469907, A.D. 1999-Sep-07 12:59:43.0000, -1.943005034127643E+08, -4.077398441492345E+08,  1.159193072344165E+08,
2451430.041469907, A.D. 1999-Sep-08 12:59:43.0000, -1.931480705845960E+08, -4.086084772255595E+08,  1.157375096412496E+08,
2451431.041469907, A.D. 1999-Sep-09 12:59:43.0000, -1.919937547494577E+08, -4.094731242489470E+08,  1.155545828828631E+08,
2451432.041469907, A.D. 1999-Sep-10 12:59:43.0000, -1.908375700124980E+08, -4.103337828504152E+08,  1.153705304550134E+08,
2451433.041469907, A.D. 1999-Sep-11 12:59:43.0000, -1.896795304555705E+08, -4.111904507098426E+08,  1.151853558545156E+08,
2451434.041469907, A.D. 1999-Sep-12 12:59:43.0000, -1.885196501370922E+08, -4.120431255557030E+08,  1.149990625791765E+08,
2451435.041469907, A.D. 1999-Sep-13 12:59:43.0000, -1.873579430919090E+08, -4.128918051647957E+08,  1.148116541277290E+08,
2451436.041469907, A.D. 1999-Sep-14 12:59:43.0000, -1.861944233311722E+08, -4.137364873619714E+08,  1.146231339997682E+08,
2451437.041469907, A.D. 1999-Sep-15 12:59:43.0000, -1.850291048422228E+08, -4.145771700198581E+08,  1.144335056956888E+08,
2451438.041469907, A.D. 1999-Sep-16 12:59:43.0000, -1.838620015884836E+08, -4.154138510585852E+08,  1.142427727166239E+08,
2451439.041469907, A.D. 1999-Sep-17 12:59:43.0000, -1.826931275093583E+08, -4.162465284455085E+08,  1.140509385643846E+08,
2451440.041469907, A.D. 1999-Sep-18 12:59:43.0000, -1.815224965201370E+08, -4.170752001949354E+08,  1.138580067414009E+08,
2451441.041469907, A.D. 1999-Sep-19 12:59:43.0000, -1.803501225119078E+08, -4.178998643678532E+08,  1.136639807506634E+08,
2451442.041469907, A.D. 1999-Sep-20 12:59:43.0000, -1.791760193514724E+08, -4.187205190716575E+08,  1.134688640956657E+08,
2451443.041469907, A.D. 1999-Sep-21 12:59:43.0000, -1.780002008812674E+08, -4.195371624598827E+08,  1.132726602803470E+08,
2451444.041469907, A.D. 1999-Sep-22 12:59:43.0000, -1.768226809192884E+08, -4.203497927319353E+08,  1.130753728090369E+08,
2451445.041469907, A.D. 1999-Sep-23 12:59:43.0000, -1.756434732590186E+08, -4.211584081328290E+08,  1.128770051863989E+08,
2451446.041469907, A.D. 1999-Sep-24 12:59:43.0000, -1.744625916693604E+08, -4.219630069529209E+08,  1.126775609173759E+08,
2451447.041469907, A.D. 1999-Sep-25 12:59:43.0000, -1.732800498945697E+08, -4.227635875276508E+08,  1.124770435071356E+08,
2451448.041469907, A.D. 1999-Sep-26 12:59:43.0000, -1.720958616541930E+08, -4.235601482372823E+08,  1.122754564610169E+08,
2451449.041469907, A.D. 1999-Sep-27 12:59:43.0000, -1.709100406430074E+08, -4.243526875066446E+08,  1.120728032844760E+08,
2451450.041469907, A.D. 1999-Sep-28 12:59:43.0000, -1.697226005309622E+08, -4.251412038048785E+08,  1.118690874830341E+08,
2451451.041469907, A.D. 1999-Sep-29 12:59:43.0000, -1.685335549631231E+08, -4.259256956451815E+08,  1.116643125622250E+08,
2451452.041469907, A.D. 1999-Sep-30 12:59:43.0000, -1.673429175596188E+08, -4.267061615845564E+08,  1.114584820275429E+08,
2451453.041469907, A.D. 1999-Oct-01 12:59:43.0000, -1.661507019155885E+08, -4.274826002235612E+08,  1.112515993843914E+08,
2451454.041469907, A.D. 1999-Oct-02 12:59:43.0000, -1.649569216011326E+08, -4.282550102060601E+08,  1.110436681380326E+08,
2451455.041469907, A.D. 1999-Oct-03 12:59:43.0000, -1.637615901612641E+08, -4.290233902189765E+08,  1.108346917935368E+08,
2451456.041469907, A.D. 1999-Oct-04 12:59:43.0000, -1.625647211158622E+08, -4.297877389920478E+08,  1.106246738557322E+08,
2451457.041469907, A.D. 1999-Oct-05 12:59:43.0000, -1.613663279596279E+08, -4.305480552975813E+08,  1.104136178291563E+08,
2451458.041469907, A.D. 1999-Oct-06 12:59:43.0000, -1.601664241620406E+08, -4.313043379502108E+08,  1.102015272180060E+08,
2451459.041469907, A.D. 1999-Oct-07 12:59:43.0000, -1.589650231673166E+08, -4.320565858066572E+08,  1.099884055260898E+08,
2451460.041469907, A.D. 1999-Oct-08 12:59:43.0000, -1.577621383943699E+08, -4.328047977654874E+08,  1.097742562567797E+08,
2451461.041469907, A.D. 1999-Oct-09 12:59:43.0000, -1.565577832367735E+08, -4.335489727668772E+08,  1.095590829129634E+08,
2451462.041469907, A.D. 1999-Oct-10 12:59:43.0000, -1.553519710627227E+08, -4.342891097923742E+08,  1.093428889969975E+08,
2451463.041469907, A.D. 1999-Oct-11 12:59:43.0000, -1.541447152150001E+08, -4.350252078646630E+08,  1.091256780106606E+08,
2451464.041469907, A.D. 1999-Oct-12 12:59:43.0000, -1.529360290109424E+08, -4.357572660473313E+08,  1.089074534551077E+08,
2451465.041469907, A.D. 1999-Oct-13 12:59:43.0000, -1.517259257424068E+08, -4.364852834446387E+08,  1.086882188308236E+08,
2451466.041469907, A.D. 1999-Oct-14 12:59:43.0000, -1.505144186757426E+08, -4.372092592012856E+08,  1.084679776375784E+08,
2451467.041469907, A.D. 1999-Oct-15 12:59:43.0000, -1.493015210517604E+08, -4.379291925021846E+08,  1.082467333743823E+08,
2451468.041469907, A.D. 1999-Oct-16 12:59:43.0000, -1.480872460857048E+08, -4.386450825722343E+08,  1.080244895394412E+08,
2451469.041469907, A.D. 1999-Oct-17 12:59:43.0000, -1.468716069672278E+08, -4.393569286760933E+08,  1.078012496301124E+08,
2451470.041469907, A.D. 1999-Oct-18 12:59:43.0000, -1.456546168603640E+08, -4.400647301179577E+08,  1.075770171428616E+08,
2451471.041469907, A.D. 1999-Oct-19 12:59:43.0000, -1.444362889035062E+08, -4.407684862413397E+08,  1.073517955732190E+08,
2451472.041469907, A.D. 1999-Oct-20 12:59:43.0000, -1.432166362093831E+08, -4.414681964288489E+08,  1.071255884157369E+08,
2451473.041469907, A.D. 1999-Oct-21 12:59:43.0000, -1.419956718650374E+08, -4.421638601019748E+08,  1.068983991639465E+08,
2451474.041469907, A.D. 1999-Oct-22 12:59:43.0000, -1.407734089318048E+08, -4.428554767208735E+08,  1.066702313103163E+08,
2451475.041469907, A.D. 1999-Oct-23 12:59:43.0000, -1.395498604452939E+08, -4.435430457841551E+08,  1.064410883462098E+08,
2451476.041469907, A.D. 1999-Oct-24 12:59:43.0000, -1.383250394153668E+08, -4.442265668286752E+08,  1.062109737618441E+08,
2451477.041469907, A.D. 1999-Oct-25 12:59:43.0000, -1.370989588261192E+08, -4.449060394293282E+08,  1.059798910462478E+08,
2451478.041469907, A.D. 1999-Oct-26 12:59:43.0000, -1.358716316358607E+08, -4.455814631988446E+08,  1.057478436872199E+08,
2451479.041469907, A.D. 1999-Oct-27 12:59:43.0000, -1.346430707770949E+08, -4.462528377875906E+08,  1.055148351712889E+08,
2451480.041469907, A.D. 1999-Oct-28 12:59:43.0000, -1.334132891564978E+08, -4.469201628833715E+08,  1.052808689836709E+08,
2451481.041469907, A.D. 1999-Oct-29 12:59:43.0000, -1.321822996548946E+08, -4.475834382112380E+08,  1.050459486082294E+08,
2451482.041469907, A.D. 1999-Oct-30 12:59:43.0000, -1.309501151272345E+08, -4.482426635332966E+08,  1.048100775274329E+08,
2451483.041469907, A.D. 1999-Oct-31 12:59:43.0000, -1.297167484025614E+08, -4.488978386485213E+08,  1.045732592223143E+08,
2451484.041469907, A.D. 1999-Nov-01 12:59:43.0000, -1.284822122839809E+08, -4.495489633925698E+08,  1.043354971724289E+08,
2451485.041469907, A.D. 1999-Nov-02 12:59:43.0000, -1.272465195486218E+08, -4.501960376376011E+08,  1.040967948558125E+08,
2451486.041469907, A.D. 1999-Nov-03 12:59:43.0000, -1.260096829475902E+08, -4.508390612920942E+08,  1.038571557489396E+08,
2451487.041469907, A.D. 1999-Nov-04 12:59:43.0000, -1.247717152059172E+08, -4.514780343006666E+08,  1.036165833266805E+08,
2451488.041469907, A.D. 1999-Nov-05 12:59:43.0000, -1.235326290224964E+08, -4.521129566438915E+08,  1.033750810622586E+08,
2451489.041469907, A.D. 1999-Nov-06 12:59:43.0000, -1.222924370700120E+08, -4.527438283381100E+08,  1.031326524272080E+08,
2451490.041469907, A.D. 1999-Nov-07 12:59:43.0000, -1.210511519948561E+08, -4.533706494352364E+08,  1.028893008913299E+08,
2451491.041469907, A.D. 1999-Nov-08 12:59:43.0000, -1.198087864170361E+08, -4.539934200225529E+08,  1.026450299226509E+08,
2451492.041469907, A.D. 1999-Nov-09 12:59:43.0000, -1.185653529300732E+08, -4.546121402224884E+08,  1.023998429873805E+08,
2451493.041469907, A.D. 1999-Nov-10 12:59:43.0000, -1.173208641008922E+08, -4.552268101923791E+08,  1.021537435498714E+08,
2451494.041469907, A.D. 1999-Nov-11 12:59:43.0000, -1.160753324697105E+08, -4.558374301242040E+08,  1.019067350725806E+08,
2451495.041469907, A.D. 1999-Nov-12 12:59:43.0000, -1.148287705499298E+08, -4.564440002442939E+08,  1.016588210160347E+08,
2451496.041469907, A.D. 1999-Nov-13 12:59:43.0000, -1.135811908280378E+08, -4.570465208130098E+08,  1.014100048387977E+08,
2451497.041469907, A.D. 1999-Nov-14 12:59:43.0000, -1.123326057635308E+08, -4.576449921243923E+08,  1.011602899974451E+08,
2451498.041469907, A.D. 1999-Nov-15 12:59:43.0000, -1.110830277888668E+08, -4.582394145057837E+08,  1.009096799465411E+08,
2451499.041469907, A.D. 1999-Nov-16 12:59:43.0000, -1.098324693094597E+08, -4.588297883174308E+08,  1.006581781386240E+08,
2451500.041469907, A.D. 1999-Nov-17 12:59:43.0000, -1.085809427037221E+08, -4.594161139520806E+08,  1.004057880241958E+08,
2451501.041469907, A.D. 1999-Nov-18 12:59:43.0000, -1.073284603231606E+08, -4.599983918345791E+08,  1.001525130517160E+08,
2451502.041469907, A.D. 1999-Nov-19 12:59:43.0000, -1.060750344925252E+08, -4.605766224214942E+08,  9.989835666760089E+07,
2451503.041469907, A.D. 1999-Nov-20 12:59:43.0000, -1.048206775100040E+08, -4.611508062007761E+08,  9.964332231622201E+07,
2451504.041469907, A.D. 1999-Nov-21 12:59:43.0000, -1.035654016474549E+08, -4.617209436914678E+08,  9.938741343990605E+07,
2451505.041469907, A.D. 1999-Nov-22 12:59:43.0000, -1.023092191506534E+08, -4.622870354434767E+08,  9.913063347893044E+07,
2451506.041469907, A.D. 1999-Nov-23 12:59:43.0000, -1.010521422395430E+08, -4.628490820374056E+08,  9.887298587151514E+07,
2451507.041469907, A.D. 1999-Nov-24 12:59:43.0000, -9.979418310846688E+07, -4.634070840844463E+08,  9.861447405380858E+07,
2451508.041469907, A.D. 1999-Nov-25 12:59:43.0000, -9.853535392636862E+07, -4.639610422263160E+08,  9.835510145986649E+07,
2451509.041469907, A.D. 1999-Nov-26 12:59:43.0000, -9.727566683695059E+07, -4.645109571352302E+08,  9.809487152162486E+07,
2451510.041469907, A.D. 1999-Nov-27 12:59:43.0000, -9.601513395878614E+07, -4.650568295138965E+08,  9.783378766886742E+07,
2451511.041469907, A.D. 1999-Nov-28 12:59:43.0000, -9.475376738538580E+07, -4.655986600955114E+08,  9.757185332918851E+07,
2451512.041469907, A.D. 1999-Nov-29 12:59:43.0000, -9.349157918522198E+07, -4.661364496437527E+08,  9.730907192795360E+07,
2451513.041469907, A.D. 1999-Nov-30 12:59:43.0000, -9.222858140171973E+07, -4.666701989527538E+08,  9.704544688825789E+07,
2451514.041469907, A.D. 1999-Dec-01 12:59:43.0000, -9.096478605322140E+07, -4.671999088470590E+08,  9.678098163088480E+07,
2451515.041469907, A.D. 1999-Dec-02 12:59:43.0000, -8.970020513293396E+07, -4.677255801815541E+08,  9.651567957426499E+07,
2451516.041469907, A.D. 1999-Dec-03 12:59:43.0000, -8.843485060886648E+07, -4.682472138413734E+08,  9.624954413443710E+07,
2451517.041469907, A.D. 1999-Dec-04 12:59:43.0000, -8.716873442376383E+07, -4.687648107417841E+08,  9.598257872500978E+07,
2451518.041469907, A.D. 1999-Dec-05 12:59:43.0000, -8.590186849504173E+07, -4.692783718280529E+08,  9.571478675712669E+07,
2451519.041469907, A.D. 1999-Dec-06 12:59:43.0000, -8.463426471472618E+07, -4.697878980752940E+08,  9.544617163943231E+07,
2451520.041469907, A.D. 1999-Dec-07 12:59:43.0000, -8.336593494939966E+07, -4.702933904883071E+08,  9.517673677804101E+07,
2451521.041469907, A.D. 1999-Dec-08 12:59:43.0000, -8.209689104015526E+07, -4.707948501014032E+08,  9.490648557650724E+07,
2451522.041469907, A.D. 1999-Dec-09 12:59:43.0000, -8.082714480255927E+07, -4.712922779782248E+08,  9.463542143579766E+07,
2451523.041469907, A.D. 1999-Dec-10 12:59:43.0000, -7.955670802662192E+07, -4.717856752115601E+08,  9.436354775426477E+07,
2451524.041469907, A.D. 1999-Dec-11 12:59:43.0000, -7.828559247677605E+07, -4.722750429231564E+08,  9.409086792762180E+07,
2451525.041469907, A.D. 1999-Dec-12 12:59:43.0000, -7.701380989186300E+07, -4.727603822635295E+08,  9.381738534891875E+07,
2451526.041469907, A.D. 1999-Dec-13 12:59:43.0000, -7.574137198512523E+07, -4.732416944117751E+08,  9.354310340851952E+07,
2451527.041469907, A.D. 1999-Dec-14 12:59:43.0000, -7.446829044420435E+07, -4.737189805753794E+08,  9.326802549407947E+07,
2451528.041469907, A.D. 1999-Dec-15 12:59:43.0000, -7.319457693114455E+07, -4.741922419900315E+08,  9.299215499052416E+07,
2451529.041469907, A.D. 1999-Dec-16 12:59:43.0000, -7.192024308240041E+07, -4.746614799194380E+08,  9.271549528002839E+07,
2451530.041469907, A.D. 1999-Dec-17 12:59:43.0000, -7.064530050884816E+07, -4.751266956551379E+08,  9.243804974199586E+07,
2451531.041469907, A.D. 1999-Dec-18 12:59:43.0000, -6.936976079580064E+07, -4.755878905163215E+08,  9.215982175303936E+07,
2451532.041469907, A.D. 1999-Dec-19 12:59:43.0000, -6.809363550302459E+07, -4.760450658496500E+08,  9.188081468696125E+07,
2451533.041469907, A.D. 1999-Dec-20 12:59:43.0000, -6.681693616476072E+07, -4.764982230290780E+08,  9.160103191473411E+07,
2451534.041469907, A.D. 1999-Dec-21 12:59:43.0000, -6.553967428974545E+07, -4.769473634556785E+08,  9.132047680448258E+07,
2451535.041469907, A.D. 1999-Dec-22 12:59:43.0000, -6.426186136123459E+07, -4.773924885574688E+08,  9.103915272146410E+07,
2451536.041469907, A.D. 1999-Dec-23 12:59:43.0000, -6.298350883702840E+07, -4.778335997892396E+08,  9.075706302805142E+07,
2451537.041469907, A.D. 1999-Dec-24 12:59:43.0000, -6.170462814949802E+07, -4.782706986323861E+08,  9.047421108371425E+07,
2451538.041469907, A.D. 1999-Dec-25 12:59:43.0000, -6.042523070561296E+07, -4.787037865947402E+08,  9.019060024500193E+07,
2451539.041469907, A.D. 1999-Dec-26 12:59:43.0000, -5.914532788696954E+07, -4.791328652104046E+08,  8.990623386552563E+07,
2451540.041469907, A.D. 1999-Dec-27 12:59:43.0000, -5.786493104982028E+07, -4.795579360395905E+08,  8.962111529594176E+07,
2451541.041469907, A.D. 1999-Dec-28 12:59:43.0000, -5.658405152510412E+07, -4.799790006684542E+08,  8.933524788393466E+07,
2451542.041469907, A.D. 1999-Dec-29 12:59:43.0000, -5.530270061847705E+07, -4.803960607089373E+08,  8.904863497419998E+07,
2451543.041469907, A.D. 1999-Dec-30 12:59:43.0000, -5.402088961034374E+07, -4.808091177986083E+08,  8.876127990842849E+07,
