JDTDB,Calendar Date (TDB),X,Y,Z,
2451028.198356481, A.D. 1998-Aug-02 16:45:38.0000,  3.258747469084973E+08,  2.545207829407947E+08, -4.503872029314175E+06,
2451029.198356481, A.D. 1998-Aug-03 16:45:38.0000,  3.249380151145767E+08,  2.558694080176161E+08, -4.524680030106634E+06,
2451030.198356481, A.D. 1998-Aug-04 16:45:38.0000,  3.239967342202503E+08,  2.572144488659429E+08, -4.545424708236888E+06,
2451031.198356481, A.D. 1998-Aug-05 16:45:38.0000,  3.230509205609435E+08,  2.585558891650785E+08, -4.566105817363486E+06,
2451032.198356481, A.D. 1998-Aug-06 16:45:38.0000,  3.221005905372211E+08,  2.598937126869898E+08, -4.586723112725824E+06,
2451033.198356481, A.D. 1998-Aug-07 16:45:38.0000,  3.211457606141162E+08,  2.612279032965727E+08, -4.607276351148188E+06,
2451034.198356481, A.D. 1998-Aug-08 16:45:38.0000,  3.201864473204609E+08,  2.625584449519104E+08, -4.627765291043356E+06,
2451035.198356481, A.D. 1998-Aug-09 16:45:38.0000,  3.192226672482153E+08,  2.638853217045236E+08, -4.648189692416474E+06,
2451036.198356481, A.D. 1998-Aug-10 16:45:38.0000,  3.182544370517963E+08,  2.652085176996146E+08, -4.668549316869050E+06,
2451037.198356481, A.D. 1998-Aug-11 16:45:38.0000,  3.172817734474074E+08,  2.665280171763024E+08, -4.688843927603155E+06,
2451038.198356481, A.D. 1998-Aug-12 16:45:38.0000,  3.163046932123688E+08,  2.678438044678512E+08, -4.709073289425626E+06,
2451039.198356481, A.D. 1998-Aug-13 16:45:38.0000,  3.153232131844485E+08,  2.691558640018900E+08, -4.729237168752775E+06,
2451040.198356481, A.D. 1998-Aug-14 16:45:38.0000,  3.143373502611952E+08,  2.704641803006253E+08, -4.749335333615169E+06,
2451041.198356481, A.D. 1998-Aug-15 16:45:38.0000,  3.133471213992735E+08,  2.717687379810449E+08, -4.769367553662777E+06,
2451042.198356481, A.D. 1998-Aug-16 16:45:38.0000,  3.123525436138027E+08,  2.730695217551143E+08, -4.789333600170881E+06,
2451043.198356481, A.D. 1998-Aug-17 16:45:38.0000,  3.113536339776987E+08,  2.743665164299653E+08, -4.809233246045947E+06,
2451044.198356481, A.D. 1998-Aug-18 16:45:38.0000,  3.103504096210219E+08,  2.756597069080767E+08, -4.829066265832350E+06,
2451045.198356481, A.D. 1998-Aug-19 16:45:38.0000,  3.093428877303309E+08,  2.769490781874495E+08, -4.848832435719773E+06,
2451046.198356481, A.D. 1998-Aug-20 16:45:38.0000,  3.083310855480438E+08,  2.782346153617744E+08, -4.868531533551082E+06,
2451047.198356481, A.D. 1998-Aug-21 16:45:38.0000,  3.073150203718082E+08,  2.795163036205967E+08, -4.888163338830590E+06,
2451048.198356481, A.D. 1998-Aug-22 16:45:38.0000,  3.062947095538811E+08,  2.807941282494773E+08, -4.907727632733732E+06,
2451049.198356481, A.D. 1998-Aug-23 16:45:38.0000,  3.052701705005198E+08,  2.820680746301533E+08, -4.927224198116079E+06,
2451050.198356481, A.D. 1998-Aug-24 16:45:38.0000,  3.042414206713839E+08,  2.833381282407025E+08, -4.946652819523737E+06,
2451051.198356481, A.D. 1998-Aug-25 16:45:38.0000,  3.032084775789497E+08,  2.846042746557125E+08, -4.966013283202857E+06,
2451052.198356481, A.D. 1998-Aug-26 16:45:38.0000,  3.021713587879346E+08,  2.858664995464621E+08, -4.985305377109468E+06,
2451053.198356481, A.D. 1998-Aug-27 16:45:38.0000,  3.011300819147274E+08,  2.871247886811155E+08, -5.004528890917495E+06,
2451054.198356481, A.D. 1998-Aug-28 16:45:38.0000,  3.000846646268266E+08,  2.883791279249378E+08, -5.023683616025552E+06,
2451055.198356481, A.D. 1998-Aug-29 16:45:38.0000,  2.990351246422735E+08,  2.896295032405323E+08, -5.042769345561057E+06,
2451056.198356481, A.D. 1998-Aug-30 16:45:38.0000,  2.979814797290774E+08,  2.908759006881033E+08, -5.061785874380589E+06,
2451057.198356481, A.D. 1998-Aug-31 16:45:38.0000,  2.969237477046206E+08,  2.921183064257442E+08, -5.080732999066025E+06,
2451058.198356481, A.D. 1998-Sep-01 16:45:38.0000,  2.958619464350342E+08,  2.933567067097474E+08, -5.099610517915666E+06,
2451059.198356481, A.D. 1998-Sep-02 16:45:38.0000,  2.947960938345364E+08,  2.945910878949296E+08, -5.118418230929881E+06,
2451060.198356481, A.D. 1998-Sep-03 16:45:38.0000,  2.937262078647205E+08,  2.958214364349605E+08, -5.137155939791456E+06,
2451061.198356481, A.D. 1998-Sep-04 16:45:38.0000,  2.926523065337926E+08,  2.970477388826811E+08, -5.155823447841451E+06,
2451062.198356481, A.D. 1998-Sep-05 16:45:38.0000,  2.915744078957576E+08,  2.982699818903960E+08, -5.174420560052127E+06,
2451063.198356481, A.D. 1998-Sep-06 16:45:38.0000,  2.904925300495607E+08,  2.994881522101241E+08, -5.192947082998201E+06,
2451064.198356481, A.D. 1998-Sep-07 16:45:38.0000,  2.894066911381943E+08,  3.007022366937923E+08, -5.211402824829310E+06,
2451065.198356481, A.D. 1998-Sep-08 16:45:38.0000,  2.883169093477878E+08,  3.019122222933660E+08, -5.229787595245346E+06,
2451066.198356481, A.D. 1998-Sep-09 16:45:38.0000,  2.872232029067000E+08,  3.031180960609126E+08, -5.248101205476880E+06,
2451067.198356481, A.D. 1998-Sep-10 16:45:38.0000,  2.861255900846297E+08,  3.043198451486053E+08, -5.266343468271643E+06,
2451068.198356481, A.D. 1998-Sep-11 16:45:38.0000,  2.850240891917598E+08,  3.055174568086723E+08, -5.284514197888032E+06,
2451069.198356481, A.D. 1998-Sep-12 16:45:38.0000,  2.839187185779451E+08,  3.067109183933086E+08, -5.302613210094526E+06,
2451070.198356481, A.D. 1998-Sep-13 16:45:38.0000,  2.828094966319478E+08,  3.079002173545632E+08, -5.320640322175831E+06,
2451071.198356481, A.D. 1998-Sep-14 16:45:38.0000,  2.816964417807214E+08,  3.090853412442177E+08, -5.338595352942720E+06,
2451072.198356481, A.D. 1998-Sep-15 16:45:38.0000,  2.805795724887387E+08,  3.102662777136683E+08, -5.356478122745395E+06,
2451073.198356481, A.D. 1998-Sep-16 16:45:38.0000,  2.794589072573532E+08,  3.114430145138167E+08, -5.374288453488708E+06,
2451074.198356481, A.D. 1998-Sep-17 16:45:38.0000,  2.783344646241910E+08,  3.126155394949809E+08, -5.392026168647677E+06,
2451075.198356481, A.D. 1998-Sep-18 16:45:38.0000,  2.772062631625603E+08,  3.137838406068239E+08, -5.409691093282714E+06,
2451076.198356481, A.D. 1998-Sep-19 16:45:38.0000,  2.760743214808739E+08,  3.149479058983026E+08, -5.427283054053739E+06,
2451077.198356481, A.D. 1998-Sep-20 16:45:38.0000,  2.749386582220761E+08,  3.161077235176352E+08, -5.444801879232630E+06,
2451078.198356481, A.D. 1998-Sep-21 16:45:38.0000,  2.737992920630720E+08,  3.172632817122829E+08, -5.462247398714021E+06,
2451079.198356481, A.D. 1998-Sep-22 16:45:38.0000,  2.726562417141526E+08,  3.184145688289448E+08, -5.479619444024131E+06,
2451080.198356481, A.D. 1998-Sep-23 16:45:38.0000,  2.715095259184169E+08,  3.195615733135607E+08, -5.496917848327935E+06,
2451081.198356481, A.D. 1998-Sep-24 16:45:38.0000,  2.703591634511870E+08,  3.207042837113210E+08, -5.514142446434632E+06,
2451082.198356481, A.D. 1998-Sep-25 16:45:38.0000,  2.692051731194174E+08,  3.218426886666784E+08, -5.531293074801803E+06,
2451083.198356481, A.D. 1998-Sep-26 16:45:38.0000,  2.680475737610984E+08,  3.229767769233615E+08, -5.548369571538001E+06,
2451084.198356481, A.D. 1998-Sep-27 16:45:38.0000,  2.668863842446538E+08,  3.241065373243871E+08, -5.565371776404887E+06,
2451085.198356481, A.D. 1998-Sep-28 16:45:38.0000,  2.657216234683328E+08,  3.252319588120697E+08, -5.582299530817747E+06,
2451086.198356481, A.D. 1998-Sep-29 16:45:38.0000,  2.645533103595990E+08,  3.263530304280275E+08, -5.599152677845836E+06,
2451087.198356481, A.D. 1998-Sep-30 16:45:38.0000,  2.633814638745147E+08,  3.274697413131851E+08, -5.615931062212124E+06,
2451088.198356481, A.D. 1998-Oct-01 16:45:38.0000,  2.622061029971231E+08,  3.285820807077696E+08, -5.632634530292019E+06,
2451089.198356481, A.D. 1998-Oct-02 16:45:38.0000,  2.610272467388282E+08,  3.296900379513024E+08, -5.649262930112556E+06,
2451090.198356481, A.D. 1998-Oct-03 16:45:38.0000,  2.598449141377736E+08,  3.307936024825851E+08, -5.665816111350596E+06,
2451091.198356481, A.D. 1998-Oct-04 16:45:38.0000,  2.586591242582200E+08,  3.318927638396798E+08, -5.682293925331250E+06,
2451092.198356481, A.D. 1998-Oct-05 16:45:38.0000,  2.574698961899226E+08,  3.329875116598834E+08, -5.698696225025788E+06,
2451093.198356481, A.D. 1998-Oct-06 16:45:38.0000,  2.562772490475090E+08,  3.340778356796964E+08, -5.715022865049616E+06,
2451094.198356481, A.D. 1998-Oct-07 16:45:38.0000,  2.550812019698566E+08,  3.351637257347856E+08, -5.731273701660246E+06,
2451095.198356481, A.D. 1998-Oct-08 16:45:38.0000,  2.538817741194719E+08,  3.362451717599418E+08, -5.747448592755020E+06,
2451096.198356481, A.D. 1998-Oct-09 16:45:38.0000,  2.526789846818698E+08,  3.373221637890308E+08, -5.763547397868469E+06,
2451097.198356481, A.D. 1998-Oct-10 16:45:38.0000,  2.514728528649549E+08,  3.383946919549403E+08, -5.779569978170365E+06,
2451098.198356481, A.D. 1998-Oct-11 16:45:38.0000,  2.502633978984043E+08,  3.394627464895205E+08, -5.795516196463048E+06,
2451099.198356481, A.D. 1998-Oct-12 16:45:38.0000,  2.490506390330510E+08,  3.405263177235196E+08, -5.811385917179152E+06,
2451100.198356481, A.D. 1998-Oct-13 16:45:38.0000,  2.478345955402707E+08,  3.415853960865146E+08, -5.827179006378919E+06,
2451101.198356481, A.D. 1998-Oct-14 16:45:38.0000,  2.466152867113690E+08,  3.426399721068362E+08, -5.842895331747890E+06,
2451102.198356481, A.D. 1998-Oct-15 16:45:38.0000,  2.453927318569712E+08,  3.436900364114897E+08, -5.858534762594178E+06,
2451103.198356481, A.D. 1998-Oct-16 16:45:38.0000,  2.441669503064147E+08,  3.447355797260705E+08, -5.874097169846058E+06,
2451104.198356481, A.D. 1998-Oct-17 16:45:38.0000,  2.429379614071420E+08,  3.457765928746743E+08, -5.889582426049277E+06,
2451105.198356481, A.D. 1998-Oct-18 16:45:38.0000,  2.417057845240977E+08,  3.468130667798042E+08, -5.904990405364573E+06,
2451106.198356481, A.D. 1998-Oct-19 16:45:38.0000,  2.404704390391265E+08,  3.478449924622710E+08, -5.920320983564869E+06,
2451107.198356481, A.D. 1998-Oct-20 16:45:38.0000,  2.392319443503739E+08,  3.488723610410905E+08, -5.935574038032711E+06,
2451108.198356481, A.D. 1998-Oct-21 16:45:38.0000,  2.379903198716891E+08,  3.498951637333754E+08, -5.950749447757587E+06,
2451109.198356481, A.D. 1998-Oct-22 16:45:38.0000,  2.367455850320305E+08,  3.509133918542235E+08, -5.965847093333170E+06,
2451110.198356481, A.D. 1998-Oct-23 16:45:38.0000,  2.354977592748733E+08,  3.519270368166003E+08, -5.980866856954694E+06,
2451111.198356481, A.D. 1998-Oct-24 16:45:38.0000,  2.342468620576199E+08,  3.529360901312178E+08, -5.995808622416109E+06,
2451112.198356481, A.D. 1998-Oct-25 16:45:38.0000,  2.329929128510121E+08,  3.539405434064093E+08, -6.010672275107414E+06,
2451113.198356481, A.D. 1998-Oct-26 16:45:38.0000,  2.317359311385466E+08,  3.549403883479984E+08, -6.025457702011734E+06,
2451114.198356481, A.D. 1998-Oct-27 16:45:38.0000,  2.304759364158925E+08,  3.559356167591652E+08, -6.040164791702777E+06,
2451115.198356481, A.D. 1998-Oct-28 16:45:38.0000,  2.292129481903113E+08,  3.569262205403063E+08, -6.054793434341788E+06,
2451116.198356481, A.D. 1998-Oct-29 16:45:38.0000,  2.279469859800801E+08,  3.579121916888925E+08, -6.069343521675095E+06,
2451117.198356481, A.D. 1998-Oct-30 16:45:38.0000,  2.266780693139165E+08,  3.588935222993193E+08, -6.083814947030976E+06,
2451118.198356481, A.D. 1998-Oct-31 16:45:38.0000,  2.254062177304073E+08,  3.598702045627552E+08, -6.098207605317295E+06,
2451119.198356481, A.D. 1998-Nov-01 16:45:38.0000,  2.241314507774393E+08,  3.608422307669841E+08, -6.112521393018588E+06,
2451120.198356481, A.D. 1998-Nov-02 16:45:38.0000,  2.228537880116328E+08,  3.618095932962435E+08, -6.126756208193466E+06,
2451121.198356481, A.D. 1998-Nov-03 16:45:38.0000,  2.215732489977794E+08,  3.627722846310573E+08, -6.140911950472102E+06,
2451122.198356481, A.D. 1998-Nov-04 16:45:38.0000,  2.202898533082812E+08,  3.637302973480644E+08, -6.154988521053791E+06,
2451123.198356481, A.D. 1998-Nov-05 16:45:38.0000,  2.190036205225945E+08,  3.646836241198424E+08, -6.168985822704628E+06,
2451124.198356481, A.D. 1998-Nov-06 16:45:38.0000,  2.177145702266771E+08,  3.656322577147247E+08, -6.182903759755239E+06,
2451125.198356481, A.D. 1998-Nov-07 16:45:38.0000,  2.164227220124388E+08,  3.665761909966148E+08, -6.196742238098815E+06,
2451126.198356481, A.D. 1998-Nov-08 16:45:38.0000,  2.151280954771969E+08,  3.675154169247932E+08, -6.210501165189669E+06,
2451127.198356481, A.D. 1998-Nov-09 16:45:38.0000,  2.138307102231357E+08,  3.684499285537194E+08, -6.224180450041398E+06,
2451128.198356481, A.D. 1998-Nov-10 16:45:38.0000,  2.125305858567716E+08,  3.693797190328297E+08, -6.237780003226042E+06,
2451129.198356481, A.D. 1998-Nov-11 16:45:38.0000,  2.112277419884236E+08,  3.703047816063274E+08, -6.251299736873269E+06,
2451130.198356481, A.D. 1998-Nov-12 16:45:38.0000,  2.099221982316913E+08,  3.712251096129689E+08, -6.264739564670131E+06,
2451131.198356481, A.D. 1998-Nov-13 16:45:38.0000,  2.086139742029390E+08,  3.721406964858453E+08, -6.278099401861712E+06,
2451132.198356481, A.D. 1998-Nov-14 16:45:38.0000,  2.073030895207892E+08,  3.730515357521569E+08, -6.291379165251330E+06,
2451133.198356481, A.D. 1998-Nov-15 16:45:38.0000,  2.059895638056251E+08,  3.739576210329865E+08, -6.304578773202792E+06,
2451134.198356481, A.D. 1998-Nov-16 16:45:38.0000,  2.046734166791042E+08,  3.748589460430672E+08, -6.317698145642146E+06,
2451135.198356481, A.D. 1998-Nov-17 16:45:38.0000,  2.033546677636834E+08,  3.757555045905497E+08, -6.330737204060718E+06,
2451136.198356481, A.D. 1998-Nov-18 16:45:38.0000,  2.020333366821580E+08,  3.766472905767691E+08, -6.343695871518552E+06,
2451137.198356481, A.D. 1998-Nov-19 16:45:38.0000,  2.007094430572130E+08,  3.775342979960146E+08, -6.356574072648525E+06,
2451138.198356481, A.D. 1998-Nov-20 16:45:38.0000,  1.993830065109907E+08,  3.784165209353047E+08, -6.369371733660638E+06,
2451139.198356481, A.D. 1998-Nov-21 16:45:38.0000,  1.980540466646724E+08,  3.792939535741714E+08, -6.382088782346502E+06,
2451140.198356481, A.D. 1998-Nov-22 16:45:38.0000,  1.967225831380720E+08,  3.801665901844571E+08, -6.394725148082927E+06,
2451141.198356481, A.D. 1998-Nov-23 16:45:38.0000,  1.953886355492420E+08,  3.810344251301319E+08, -6.407280761835381E+06,
2451142.198356481, A.D. 1998-Nov-24 16:45:38.0000,  1.940522235140855E+08,  3.818974528671300E+08, -6.419755556158677E+06,
2451143.198356481, A.D. 1998-Nov-25 16:45:38.0000,  1.927133666459683E+08,  3.827556679432142E+08, -6.432149465195686E+06,
2451144.198356481, A.D. 1998-Nov-26 16:45:38.0000,  1.913720845553250E+08,  3.836090649978682E+08, -6.444462424672455E+06,
2451145.198356481, A.D. 1998-Nov-27 16:45:38.0000,  1.900283968492480E+08,  3.844576387622166E+08, -6.456694371888727E+06,
2451146.198356481, A.D. 1998-Nov-28 16:45:38.0000,  1.886823231310495E+08,  3.853013840589697E+08, -6.468845245703846E+06,
2451147.198356481, A.D. 1998-Nov-29 16:45:38.0000,  1.873338829997861E+08,  3.861402958023866E+08, -6.480914986516953E+06,
2451148.198356481, A.D. 1998-Nov-30 16:45:38.0000,  1.859830960497387E+08,  3.869743689982442E+08, -6.492903536241710E+06,
2451149.198356481, A.D. 1998-Dec-01 16:45:38.0000,  1.846299818698435E+08,  3.878035987437977E+08, -6.504810838277429E+06,
2451150.198356481, A.D. 1998-Dec-02 16:45:38.0000,  1.832745600430738E+08,  3.886279802277192E+08, -6.516636837476522E+06,
2451151.198356481, A.D. 1998-Dec-03 16:45:38.0000,  1.819168501457790E+08,  3.894475087299943E+08, -6.528381480110735E+06,
2451152.198356481, A.D. 1998-Dec-04 16:45:38.0000,  1.805568717469932E+08,  3.902621796217670E+08, -6.540044713838696E+06,
2451153.198356481, A.D. 1998-Dec-05 16:45:38.0000,  1.791946444077304E+08,  3.910719883651229E+08, -6.551626487676501E+06,
2451154.198356481, A.D. 1998-Dec-06 16:45:38.0000,  1.778301876802830E+08,  3.918769305128097E+08, -6.563126751973391E+06,
2451155.198356481, A.D. 1998-Dec-07 16:45:38.0000,  1.764635211075418E+08,  3.926770017078982E+08, -6.574545458393306E+06,
2451156.198356481, A.D. 1998-Dec-08 16:45:38.0000,  1.750946642223533E+08,  3.934721976833953E+08, -6.585882559903979E+06,
2451157.198356481, A.D. 1998-Dec-09 16:45:38.0000,  1.737236365469216E+08,  3.942625142618217E+08, -6.597138010771781E+06,
2451158.198356481, A.D. 1998-Dec-10 16:45:38.0000,  1.723504575922614E+08,  3.950479473547688E+08, -6.608311766562939E+06,
2451159.198356481, A.D. 1998-Dec-11 16:45:38.0000,  1.709751468577008E+08,  3.958284929624503E+08, -6.619403784149051E+06,
2451160.198356481, A.D. 1998-Dec-12 16:45:38.0000,  1.695977238304287E+08,  3.966041471732602E+08, -6.630414021715641E+06,
2451161.198356481, A.D. 1998-Dec-13 16:45:38.0000,  1.682182079850801E+08,  3.973749061633446E+08, -6.641342438772798E+06,
2451162.198356481, A.D. 1998-Dec-14 16:45:38.0000,  1.668366187833511E+08,  3.981407661961952E+08, -6.652188996166050E+06,
2451163.198356481, A.D. 1998-Dec-15 16:45:38.0000,  1.654529756736345E+08,  3.989017236222643E+08, -6.662953656086832E+06,
2451164.198356481, A.D. 1998-Dec-16 16:45:38.0000,  1.640672980906693E+08,  3.996577748786028E+08, -6.673636382082194E+06,
2451165.198356481, A.D. 1998-Dec-17 16:45:38.0000,  1.626796054551972E+08,  4.004089164885207E+08, -6.684237139062554E+06,
2451166.198356481, A.D. 1998-Dec-18 16:45:38.0000,  1.612899171736216E+08,  4.011551450612643E+08, -6.694755893307805E+06,
2451167.198356481, A.D. 1998-Dec-19 16:45:38.0000,  1.598982526376663E+08,  4.018964572917093E+08, -6.705192612471849E+06,
2451168.198356481, A.D. 1998-Dec-20 16:45:38.0000,  1.585046312240305E+08,  4.026328499600661E+08, -6.715547265585214E+06,
2451169.198356481, A.D. 1998-Dec-21 16:45:38.0000,  1.571090722940402E+08,  4.033643199315935E+08, -6.725819823055893E+06,
2451170.198356481, A.D. 1998-Dec-22 16:45:38.0000,  1.557115951932947E+08,  4.040908641563193E+08, -6.736010256669462E+06,
2451171.198356481, A.D. 1998-Dec-23 16:45:38.0000,  1.543122192513086E+08,  4.048124796687633E+08, -6.746118539587110E+06,
2451172.198356481, A.D. 1998-Dec-24 16:45:38.0000,  1.529109637811503E+08,  4.055291635876653E+08, -6.756144646343470E+06,
2451173.198356481, A.D. 1998-Dec-25 16:45:38.0000,  1.515078480790760E+08,  4.062409131157100E+08, -6.766088552842826E+06,
2451174.198356481, A.D. 1998-Dec-26 16:45:38.0000,  1.501028914241618E+08,  4.069477255392551E+08, -6.775950236355424E+06,
2451175.198356481, A.D. 1998-Dec-27 16:45:38.0000,  1.486961130779333E+08,  4.076495982280551E+08, -6.785729675512761E+06,
2451176.198356481, A.D. 1998-Dec-28 16:45:38.0000,  1.472875322839942E+08,  4.083465286349860E+08, -6.795426850302458E+06,
2451177.198356481, A.D. 1998-Dec-29 16:45:38.0000,  1.458771682676541E+08,  4.090385142957652E+08, -6.805041742063105E+06,
2451178.198356481, A.D. 1998-Dec-30 16:45:38.0000,  1.444650402355559E+08,  4.097255528286706E+08, -6.814574333478600E+06,
2451179.198356481, A.D. 1998-Dec-31 16:45:38.0000,  1.430511673753044E+08,  4.104076419342568E+08, -6.824024608572274E+06,
2451180.198356481, A.D. 1999-Jan-01 16:45:38.0000,  1.416355688550950E+08,  4.110847793950684E+08, -6.833392552701265E+06,
2451181.198356481, A.D. 1999-Jan-02 16:45:38.0000,  1.402182638233444E+08,  4.117569630753505E+08, -6.842678152550131E+06,
2451182.198356481, A.D. 1999-Jan-03 16:45:38.0000,  1.387992714083228E+08,  4.124241909207570E+08, -6.851881396125078E+06,
2451183.198356481, A.D. 1999-Jan-04 16:45:38.0000,  1.373786107177876E+08,  4.130864609580562E+08, -6.861002272747606E+06,
2451184.198356481, A.D. 1999-Jan-05 16:45:38.0000,  1.359563008386194E+08,  4.137437712948337E+08, -6.870040773048609E+06,
2451185.198356481, A.D. 1999-Jan-06 16:45:38.0000,  1.345323608364612E+08,  4.143961201191935E+08, -6.878996888962001E+06,
2451186.198356481, A.D. 1999-Jan-07 16:45:38.0000,  1.331068097553587E+08,  4.150435056994559E+08, -6.887870613718599E+06,
2451187.198356481, A.D. 1999-Jan-08 16:45:38.0000,  1.316796666174043E+08,  4.156859263838546E+08, -6.896661941840082E+06,
2451188.198356481, A.D. 1999-Jan-09 16:45:38.0000,  1.302509504223831E+08,  4.163233806002301E+08, -6.905370869132549E+06,
2451189.198356481, A.D. 1999-Jan-10 16:45:38.0000,  1.288206801474225E+08,  4.169558668557228E+08, -6.913997392680854E+06,
2451190.198356481, A.D. 1999-Jan-11 16:45:38.0000,  1.273888747466439E+08,  4.175833837364625E+08, -6.922541510841757E+06,
2451191.198356481, A.D. 1999-Jan-12 16:45:38.0000,  1.259555531508178E+08,  4.182059299072576E+08, -6.931003223238468E+06,
2451192.198356481, A.D. 1999-Jan-13 16:45:38.0000,  1.245207342670215E+08,  4.188235041112821E+08, -6.939382530754238E+06,
2451193.198356481, A.D. 1999-Jan-14 16:45:38.0000,  1.230844369782999E+08,  4.194361051697593E+08, -6.947679435525984E+06,
2451194.198356481, A.D. 1999-Jan-15 16:45:38.0000,  1.216466801433298E+08,  4.200437319816474E+08, -6.955893940939099E+06,
2451195.198356481, A.D. 1999-Jan-16 16:45:38.0000,  1.202074825960862E+08,  4.206463835233197E+08, -6.964026051620096E+06,
2451196.198356481, A.D. 1999-Jan-17 16:45:38.0000,  1.187668631455123E+08,  4.212440588482457E+08, -6.972075773431659E+06,
2451197.198356481, A.D. 1999-Jan-18 16:45:38.0000,  1.173248405751927E+08,  4.218367570866700E+08, -6.980043113465995E+06,
2451198.198356481, A.D. 1999-Jan-19 16:45:38.0000,  1.158814336430289E+08,  4.224244774452895E+08, -6.987928080039084E+06,
2451199.198356481, A.D. 1999-Jan-20 16:45:38.0000,  1.144366610809183E+08,  4.230072192069291E+08, -6.995730682684302E+06,
2451200.198356481, A.D. 1999-Jan-21 16:45:38.0000,  1.129905415944363E+08,  4.235849817302166E+08, -7.003450932147145E+06,
2451201.198356481, A.D. 1999-Jan-22 16:45:38.0000,  1.115430938625211E+08,  4.241577644492555E+08, -7.011088840378493E+06,
2451202.198356481, A.D. 1999-Jan-23 16:45:38.0000,  1.100943365371614E+08,  4.247255668732963E+08, -7.018644420529217E+06,
2451203.198356481, A.D. 1999-Jan-24 16:45:38.0000,  1.086442882430881E+08,  4.252883885864067E+08, -7.026117686943978E+06,
2451204.198356481, A.D. 1999-Jan-25 16:45:38.0000,  1.071929675774674E+08,  4.258462292471399E+08, -7.033508655155540E+06,
2451205.198356481, A.D. 1999-Jan-26 16:45:38.0000,  1.057403931095988E+08,  4.263990885882018E+08, -7.040817341879040E+06,
2451206.198356481, A.D. 1999-Jan-27 16:45:38.0000,  1.042865833806146E+08,  4.269469664161154E+08, -7.048043765006125E+06,
2451207.198356481, A.D. 1999-Jan-28 16:45:38.0000,  1.028315569031836E+08,  4.274898626108854E+08, -7.055187943599194E+06,
2451208.198356481, A.D. 1999-Jan-29 16:45:38.0000,  1.013753321612177E+08,  4.280277771256590E+08, -7.062249897886306E+06,
2451209.198356481, A.D. 1999-Jan-30 16:45:38.0000,  9.991792760958141E+07,  4.285607099863861E+08, -7.069229649255335E+06,
2451210.198356481, A.D. 1999-Jan-31 16:45:38.0000,  9.845936167380580E+07,  4.290886612914766E+08, -7.076127220248580E+06,
2451211.198356481, A.D. 1999-Feb-01 16:45:38.0000,  9.699965274980485E+07,  4.296116312114572E+08, -7.082942634558201E+06,
2451212.198356481, A.D. 1999-Feb-02 16:45:38.0000,  9.553881920359652E+07,  4.301296199886231E+08, -7.089675917020649E+06,
2451213.198356481, A.D. 1999-Feb-03 16:45:38.0000,  9.407687937102735E+07,  4.306426279366909E+08, -7.096327093612492E+06,
2451214.198356481, A.D. 1999-Feb-04 16:45:38.0000,  9.261385155750181E+07,  4.311506554404451E+08, -7.102896191445619E+06,
2451215.198356481, A.D. 1999-Feb-05 16:45:38.0000,  9.114975403771621E+07,  4.316537029553858E+08, -7.109383238763362E+06,
2451216.198356481, A.D. 1999-Feb-06 16:45:38.0000,  8.968460505539803E+07,  4.321517710073706E+08, -7.115788264936686E+06,
2451217.198356481, A.D. 1999-Feb-07 16:45:38.0000,  8.821842282305117E+07,  4.326448601922563E+08, -7.122111300461113E+06,
2451218.198356481, A.D. 1999-Feb-08 16:45:38.0000,  8.675122552170761E+07,  4.331329711755359E+08, -7.128352376953840E+06,
2451219.198356481, A.D. 1999-Feb-09 16:45:38.0000,  8.528303130068703E+07,  4.336161046919745E+08, -7.134511527151495E+06,
2451220.198356481, A.D. 1999-Feb-10 16:45:38.0000,  8.381385827736442E+07,  4.340942615452434E+08, -7.140588784908682E+06,
2451221.198356481, A.D. 1999-Feb-11 16:45:38.0000,  8.234372453694727E+07,  4.345674426075516E+08, -7.146584185197175E+06,
2451222.198356481, A.D. 1999-Feb-12 16:45:38.0000,  8.087264813226371E+07,  4.350356488192780E+08, -7.152497764105469E+06,
2451223.198356481, A.D. 1999-Feb-13 16:45:38.0000,  7.940064708356246E+07,  4.354988811886047E+08, -7.158329558839887E+06,
2451224.198356481, A.D. 1999-Feb-14 16:45:38.0000,  7.792773937832563E+07,  4.359571407911519E+08, -7.164079607725173E+06,
2451225.198356481, A.D. 1999-Feb-15 16:45:38.0000,  7.645394297109540E+07,  4.364104287696197E+08, -7.169747950206846E+06,
2451226.198356481, A.D. 1999-Feb-16 16:45:38.0000,  7.497927578331576E+07,  4.368587463334372E+08, -7.175334626852870E+06,
2451227.198356481, A.D. 1999-Feb-17 16:45:38.0000,  7.350375570318592E+07,  4.373020947584224E+08, -7.180839679355681E+06,
2451228.198356481, A.D. 1999-Feb-18 16:45:38.0000,  7.202740058553188E+07,  4.377404753864623E+08, -7.186263150534809E+06,
2451229.198356481, A.D. 1999-Feb-19 16:45:38.0000,  7.055022825168300E+07,  4.381738896252099E+08, -7.191605084336966E+06,
2451230.198356481, A.D. 1999-Feb-20 16:45:38.0000,  6.907225648935764E+07,  4.386023389478070E+08, -7.196865525835127E+06,
2451231.198356481, A.D. 1999-Feb-21 16:45:38.0000,  6.759350305254860E+07,  4.390258248926368E+08, -7.202044521224946E+06,
2451232.198356481, A.D. 1999-Feb-22 16:45:38.0000,  6.611398566140084E+07,  4.394443490631066E+08, -7.207142117817909E+06,
2451233.198356481, A.D. 1999-Feb-23 16:45:38.0000,  6.463372200207181E+07,  4.398579131274617E+08, -7.212158364029676E+06,
2451234.198356481, A.D. 1999-Feb-24 16:45:38.0000,  6.315272972656395E+07,  4.402665188186256E+08, -7.217093309363902E+06,
2451235.198356481, A.D. 1999-Feb-25 16:45:38.0000,  6.167102645252097E+07,  4.406701679340607E+08, -7.221947004390121E+06,
2451236.198356481, A.D. 1999-Feb-26 16:45:38.0000,  6.018862976297693E+07,  4.410688623356382E+08, -7.226719500717223E+06,
2451237.198356481, A.D. 1999-Feb-27 16:45:38.0000,  5.870555720605578E+07,  4.414626039495008E+08, -7.231410850961953E+06,
2451238.198356481, A.D. 1999-Feb-28 16:45:38.0000,  5.722182629462314E+07,  4.418513947659047E+08, -7.236021108714849E+06,
2451239.198356481, A.D. 1999-Mar-01 16:45:38.0000,  5.573745450589462E+07,  4.422352368390237E+08, -7.240550328504860E+06,
2451240.198356481, A.D. 1999-Mar-02 16:45:38.0000,  5.425245928101354E+07,  4.426141322867017E+08, -7.244998565765172E+06,
2451241.198356481, A.D. 1999-Mar-03 16:45:38.0000,  5.276685802461506E+07,  4.429880832901465E+08, -7.249365876802355E+06,
2451242.198356481, A.D. 1999-Mar-04 16:45:38.0000,  5.128066810439462E+07,  4.433570920935628E+08, -7.253652318770558E+06,
2451243.198356481, A.D. 1999-Mar-05 16:45:38.0000,  4.979390685069843E+07,  4.437211610037299E+08, -7.257857949652344E+06,
2451244.198356481, A.D. 1999-Mar-06 16:45:38.0000,  4.830659155614961E+07,  4.440802923895327E+08, -7.261982828245401E+06,
2451245.198356481, A.D. 1999-Mar-07 16:45:38.0000,  4.681873947531983E+07,  4.444344886814595E+08, -7.266027014157444E+06,
2451246.198356481, A.D. 1999-Mar-08 16:45:38.0000,  4.533036782445102E+07,  4.447837523710832E+08, -7.269990567805171E+06,
2451247.198356481, A.D. 1999-Mar-09 16:45:38.0000,  4.384149378122679E+07,  4.451280860105389E+08, -7.273873550419271E+06,
2451248.198356481, A.D. 1999-Mar-10 16:45:38.0000,  4.235213448458754E+07,  4.454674922120116E+08, -7.277676024051130E+06,
2451249.198356481, A.D. 1999-Mar-11 16:45:38.0000,  4.086230703458192E+07,  4.458019736472383E+08, -7.281398051582754E+06,
2451250.198356481, A.D. 1999-Mar-12 16:45:38.0000,  3.937202849224833E+07,  4.461315330470349E+08, -7.285039696736068E+06,
2451251.198356481, A.D. 1999-Mar-13 16:45:38.0000,  3.788131587951542E+07,  4.464561732008483E+08, -7.288601024082392E+06,
2451252.198356481, A.D. 1999-Mar-14 16:45:38.0000,  3.639018617911553E+07,  4.467758969563323E+08, -7.292082099050820E+06,
2451253.198356481, A.D. 1999-Mar-15 16:45:38.0000,  3.489865633450494E+07,  4.470907072189465E+08, -7.295482987934738E+06,
2451254.198356481, A.D. 1999-Mar-16 16:45:38.0000,  3.340674324978540E+07,  4.474006069515771E+08, -7.298803757897139E+06,
2451255.198356481, A.D. 1999-Mar-17 16:45:38.0000,  3.191446378962453E+07,  4.477055991741741E+08, -7.302044476973623E+06,
2451256.198356481, A.D. 1999-Mar-18 16:45:38.0000,  3.042183477917235E+07,  4.480056869634014E+08, -7.305205214074254E+06,
2451257.198356481, A.D. 1999-Mar-19 16:45:38.0000,  2.892887300397293E+07,  4.483008734523001E+08, -7.308286038983405E+06,
2451258.198356481, A.D. 1999-Mar-20 16:45:38.0000,  2.743559520987088E+07,  4.485911618299580E+08, -7.311287022358775E+06,
2451259.198356481, A.D. 1999-Mar-21 16:45:38.0000,  2.594201810291252E+07,  4.488765553411854E+08, -7.314208235728621E+06,
2451260.198356481, A.D. 1999-Mar-22 16:45:38.0000,  2.444815834924240E+07,  4.491570572861962E+08, -7.317049751488656E+06,
2451261.198356481, A.D. 1999-Mar-23 16:45:38.0000,  2.295403257499547E+07,  4.494326710202899E+08, -7.319811642897576E+06,
2451262.198356481, A.D. 1999-Mar-24 16:45:38.0000,  2.145965736618599E+07,  4.497033999535354E+08, -7.322493984072328E+06,
2451263.198356481, A.D. 1999-Mar-25 16:45:38.0000,  1.996504926859338E+07,  4.499692475504572E+08, -7.325096849982917E+06,
2451264.198356481, A.D. 1999-Mar-26 16:45:38.0000,  1.847022478764631E+07,  4.502302173297193E+08, -7.327620316446662E+06,
2451265.198356481, A.D. 1999-Mar-27 16:45:38.0000,  1.697520038830512E+07,  4.504863128638097E+08, -7.330064460121930E+06,
2451266.198356481, A.D. 1999-Mar-28 16:45:38.0000,  1.547999249494352E+07,  4.507375377787252E+08, -7.332429358502358E+06,
2451267.198356481, A.D. 1999-Mar-29 16:45:38.0000,  1.398461749122994E+07,  4.509838957536540E+08, -7.334715089910120E+06,
2451268.198356481, A.D. 1999-Mar-30 16:45:38.0000,  1.248909172000894E+07,  4.512253905206584E+08, -7.336921733489841E+06,
2451269.198356481, A.D. 1999-Mar-31 16:45:38.0000,  1.099343148318324E+07,  4.514620258643564E+08, -7.339049369201809E+06,
2451270.198356481, A.D. 1999-Apr-01 16:45:38.0000,  9.497653041596387E+06,  4.516938056216024E+08, -7.341098077815413E+06,
2451271.198356481, A.D. 1999-Apr-02 16:45:38.0000,  8.001772614916653E+06,  4.519207336811675E+08, -7.343067940902978E+06,
2451272.198356481, A.D. 1999-Apr-03 16:45:38.0000,  6.505806381522136E+06,  4.521428139834189E+08, -7.344959040832758E+06,
2451273.198356481, A.D. 1999-Apr-04 16:45:38.0000,  5.009770478387360E+06,  4.523600505199983E+08, -7.346771460762680E+06,
2451274.198356481, A.D. 1999-Apr-05 16:45:38.0000,  3.513681000971509E+06,  4.525724473335012E+08, -7.348505284633785E+06,
2451275.198356481, A.D. 1999-Apr-06 16:45:38.0000,  2.017554003108383E+06,  4.527800085171534E+08, -7.350160597163856E+06,
2451276.198356481, A.D. 1999-Apr-07 16:45:38.0000,  5.214054968981798E+05,  4.529827382144904E+08, -7.351737483841032E+06,
2451277.198356481, A.D. 1999-Apr-08 16:45:38.0000, -9.747485473988318E+05,  4.531806406190327E+08, -7.353236030917138E+06,
2451278.198356481, A.D. 1999-Apr-09 16:45:38.0000, -2.470892201466606E+06,  4.533737199739648E+08, -7.354656325401843E+06,
2451279.198356481, A.D. 1999-Apr-10 16:45:38.0000, -3.967009579035792E+06,  4.535619805718111E+08, -7.355998455056220E+06,
2451280.198356481, A.D. 1999-Apr-11 16:45:38.0000, -5.463084835983997E+06,  4.537454267541131E+08, -7.357262508386284E+06,
2451281.198356481, A.D. 1999-Apr-12 16:45:38.0000, -6.959102170434094E+06,  4.539240629111063E+08, -7.358448574637234E+06,
2451282.198356481, A.D. 1999-Apr-13 16:45:38.0000, -8.455045822850453E+06,  4.540978934813979E+08, -7.359556743787289E+06,
2451283.198356481, A.D. 1999-Apr-14 16:45:38.0000, -9.950900076133113E+06,  4.542669229516426E+08, -7.360587106541187E+06,
2451284.198356481, A.D. 1999-Apr-15 16:45:38.0000, -1.144664925570985E+07,  4.544311558562209E+08, -7.361539754324913E+06,
2451285.198356481, A.D. 1999-Apr-16 16:45:38.0000, -1.294227772962622E+07,  4.545905967769157E+08, -7.362414779279053E+06,
2451286.198356481, A.D. 1999-Apr-17 16:45:38.0000, -1.443776990863352E+07,  4.547452503425897E+08, -7.363212274253488E+06,
2451287.198356481, A.D. 1999-Apr-18 16:45:38.0000, -1.593311024627478E+07,  4.548951212288636E+08, -7.363932332801133E+06,
2451288.198356481, A.D. 1999-Apr-19 16:45:38.0000, -1.742828323896787E+07,  4.550402141577931E+08, -7.364575049172550E+06,
2451289.198356481, A.D. 1999-Apr-20 16:45:38.0000, -1.892327342608852E+07,  4.551805338975465E+08, -7.365140518309951E+06,
2451290.198356481, A.D. 1999-Apr-21 16:45:38.0000, -2.041806539004904E+07,  4.553160852620832E+08, -7.365628835841626E+06,
2451291.198356481, A.D. 1999-Apr-22 16:45:38.0000, -2.191264375637621E+07,  4.554468731108308E+08, -7.366040098076522E+06,
2451292.198356481, A.D. 1999-Apr-23 16:45:38.0000, -2.340699319378685E+07,  4.555729023483638E+08, -7.366374401998848E+06,
2451293.198356481, A.D. 1999-Apr-24 16:45:38.0000, -2.490109841426114E+07,  4.556941779240807E+08, -7.366631845262259E+06,
2451294.198356481, A.D. 1999-Apr-25 16:45:38.0000, -2.639494417311402E+07,  4.558107048318820E+08, -7.366812526185185E+06,
2451295.198356481, A.D. 1999-Apr-26 16:45:38.0000, -2.788851526906424E+07,  4.559224881098471E+08, -7.366916543745190E+06,
2451296.198356481, A.D. 1999-Apr-27 16:45:38.0000, -2.938179654430119E+07,  4.560295328399124E+08, -7.366943997574389E+06,
2451297.198356481, A.D. 1999-Apr-28 16:45:38.0000, -3.087477288454951E+07,  4.561318441475469E+08, -7.366894987954021E+06,
2451298.198356481, A.D. 1999-Apr-29 16:45:38.0000, -3.236742921913083E+07,  4.562294272014288E+08, -7.366769615810573E+06,
2451299.198356481, A.D. 1999-Apr-30 16:45:38.0000, -3.385975052102353E+07,  4.563222872131211E+08, -7.366567982710600E+06,
2451300.198356481, A.D. 1999-May-01 16:45:38.0000, -3.535172180691914E+07,  4.564104294367456E+08, -7.366290190856755E+06,
2451301.198356481, A.D. 1999-May-02 16:45:38.0000, -3.684332813727573E+07,  4.564938591686575E+08, -7.365936343083918E+06,
2451302.198356481, A.D. 1999-May-03 16:45:38.0000, -3.833455461636804E+07,  4.565725817471167E+08, -7.365506542855471E+06,
2451303.198356481, A.D. 1999-May-04 16:45:38.0000, -3.982538639233370E+07,  4.566466025519599E+08, -7.365000894260108E+06,
2451304.198356481, A.D. 1999-May-05 16:45:38.0000, -4.131580865721505E+07,  4.567159270042706E+08, -7.364419502008796E+06,
2451305.198356481, A.D. 1999-May-06 16:45:38.0000, -4.280580664699614E+07,  4.567805605660474E+08, -7.363762471432805E+06,
2451306.198356481, A.D. 1999-May-07 16:45:38.0000, -4.429536564163391E+07,  4.568405087398722E+08, -7.363029908481419E+06,
2451307.198356481, A.D. 1999-May-08 16:45:38.0000, -4.578447096508306E+07,  4.568957770685759E+08, -7.362221919721186E+06,
2451308.198356481, A.D. 1999-May-09 16:45:38.0000, -4.727310798531326E+07,  4.569463711349045E+08, -7.361338612335056E+06,
2451309.198356481, A.D. 1999-May-10 16:45:38.0000, -4.876126211431786E+07,  4.569922965611856E+08, -7.360380094122678E+06,
2451310.198356481, A.D. 1999-May-11 16:45:38.0000, -5.024891880811296E+07,  4.570335590089938E+08, -7.359346473501533E+06,
2451311.198356481, A.D. 1999-May-12 16:45:38.0000, -5.173606356672540E+07,  4.570701641788212E+08, -7.358237859508157E+06,
2451312.198356481, A.D. 1999-May-13 16:45:38.0000, -5.322268193416890E+07,  4.571021178097501E+08, -7.357054361801028E+06,
2451313.198356481, A.D. 1999-May-14 16:45:38.0000, -5.470875949840733E+07,  4.571294256791329E+08, -7.355796090663224E+06,
2451314.198356481, A.D. 1999-May-15 16:45:38.0000, -5.619428189130391E+07,  4.571520936022816E+08, -7.354463157005847E+06,
2451315.198356481, A.D. 1999-May-16 16:45:38.0000, -5.767923478855884E+07,  4.571701274321716E+08, -7.353055672371507E+06,
2451316.198356481, A.D. 1999-May-17 16:45:38.0000, -5.916360390963362E+07,  4.571835330591614E+08, -7.351573748937041E+06,
2451317.198356481, A.D. 1999-May-18 16:45:38.0000, -6.064737501766602E+07,  4.571923164107358E+08, -7.350017499516070E+06,
2451318.198356481, A.D. 1999-May-19 16:45:38.0000, -6.213053391938106E+07,  4.571964834512749E+08, -7.348387037558854E+06,
2451319.198356481, A.D. 1999-May-20 16:45:38.0000, -6.361306646500248E+07,  4.571960401818528E+08, -7.346682477150053E+06,
2451320.198356481, A.D. 1999-May-21 16:45:38.0000, -6.509495854817279E+07,  4.571909926400693E+08, -7.344903933002919E+06,
2451321.198356481, A.D. 1999-May-22 16:45:38.0000, -6.657619610589301E+07,  4.571813468999130E+08, -7.343051520449370E+06,
2451322.198356481, A.D. 1999-May-23 16:45:38.0000, -6.805676511848947E+07,  4.571671090716513E+08, -7.341125355424702E+06,
2451323.198356481, A.D. 1999-May-24 16:45:38.0000, -6.953665160962234E+07,  4.571482853017443E+08, -7.339125554447025E+06,
2451324.198356481, A.D. 1999-May-25 16:45:38.0000, -7.101584164633906E+07,  4.571248817727647E+08, -7.337052234591931E+06,
2451325.198356481, A.D. 1999-May-26 16:45:38.0000, -7.249432133917902E+07,  4.570969047033153E+08, -7.334905513462543E+06,
2451326.198356481, A.D. 1999-May-27 16:45:38.0000, -7.397207684232812E+07,  4.570643603479232E+08, -7.332685509156734E+06,
2451327.198356481, A.D. 1999-May-28 16:45:38.0000, -7.544909435381715E+07,  4.570272549968992E+08, -7.330392340233713E+06,
2451328.198356481, A.D. 1999-May-29 16:45:38.0000, -7.692536011575176E+07,  4.569855949761449E+08, -7.328026125681102E+06,
2451329.198356481, A.D. 1999-May-30 16:45:38.0000, -7.840086041455443E+07,  4.569393866469026E+08, -7.325586984886259E+06,
2451330.198356481, A.D. 1999-May-31 16:45:38.0000, -7.987558158120561E+07,  4.568886364054474E+08, -7.323075037612259E+06,
2451331.198356481, A.D. 1999-Jun-01 16:45:38.0000, -8.134950999146217E+07,  4.568333506827214E+08, -7.320490403979957E+06,
2451332.198356481, A.D. 1999-Jun-02 16:45:38.0000, -8.282263206604056E+07,  4.567735359439255E+08, -7.317833204457819E+06,
2451333.198356481, A.D. 1999-Jun-03 16:45:38.0000, -8.429493427075547E+07,  4.567091986880801E+08, -7.315103559857816E+06,
2451334.198356481, A.D. 1999-Jun-04 16:45:38.0000, -8.576640311660956E+07,  4.566403454475687E+08, -7.312301591336846E+06,
2451335.198356481, A.D. 1999-Jun-05 16:45:38.0000, -8.723702515983522E+07,  4.565669827876811E+08, -7.309427420403063E+06,
2451336.198356481, A.D. 1999-Jun-06 16:45:38.0000, -8.870678700189361E+07,  4.564891173061656E+08, -7.306481168925226E+06,
2451337.198356481, A.D. 1999-Jun-07 16:45:38.0000, -9.017567528943799E+07,  4.564067556328008E+08, -7.303462959143966E+06,
2451338.198356481, A.D. 1999-Jun-08 16:45:38.0000, -9.164367671425001E+07,  4.563199044289898E+08, -7.300372913682997E+06,
2451339.198356481, A.D. 1999-Jun-09 16:45:38.0000, -9.311077801315723E+07,  4.562285703873818E+08, -7.297211155560583E+06,
2451340.198356481, A.D. 1999-Jun-10 16:45:38.0000, -9.457696596793938E+07,  4.561327602315186E+08, -7.293977808199495E+06,
2451341.198356481, A.D. 1999-Jun-11 16:45:38.0000, -9.604222740522955E+07,  4.560324807155065E+08, -7.290672995435804E+06,
2451342.198356481, A.D. 1999-Jun-12 16:45:38.0000, -9.750654919641478E+07,  4.559277386237077E+08, -7.287296841525406E+06,
2451343.198356481, A.D. 1999-Jun-13 16:45:38.0000, -9.896991825753976E+07,  4.558185407704523E+08, -7.283849471149564E+06,
2451344.198356481, A.D. 1999-Jun-14 16:45:38.0000, -1.004323215492152E+08,  4.557048939997630E+08, -7.280331009418279E+06,
2451345.198356481, A.D. 1999-Jun-15 16:45:38.0000, -1.018937460765322E+08,  4.555868051850924E+08, -7.276741581872165E+06,
2451346.198356481, A.D. 1999-Jun-16 16:45:38.0000, -1.033541788889839E+08,  4.554642812290700E+08, -7.273081314483166E+06,
2451347.198356481, A.D. 1999-Jun-17 16:45:38.0000, -1.048136070803922E+08,  4.553373290632554E+08, -7.269350333654165E+06,
2451348.198356481, A.D. 1999-Jun-18 16:45:38.0000, -1.062720177888417E+08,  4.552059556478962E+08, -7.265548766217440E+06,
2451349.198356481, A.D. 1999-Jun-19 16:45:38.0000, -1.077293981966183E+08,  4.550701679716901E+08, -7.261676739432365E+06,
2451350.198356481, A.D. 1999-Jun-20 16:45:38.0000, -1.091857355301529E+08,  4.549299730515497E+08, -7.257734380982995E+06,
2451351.198356481, A.D. 1999-Jun-21 16:45:38.0000, -1.106410170599686E+08,  4.547853779323679E+08, -7.253721818974286E+06,
2451352.198356481, A.D. 1999-Jun-22 16:45:38.0000, -1.120952301006315E+08,  4.546363896867846E+08, -7.249639181928694E+06,
2451353.198356481, A.D. 1999-Jun-23 16:45:38.0000, -1.135483620107045E+08,  4.544830154149549E+08, -7.245486598782301E+06,
2451354.198356481, A.D. 1999-Jun-24 16:45:38.0000, -1.150004001927019E+08,  4.543252622443165E+08, -7.241264198880613E+06,
2451355.198356481, A.D. 1999-Jun-25 16:45:38.0000, -1.164513320930471E+08,  4.541631373293577E+08, -7.236972111974061E+06,
2451356.198356481, A.D. 1999-Jun-26 16:45:38.0000, -1.179011452020304E+08,  4.539966478513855E+08, -7.232610468214214E+06,
2451357.198356481, A.D. 1999-Jun-27 16:45:38.0000, -1.193498270537678E+08,  4.538258010182942E+08, -7.228179398148805E+06,
2451358.198356481, A.D. 1999-Jun-28 16:45:38.0000, -1.207973652261600E+08,  4.536506040643327E+08, -7.223679032717705E+06,
2451359.198356481, A.D. 1999-Jun-29 16:45:38.0000, -1.222437473408524E+08,  4.534710642498739E+08, -7.219109503248304E+06,
2451360.198356481, A.D. 1999-Jun-30 16:45:38.0000, -1.236889610631938E+08,  4.532871888611825E+08, -7.214470941451252E+06,
2451361.198356481, A.D. 1999-Jul-01 16:45:38.0000, -1.251329941021957E+08,  4.530989852101839E+08, -7.209763479415894E+06,
2451362.198356481, A.D. 1999-Jul-02 16:45:38.0000, -1.265758342104914E+08,  4.529064606342338E+08, -7.204987249606282E+06,
2451363.198356481, A.D. 1999-Jul-03 16:45:38.0000, -1.280174691842937E+08,  4.527096224958866E+08, -7.200142384856552E+06,
2451364.198356481, A.D. 1999-Jul-04 16:45:38.0000, -1.294578868633529E+08,  4.525084781826665E+08, -7.195229018366873E+06,
2451365.198356481, A.D. 1999-Jul-05 16:45:38.0000, -1.308970751309137E+08,  4.523030351068366E+08, -7.190247283699214E+06,
2451366.198356481, A.D. 1999-Jul-06 16:45:38.0000, -1.323350219136722E+08,  4.520933007051712E+08, -7.185197314773262E+06,
2451367.198356481, A.D. 1999-Jul-07 16:45:38.0000, -1.337717151817303E+08,  4.518792824387260E+08, -7.180079245862216E+06,
2451368.198356481, A.D. 1999-Jul-08 16:45:38.0000, -1.352071429485517E+08,  4.516609877926113E+08, -7.174893211589038E+06,
2451369.198356481, A.D. 1999-Jul-09 16:45:38.0000, -1.366412932709157E+08,  4.514384242757645E+08, -7.169639346922100E+06,
2451370.198356481, A.D. 1999-Jul-10 16:45:38.0000, -1.380741542488706E+08,  4.512115994207232E+08, -7.164317787171632E+06,
2451371.198356481, A.D. 1999-Jul-11 16:45:38.0000, -1.395057140256861E+08,  4.509805207834004E+08, -7.158928667985559E+06,
2451372.198356481, A.D. 1999-Jul-12 16:45:38.0000, -1.409359607878055E+08,  4.507451959428589E+08, -7.153472125346005E+06,
2451373.198356481, A.D. 1999-Jul-13 16:45:38.0000, -1.423648827647965E+08,  4.505056325010871E+08, -7.147948295565099E+06,
2451374.198356481, A.D. 1999-Jul-14 16:45:38.0000, -1.437924682293015E+08,  4.502618380827754E+08, -7.142357315281689E+06,
2451375.198356481, A.D. 1999-Jul-15 16:45:38.0000, -1.452187054969875E+08,  4.500138203350937E+08, -7.136699321457565E+06,
2451376.198356481, A.D. 1999-Jul-16 16:45:38.0000, -1.466435829264945E+08,  4.497615869274691E+08, -7.130974451373667E+06,
2451377.198356481, A.D. 1999-Jul-17 16:45:38.0000, -1.480670889193839E+08,  4.495051455513645E+08, -7.125182842626810E+06,
2451378.198356481, A.D. 1999-Jul-18 16:45:38.0000, -1.494892119200855E+08,  4.492445039200573E+08, -7.119324633126080E+06,
2451379.198356481, A.D. 1999-Jul-19 16:45:38.0000, -1.509099404158446E+08,  4.489796697684200E+08, -7.113399961089432E+06,
2451380.198356481, A.D. 1999-Jul-20 16:45:38.0000, -1.523292629366673E+08,  4.487106508526996E+08, -7.107408965040505E+06,
2451381.198356481, A.D. 1999-Jul-21 16:45:38.0000, -1.537471680552658E+08,  4.484374549502986E+08, -7.101351783805221E+06,
2451382.198356481, A.D. 1999-Jul-22 16:45:38.0000, -1.551636443870029E+08,  4.481600898595558E+08, -7.095228556508690E+06,
2451383.198356481, A.D. 1999-Jul-23 16:45:38.0000, -1.565786805898351E+08,  4.478785633995277E+08, -7.089039422572315E+06,
2451384.198356481, A.D. 1999-Jul-24 16:45:38.0000, -1.579922653642552E+08,  4.475928834097695E+08, -7.082784521710664E+06,
2451385.198356481, A.D. 1999-Jul-25 16:45:38.0000, -1.594043874532340E+08,  4.473030577501169E+08, -7.076463993929029E+06,
2451386.198356481, A.D. 1999-Jul-26 16:45:38.0000, -1.608150356421602E+08,  4.470090943004667E+08, -7.070077979520589E+06,
2451387.198356481, A.D. 1999-Jul-27 16:45:38.0000, -1.622241987587799E+08,  4.467110009605581E+08, -7.063626619063973E+06,
2451388.198356481, A.D. 1999-Jul-28 16:45:38.0000, -1.636318656731342E+08,  4.464087856497525E+08, -7.057110053421497E+06,
2451389.198356481, A.D. 1999-Jul-29 16:45:38.0000, -1.650380252974946E+08,  4.461024563068143E+08, -7.050528423736811E+06,
2451390.198356481, A.D. 1999-Jul-30 16:45:38.0000, -1.664426665862972E+08,  4.457920208896891E+08, -7.043881871433645E+06,
2451391.198356481, A.D. 1999-Jul-31 16:45:38.0000, -1.678457785360737E+08,  4.454774873752826E+08, -7.037170538214475E+06,
2451392.198356481, A.D. 1999-Aug-01 16:45:38.0000, -1.692473501853798E+08,  4.451588637592371E+08, -7.030394566059619E+06,
2451393.198356481, A.D. 1999-Aug-02 16:45:38.0000, -1.706473706147193E+08,  4.448361580557083E+08, -7.023554097227186E+06,
2451394.198356481, A.D. 1999-Aug-03 16:45:38.0000, -1.720458289464651E+08,  4.445093782971408E+08, -7.016649274253070E+06,
2451395.198356481, A.D. 1999-Aug-04 16:45:38.0000, -1.734427143447737E+08,  4.441785325340418E+08, -7.009680239951611E+06,
2451396.198356481, A.D. 1999-Aug-05 16:45:38.0000, -1.748380160154943E+08,  4.438436288347566E+08, -7.002647137417614E+06,
2451397.198356481, A.D. 1999-Aug-06 16:45:38.0000, -1.762317232060706E+08,  4.435046752852420E+08, -6.995550110027611E+06,
2451398.198356481, A.D. 1999-Aug-07 16:45:38.0000, -1.776238252054335E+08,  4.431616799888428E+08, -6.988389301443785E+06,
2451399.198356481, A.D. 1999-Aug-08 16:45:38.0000, -1.790143113438851E+08,  4.428146510660697E+08, -6.981164855616689E+06,
2451400.198356481, A.D. 1999-Aug-09 16:45:38.0000, -1.804031709929714E+08,  4.424635966543825E+08, -6.973876916790366E+06,
2451401.198356481, A.D. 1999-Aug-10 16:45:38.0000, -1.817903935653434E+08,  4.421085249079797E+08, -6.966525629506588E+06,
2451402.198356481, A.D. 1999-Aug-11 16:45:38.0000, -1.831759685146068E+08,  4.417494439975979E+08, -6.959111138610363E+06,
2451403.198356481, A.D. 1999-Aug-12 16:45:38.0000, -1.845598853351587E+08,  4.413863621103260E+08, -6.951633589255273E+06,
2451404.198356481, A.D. 1999-Aug-13 16:45:38.0000, -1.859421335620150E+08,  4.410192874494351E+08, -6.944093126908302E+06,
2451405.198356481, A.D. 1999-Aug-14 16:45:38.0000, -1.873227027706288E+08,  4.406482282342335E+08, -6.936489897353470E+06,
2451406.198356481, A.D. 1999-Aug-15 16:45:38.0000, -1.887015825767066E+08,  4.402731926999459E+08, -6.928824046694040E+06,
2451407.198356481, A.D. 1999-Aug-16 16:45:38.0000, -1.900787626360252E+08,  4.398941890976238E+08, -6.921095721352160E+06,
2451408.198356481, A.D. 1999-Aug-17 16:45:38.0000, -1.914542326442607E+08,  4.395112256940889E+08, -6.913305068064094E+06,
2451409.198356481, A.D. 1999-Aug-18 16:45:38.0000, -1.928279823368372E+08,  4.391243107719069E+08, -6.905452233872384E+06,
2451410.198356481, A.D. 1999-Aug-19 16:45:38.0000, -1.942000014888066E+08,  4.387334526293897E+08, -6.897537366112113E+06,
2451411.198356481, A.D. 1999-Aug-20 16:45:38.0000, -1.955702799147675E+08,  4.383386595806192E+08, -6.889560612391859E+06,
2451412.198356481, A.D. 1999-Aug-21 16:45:38.0000, -1.969388074688336E+08,  4.379399399554795E+08, -6.881522120569944E+06,
2451413.198356481, A.D. 1999-Aug-22 16:45:38.0000, -1.983055740446546E+08,  4.375373020996833E+08, -6.873422038726151E+06,
2451414.198356481, A.D. 1999-Aug-23 16:45:38.0000, -1.996705695754875E+08,  4.371307543747771E+08, -6.865260515130609E+06,
2451415.198356481, A.D. 1999-Aug-24 16:45:38.0000, -2.010337840343123E+08,  4.367203051581095E+08, -6.857037698212087E+06,
2451416.198356481, A.D. 1999-Aug-25 16:45:38.0000, -2.023952074339796E+08,  4.363059628427474E+08, -6.848753736526668E+06,
2451417.198356481, A.D. 1999-Aug-26 16:45:38.0000, -2.037548298273739E+08,  4.358877358373360E+08, -6.840408778731048E+06,
2451418.198356481, A.D. 1999-Aug-27 16:45:38.0000, -2.051126413075735E+08,  4.354656325658977E+08, -6.832002973560125E+06,
2451419.198356481, A.D. 1999-Aug-28 16:45:38.0000, -2.064686320079893E+08,  4.350396614675785E+08, -6.823536469811410E+06,
2451420.198356481, A.D. 1999-Aug-29 16:45:38.0000, -2.078227921024697E+08,  4.346098309963480E+08, -6.815009416335881E+06,
2451421.198356481, A.D. 1999-Aug-30 16:45:38.0000, -2.091751118053625E+08,  4.341761496206707E+08, -6.806421962036461E+06,
2451422.198356481, A.D. 1999-Aug-31 16:45:38.0000, -2.105255813715276E+08,  4.337386258231597E+08, -6.797774255870670E+06,
2451423.198356481, A.D. 1999-Sep-01 16:45:38.0000, -2.118741910963042E+08,  4.332972681002304E+08, -6.789066446858972E+06,
2451424.198356481, A.D. 1999-Sep-02 16:45:38.0000, -2.132209313154353E+08,  4.328520849617657E+08, -6.780298684095591E+06,
2451425.198356481, A.D. 1999-Sep-03 16:45:38.0000, -2.145657924049598E+08,  4.324030849307959E+08, -6.771471116761327E+06,
2451426.198356481, A.D. 1999-Sep-04 16:45:38.0000, -2.159087647810772E+08,  4.319502765432062E+08, -6.762583894136667E+06,
2451427.198356481, A.D. 1999-Sep-05 16:45:38.0000, -2.172498388999955E+08,  4.314936683474684E+08, -6.753637165614307E+06,
2451428.198356481, A.D. 1999-Sep-06 16:45:38.0000, -2.185890052577697E+08,  4.310332689043985E+08, -6.744631080710888E+06,
2451429.198356481, A.D. 1999-Sep-07 16:45:38.0000, -2.199262543901359E+08,  4.305690867869384E+08, -6.735565789077044E+06,
2451430.198356481, A.D. 1999-Sep-08 16:45:38.0000, -2.212615768723462E+08,  4.301011305799586E+08, -6.726441440505594E+06,
2451431.198356481, A.D. 1999-Sep-09 16:45:38.0000, -2.225949633190081E+08,  4.296294088800791E+08, -6.717258184938371E+06,
2451432.198356481, A.D. 1999-Sep-10 16:45:38.0000, -2.239264043839295E+08,  4.291539302955041E+08, -6.708016172470897E+06,
2451433.198356481, A.D. 1999-Sep-11 16:45:38.0000, -2.252558907599714E+08,  4.286747034458692E+08, -6.698715553355753E+06,
2451434.198356481, A.D. 1999-Sep-12 16:45:38.0000, -2.265834131789078E+08,  4.281917369620968E+08, -6.689356478004962E+06,
2451435.198356481, A.D. 1999-Sep-13 16:45:38.0000, -2.279089624112934E+08,  4.277050394862580E+08, -6.679939096990526E+06,
2451436.198356481, A.D. 1999-Sep-14 16:45:38.0000, -2.292325292663382E+08,  4.272146196714401E+08, -6.670463561044514E+06,
2451437.198356481, A.D. 1999-Sep-15 16:45:38.0000, -2.305541045917886E+08,  4.267204861816161E+08, -6.660930021058202E+06,
2451438.198356481, A.D. 1999-Sep-16 16:45:38.0000, -2.318736792738144E+08,  4.262226476915178E+08, -6.651338628080755E+06,
2451439.198356481, A.D. 1999-Sep-17 16:45:38.0000, -2.331912442369004E+08,  4.257211128865083E+08, -6.641689533317059E+06,
2451440.198356481, A.D. 1999-Sep-18 16:45:38.0000, -2.345067904437425E+08,  4.252158904624578E+08, -6.631982888125658E+06,
2451441.198356481, A.D. 1999-Sep-19 16:45:38.0000, -2.358203088951481E+08,  4.247069891256174E+08, -6.622218844015956E+06,
2451442.198356481, A.D. 1999-Sep-20 16:45:38.0000, -2.371317906299384E+08,  4.241944175924940E+08, -6.612397552645594E+06,
2451443.198356481, A.D. 1999-Sep-21 16:45:38.0000, -2.384412267248542E+08,  4.236781845897253E+08, -6.602519165817350E+06,
2451444.198356481, A.D. 1999-Sep-22 16:45:38.0000, -2.397486082944633E+08,  4.231582988539541E+08, -6.592583835476190E+06,
2451445.198356481, A.D. 1999-Sep-23 16:45:38.0000, -2.410539264910703E+08,  4.226347691317027E+08, -6.582591713706255E+06,
2451446.198356481, A.D. 1999-Sep-24 16:45:38.0000, -2.423571725046266E+08,  4.221076041792464E+08, -6.572542952727467E+06,
2451447.198356481, A.D. 1999-Sep-25 16:45:38.0000, -2.436583375626428E+08,  4.215768127624879E+08, -6.562437704892695E+06,
2451448.198356481, A.D. 1999-Sep-26 16:45:38.0000, -2.449574129301017E+08,  4.210424036568310E+08, -6.552276122684419E+06,
2451449.198356481, A.D. 1999-Sep-27 16:45:38.0000, -2.462543899093713E+08,  4.205043856470536E+08, -6.542058358711869E+06,
2451450.198356481, A.D. 1999-Sep-28 16:45:38.0000, -2.475492598401195E+08,  4.199627675271822E+08, -6.531784565707535E+06,
2451451.198356481, A.D. 1999-Sep-29 16:45:38.0000, -2.488420140992285E+08,  4.194175581003644E+08, -6.521454896524519E+06,
2451452.198356481, A.D. 1999-Sep-30 16:45:38.0000, -2.501326441007099E+08,  4.188687661787434E+08, -6.511069504133284E+06,
2451453.198356481, A.D. 1999-Oct-01 16:45:38.0000, -2.514211412956201E+08,  4.183164005833316E+08, -6.500628541618973E+06,
2451454.198356481, A.D. 1999-Oct-02 16:45:38.0000, -2.527074971719758E+08,  4.177604701438848E+08, -6.490132162177980E+06,
2451455.198356481, A.D. 1999-Oct-03 16:45:38.0000, -2.539917032546698E+08,  4.172009836987760E+08, -6.479580519115597E+06,
2451456.198356481, A.D. 1999-Oct-04 16:45:38.0000, -2.552737511053872E+08,  4.166379500948707E+08, -6.468973765843004E+06,
2451457.198356481, A.D. 1999-Oct-05 16:45:38.0000, -2.565536323225214E+08,  4.160713781874006E+08, -6.458312055874228E+06,
2451458.198356481, A.D. 1999-Oct-06 16:45:38.0000, -2.578313385410901E+08,  4.155012768398402E+08, -6.447595542823762E+06,
2451459.198356481, A.D. 1999-Oct-07 16:45:38.0000, -2.591068614326521E+08,  4.149276549237810E+08, -6.436824380403697E+06,
2451460.198356481, A.D. 1999-Oct-08 16:45:38.0000, -2.603801927052234E+08,  4.143505213188079E+08, -6.425998722420931E+06,
2451461.198356481, A.D. 1999-Oct-09 16:45:38.0000, -2.616513241031940E+08,  4.137698849123751E+08, -6.415118722774833E+06,
2451462.198356481, A.D. 1999-Oct-10 16:45:38.0000, -2.629202474072446E+08,  4.131857545996827E+08, -6.404184535454512E+06,
2451463.198356481, A.D. 1999-Oct-11 16:45:38.0000, -2.641869544342633E+08,  4.125981392835533E+08, -6.393196314536214E+06,
2451464.198356481, A.D. 1999-Oct-12 16:45:38.0000, -2.654514370372625E+08,  4.120070478743089E+08, -6.382154214180946E+06,
2451465.198356481, A.D. 1999-Oct-13 16:45:38.0000, -2.667136871052959E+08,  4.114124892896484E+08, -6.371058388632089E+06,
2451466.198356481, A.D. 1999-Oct-14 16:45:38.0000, -2.679736965633757E+08,  4.108144724545245E+08, -6.359908992213190E+06,
2451467.198356481, A.D. 1999-Oct-15 16:45:38.0000, -2.692314573723892E+08,  4.102130063010213E+08, -6.348706179324985E+06,
2451468.198356481, A.D. 1999-Oct-16 16:45:38.0000, -2.704869615290169E+08,  4.096080997682322E+08, -6.337450104444176E+06,
2451469.198356481, A.D. 1999-Oct-17 16:45:38.0000, -2.717402010656489E+08,  4.089997618021370E+08, -6.326140922120482E+06,
2451470.198356481, A.D. 1999-Oct-18 16:45:38.0000, -2.729911680503025E+08,  4.083880013554792E+08, -6.314778786974937E+06,
2451471.198356481, A.D. 1999-Oct-19 16:45:38.0000, -2.742398545865392E+08,  4.077728273876435E+08, -6.303363853698045E+06,
2451472.198356481, A.D. 1999-Oct-20 16:45:38.0000, -2.754862528133817E+08,  4.071542488645322E+08, -6.291896277047545E+06,
2451473.198356481, A.D. 1999-Oct-21 16:45:38.0000, -2.767303549052304E+08,  4.065322747584413E+08, -6.280376211847186E+06,
2451474.198356481, A.D. 1999-Oct-22 16:45:38.0000, -2.779721530717802E+08,  4.059069140479369E+08, -6.268803812984884E+06,
2451475.198356481, A.D. 1999-Oct-23 16:45:38.0000, -2.792116395579357E+08,  4.052781757177292E+08, -6.257179235411704E+06,
2451476.198356481, A.D. 1999-Oct-24 16:45:38.0000, -2.804488066437264E+08,  4.046460687585469E+08, -6.245502634140372E+06,
2451477.198356481, A.D. 1999-Oct-25 16:45:38.0000, -2.816836466442211E+08,  4.040106021670099E+08, -6.233774164244920E+06,
2451478.198356481, A.D. 1999-Oct-26 16:45:38.0000, -2.829161519094392E+08,  4.033717849455009E+08, -6.221993980859667E+06,
2451479.198356481, A.D. 1999-Oct-27 16:45:38.0000, -2.841463148242623E+08,  4.027296261020355E+08, -6.210162239179492E+06,
2451480.198356481, A.D. 1999-Oct-28 16:45:38.0000, -2.853741278083426E+08,  4.020841346501312E+08, -6.198279094459891E+06,
2451481.198356481, A.D. 1999-Oct-29 16:45:38.0000, -2.865995833160077E+08,  4.014353196086742E+08, -6.186344702017546E+06,
2451482.198356481, A.D. 1999-Oct-30 16:45:38.0000, -2.878226738361626E+08,  4.007831900017854E+08, -6.174359217231989E+06,
2451483.198356481, A.D. 1999-Oct-31 16:45:38.0000, -2.890433918921867E+08,  4.001277548586854E+08, -6.162322795547187E+06,
2451484.198356481, A.D. 1999-Nov-01 16:45:38.0000, -2.902617300418251E+08,  3.994690232135574E+08, -6.150235592473894E+06,
2451485.198356481, A.D. 1999-Nov-02 16:45:38.0000, -2.914776808770739E+08,  3.988070041054114E+08, -6.138097763593316E+06,
2451486.198356481, A.D. 1999-Nov-03 16:45:38.0000, -2.926912370240563E+08,  3.981417065779479E+08, -6.125909464560658E+06,
2451487.198356481, A.D. 1999-Nov-04 16:45:38.0000, -2.939023911428912E+08,  3.974731396794249E+08, -6.113670851110131E+06,
2451488.198356481, A.D. 1999-Nov-05 16:45:38.0000, -2.951111359275506E+08,  3.968013124625272E+08, -6.101382079060018E+06,
2451489.198356481, A.D. 1999-Nov-06 16:45:38.0000, -2.963174641057060E+08,  3.961262339842449E+08, -6.089043304318994E+06,
2451490.198356481, A.D. 1999-Nov-07 16:45:38.0000, -2.975213684385640E+08,  3.954479133057580E+08, -6.076654682892054E+06,
2451491.198356481, A.D. 1999-Nov-08 16:45:38.0000, -2.987228417206898E+08,  3.947663594923370E+08, -6.064216370887011E+06,
2451492.198356481, A.D. 1999-Nov-09 16:45:38.0000, -2.999218767798214E+08,  3.940815816132601E+08, -6.051728524520278E+06,
2451493.198356481, A.D. 1999-Nov-10 16:45:38.0000, -3.011184664766765E+08,  3.933935887417516E+08, -6.039191300121784E+06,
2451494.198356481, A.D. 1999-Nov-11 16:45:38.0000, -3.023126037047536E+08,  3.927023899549468E+08, -6.026604854137957E+06,
2451495.198356481, A.D. 1999-Nov-12 16:45:38.0000, -3.035042813901436E+08,  3.920079943338886E+08, -6.013969343131989E+06,
2451496.198356481, A.D. 1999-Nov-13 16:45:38.0000, -3.046934924913445E+08,  3.913104109635520E+08, -6.001284923781008E+06,
2451497.198356481, A.D. 1999-Nov-14 16:45:38.0000, -3.058802299991018E+08,  3.906096489329036E+08, -5.988551752867848E+06,
2451498.198356481, A.D. 1999-Nov-15 16:45:38.0000, -3.070644869362788E+08,  3.899057173349855E+08, -5.975769987269163E+06,
2451499.198356481, A.D. 1999-Nov-16 16:45:38.0000, -3.082462563577688E+08,  3.891986252670214E+08, -5.962939783936888E+06,
2451500.198356481, A.D. 1999-Nov-17 16:45:38.0000, -3.094255313504564E+08,  3.884883818305292E+08, -5.950061299875468E+06,
2451501.198356481, A.D. 1999-Nov-18 16:45:38.0000, -3.106023050332300E+08,  3.877749961314273E+08, -5.937134692114592E+06,
2451502.198356481, A.D. 1999-Nov-19 16:45:38.0000, -3.117765705570472E+08,  3.870584772801191E+08, -5.924160117678881E+06,
2451503.198356481, A.D. 1999-Nov-20 16:45:38.0000, -3.129483211050440E+08,  3.863388343915384E+08, -5.911137733557433E+06,
2451504.198356481, A.D. 1999-Nov-21 16:45:38.0000, -3.141175498926784E+08,  3.856160765851424E+08, -5.898067696673691E+06,
2451505.198356481, A.D. 1999-Nov-22 16:45:38.0000, -3.152842501678820E+08,  3.848902129848485E+08, -5.884950163859665E+06,
2451506.198356481, A.D. 1999-Nov-23 16:45:38.0000, -3.164484152112162E+08,  3.841612527189098E+08, -5.871785291835189E+06,
2451507.198356481, A.D. 1999-Nov-24 16:45:38.0000, -3.176100383360043E+08,  3.834292049197343E+08, -5.858573237193197E+06,
2451508.198356481, A.D. 1999-Nov-25 16:45:38.0000, -3.187691128884284E+08,  3.826940787236626E+08, -5.845314156392485E+06,
2451509.198356481, A.D. 1999-Nov-26 16:45:38.0000, -3.199256322475848E+08,  3.819558832707129E+08, -5.832008205756634E+06,
2451510.198356481, A.D. 1999-Nov-27 16:45:38.0000, -3.210795898254894E+08,  3.812146277043110E+08, -5.818655541478604E+06,
2451511.198356481, A.D. 1999-Nov-28 16:45:38.0000, -3.222309790670388E+08,  3.804703211710191E+08, -5.805256319630355E+06,
2451512.198356481, A.D. 1999-Nov-29 16:45:38.0000, -3.233797934499301E+08,  3.797229728202730E+08, -5.791810696174204E+06,
2451513.198356481, A.D. 1999-Nov-30 16:45:38.0000, -3.245260264845458E+08,  3.789725918041409E+08, -5.778318826977566E+06,
2451514.198356481, A.D. 1999-Dec-01 16:45:38.0000, -3.256696717138152E+08,  3.782191872771019E+08, -5.764780867826626E+06,
2451515.198356481, A.D. 1999-Dec-02 16:45:38.0000, -3.268107227130576E+08,  3.774627683958516E+08, -5.751196974440187E+06,
2451516.198356481, A.D. 1999-Dec-03 16:45:38.0000, -3.279491730898164E+08,  3.767033443191335E+08, -5.737567302482799E+06,
2451517.198356481, A.D. 1999-Dec-04 16:45:38.0000, -3.290850164836901E+08,  3.759409242075927E+08, -5.723892007575378E+06,
2451518.198356481, A.D. 1999-Dec-05 16:45:38.0000, -3.302182465661642E+08,  3.751755172236502E+08, -5.710171245304883E+06,
2451519.198356481, A.D. 1999-Dec-06 16:45:38.0000, -3.313488570404473E+08,  3.744071325313953E+08, -5.696405171232074E+06,
2451520.198356481, A.D. 1999-Dec-07 16:45:38.0000, -3.324768416413139E+08,  3.736357792964898E+08, -5.682593940897509E+06,
2451521.198356481, A.D. 1999-Dec-08 16:45:38.0000, -3.336021941349542E+08,  3.728614666860865E+08, -5.668737709825933E+06,
2451522.198356481, A.D. 1999-Dec-09 16:45:38.0000, -3.347249083188322E+08,  3.720842038687529E+08, -5.654836633529499E+06,
2451523.198356481, A.D. 1999-Dec-10 16:45:38.0000, -3.358449780215514E+08,  3.713040000144019E+08, -5.640890867510006E+06,
2451524.198356481, A.D. 1999-Dec-11 16:45:38.0000, -3.369623971027272E+08,  3.705208642942276E+08, -5.626900567259714E+06,
2451525.198356481, A.D. 1999-Dec-12 16:45:38.0000, -3.380771594528667E+08,  3.697348058806428E+08, -5.612865888261989E+06,
2451526.198356481, A.D. 1999-Dec-13 16:45:38.0000, -3.391892589932538E+08,  3.689458339472184E+08, -5.598786985990986E+06,
2451527.198356481, A.D. 1999-Dec-14 16:45:38.0000, -3.402986896758397E+08,  3.681539576686236E+08, -5.584664015910774E+06,
2451528.198356481, A.D. 1999-Dec-15 16:45:38.0000, -3.414054454831380E+08,  3.673591862205671E+08, -5.570497133474305E+06,
2451529.198356481, A.D. 1999-Dec-16 16:45:38.0000, -3.425095204281232E+08,  3.665615287797366E+08, -5.556286494122222E+06,
2451530.198356481, A.D. 1999-Dec-17 16:45:38.0000, -3.436109085541328E+08,  3.657609945237396E+08, -5.542032253281012E+06,
2451531.198356481, A.D. 1999-Dec-18 16:45:38.0000, -3.447096039347715E+08,  3.649575926310428E+08, -5.527734566361487E+06,
2451532.198356481, A.D. 1999-Dec-19 16:45:38.0000, -3.458056006738192E+08,  3.641513322809108E+08, -5.513393588757053E+06,
2451533.198356481, A.D. 1999-Dec-20 16:45:38.0000, -3.468988929051385E+08,  3.633422226533446E+08, -5.499009475841776E+06,
2451534.198356481, A.D. 1999-Dec-21 16:45:38.0000, -3.479894747925856E+08,  3.625302729290190E+08, -5.484582382968500E+06,
2451535.198356481, A.D. 1999-Dec-22 16:45:38.0000, -3.490773405299214E+08,  3.617154922892199E+08, -5.470112465467185E+06,
2451536.198356481, A.D. 1999-Dec-23 16:45:38.0000, -3.501624843407248E+08,  3.608978899157807E+08, -5.455599878642946E+06,
2451537.198356481, A.D. 1999-Dec-24 16:45:38.0000, -3.512449004783055E+08,  3.600774749910184E+08, -5.441044777774200E+06,
2451538.198356481, A.D. 1999-Dec-25 16:45:38.0000, -3.523245832256181E+08,  3.592542566976695E+08, -5.426447318111077E+06,
2451539.198356481, A.D. 1999-Dec-26 16:45:38.0000, -3.534015268951774E+08,  3.584282442188253E+08, -5.411807654873595E+06,
2451540.198356481, A.D. 1999-Dec-27 16:45:38.0000, -3.544757258289728E+08,  3.575994467378668E+08, -5.397125943250030E+06,
2451541.198356481, A.D. 1999-Dec-28 16:45:38.0000, -3.555471743983841E+08,  3.567678734384000E+08, -5.382402338395268E+06,
2451542.198356481, A.D. 1999-Dec-29 16:45:38.0000, -3.566158670040979E+08,  3.559335335041907E+08, -5.367636995429203E+06,
2451543.198356481, A.D. 1999-Dec-30 16:45:38.0000, -3.576817980760229E+08,  3.550964361190993E+08, -5.352830069435433E+06,
