JDTDB,Calendar Date (TDB),X,Y,Z,
2451240.300451389, A.D. 1999-Mar-02 19:12:39.0000,  7.974164878780036E+07, -3.510722939190511E+08,  1.957748610498516E+07,
2451241.300451389, A.D. 1999-Mar-03 19:12:39.0000,  8.125358572375573E+07, -3.505827081941710E+08,  1.955338345748363E+07,
2451242.300451389, A.D. 1999-Mar-04 19:12:39.0000,  8.276380262798776E+07, -3.500857030149322E+08,  1.952886698496246E+07,
2451243.300451389, A.D. 1999-Mar-05 19:12:39.0000,  8.427226550095069E+07, -3.495812802044382E+08,  1.950393672033809E+07,
2451244.300451389, A.D. 1999-Mar-06 19:12:39.0000,  8.577894029157741E+07, -3.490694417118248E+08,  1.947859270359354E+07,
2451245.300451389, A.D. 1999-Mar-07 19:12:39.0000,  8.728379289725934E+07, -3.485501896130916E+08,  1.945283498181523E+07,
2451246.300451389, A.D. 1999-Mar-08 19:12:39.0000,  8.878678916387865E+07, -3.480235261119534E+08,  1.942666360922435E+07,
2451247.300451389, A.D. 1999-Mar-09 19:12:39.0000,  9.028789488589153E+07, -3.474894535406973E+08,  1.940007864720409E+07,
2451248.300451389, A.D. 1999-Mar-10 19:12:39.0000,  9.178707580645746E+07, -3.469479743610363E+08,  1.937308016432443E+07,
2451249.300451389, A.D. 1999-Mar-11 19:12:39.0000,  9.328429761760530E+07, -3.463990911649504E+08,  1.934566823636515E+07,
2451250.300451389, A.D. 1999-Mar-12 19:12:39.0000,  9.477952596043190E+07, -3.458428066755083E+08,  1.931784294633904E+07,
2451251.300451389, A.D. 1999-Mar-13 19:12:39.0000,  9.627272642532066E+07, -3.452791237476686E+08,  1.928960438451569E+07,
2451252.300451389, A.D. 1999-Mar-14 19:12:39.0000,  9.776386455217521E+07, -3.447080453690639E+08,  1.926095264844666E+07,
2451253.300451389, A.D. 1999-Mar-15 19:12:39.0000,  9.925290583066171E+07, -3.441295746607637E+08,  1.923188784299278E+07,
2451254.300451389, A.D. 1999-Mar-16 19:12:39.0000,  1.007398157004551E+08, -3.435437148780244E+08,  1.920241008035283E+07,
2451255.300451389, A.D. 1999-Mar-17 19:12:39.0000,  1.022245595514864E+08, -3.429504694110262E+08,  1.917251948009497E+07,
2451256.300451389, A.D. 1999-Mar-18 19:12:39.0000,  1.037071027241888E+08, -3.423498417856027E+08,  1.914221616918975E+07,
2451257.300451389, A.D. 1999-Mar-19 19:12:39.0000,  1.051874105097421E+08, -3.417418356639632E+08,  1.911150028204474E+07,
2451258.300451389, A.D. 1999-Mar-20 19:12:39.0000,  1.066654481503150E+08, -3.411264548454137E+08,  1.908037196054114E+07,
2451259.300451389, A.D. 1999-Mar-21 19:12:39.0000,  1.081411808393046E+08, -3.405037032670765E+08,  1.904883135407171E+07,
2451260.300451389, A.D. 1999-Mar-22 19:12:39.0000,  1.096145737215754E+08, -3.398735850046113E+08,  1.901687861957967E+07,
2451261.300451389, A.D. 1999-Mar-23 19:12:39.0000,  1.110855918936970E+08, -3.392361042729379E+08,  1.898451392159902E+07,
2451262.300451389, A.D. 1999-Mar-24 19:12:39.0000,  1.125542004041818E+08, -3.385912654269645E+08,  1.895173743229549E+07,
2451263.300451389, A.D. 1999-Mar-25 19:12:39.0000,  1.140203642537234E+08, -3.379390729623180E+08,  1.891854933150834E+07,
2451264.300451389, A.D. 1999-Mar-26 19:12:39.0000,  1.154840483954372E+08, -3.372795315160820E+08,  1.888494980679287E+07,
2451265.300451389, A.D. 1999-Mar-27 19:12:39.0000,  1.169452177351030E+08, -3.366126458675379E+08,  1.885093905346330E+07,
2451266.300451389, A.D. 1999-Mar-28 19:12:39.0000,  1.184038371314099E+08, -3.359384209389125E+08,  1.881651727463625E+07,
2451267.300451389, A.D. 1999-Mar-29 19:12:39.0000,  1.198598713962066E+08, -3.352568617961328E+08,  1.878168468127491E+07,
2451268.300451389, A.D. 1999-Mar-30 19:12:39.0000,  1.213132852947536E+08, -3.345679736495841E+08,  1.874644149223274E+07,
2451269.300451389, A.D. 1999-Mar-31 19:12:39.0000,  1.227640435459823E+08, -3.338717618548759E+08,  1.871078793429853E+07,
2451270.300451389, A.D. 1999-Apr-01 19:12:39.0000,  1.242121108227572E+08, -3.331682319136131E+08,  1.867472424224122E+07,
2451271.300451389, A.D. 1999-Apr-02 19:12:39.0000,  1.256574517521448E+08, -3.324573894741729E+08,  1.863825065885478E+07,
2451272.300451389, A.D. 1999-Apr-03 19:12:39.0000,  1.271000309156879E+08, -3.317392403324872E+08,  1.860136743500388E+07,
2451273.300451389, A.D. 1999-Apr-04 19:12:39.0000,  1.285398128496853E+08, -3.310137904328315E+08,  1.856407482966954E+07,
2451274.300451389, A.D. 1999-Apr-05 19:12:39.0000,  1.299767620454786E+08, -3.302810458686180E+08,  1.852637310999487E+07,
2451275.300451389, A.D. 1999-Apr-06 19:12:39.0000,  1.314108429497449E+08, -3.295410128831956E+08,  1.848826255133133E+07,
2451276.300451389, A.D. 1999-Apr-07 19:12:39.0000,  1.328420199647964E+08, -3.287936978706544E+08,  1.844974343728514E+07,
2451277.300451389, A.D. 1999-Apr-08 19:12:39.0000,  1.342702574488865E+08, -3.280391073766355E+08,  1.841081605976370E+07,
2451278.300451389, A.D. 1999-Apr-09 19:12:39.0000,  1.356955197165232E+08, -3.272772480991464E+08,  1.837148071902247E+07,
2451279.300451389, A.D. 1999-Apr-10 19:12:39.0000,  1.371177710387899E+08, -3.265081268893811E+08,  1.833173772371197E+07,
2451280.300451389, A.D. 1999-Apr-11 19:12:39.0000,  1.385369756436721E+08, -3.257317507525461E+08,  1.829158739092511E+07,
2451281.300451389, A.D. 1999-Apr-12 19:12:39.0000,  1.399530977163930E+08, -3.249481268486899E+08,  1.825103004624432E+07,
2451282.300451389, A.D. 1999-Apr-13 19:12:39.0000,  1.413661013997559E+08, -3.241572624935391E+08,  1.821006602378969E+07,
2451283.300451389, A.D. 1999-Apr-14 19:12:39.0000,  1.427759507944942E+08, -3.233591651593387E+08,  1.816869566626626E+07,
2451284.300451389, A.D. 1999-Apr-15 19:12:39.0000,  1.441826099596288E+08, -3.225538424756970E+08,  1.812691932501265E+07,
2451285.300451389, A.D. 1999-Apr-16 19:12:39.0000,  1.455860429128340E+08, -3.217413022304354E+08,  1.808473736004888E+07,
2451286.300451389, A.D. 1999-Apr-17 19:12:39.0000,  1.469862136308107E+08, -3.209215523704435E+08,  1.804215014012511E+07,
2451287.300451389, A.D. 1999-Apr-18 19:12:39.0000,  1.483830860496678E+08, -3.200946010025390E+08,  1.799915804277025E+07,
2451288.300451389, A.D. 1999-Apr-19 19:12:39.0000,  1.497766240653116E+08, -3.192604563943313E+08,  1.795576145434077E+07,
2451289.300451389, A.D. 1999-Apr-20 19:12:39.0000,  1.511667915338433E+08, -3.184191269750910E+08,  1.791196077006982E+07,
2451290.300451389, A.D. 1999-Apr-21 19:12:39.0000,  1.525535522719656E+08, -3.175706213366241E+08,  1.786775639411649E+07,
2451291.300451389, A.D. 1999-Apr-22 19:12:39.0000,  1.539368700573961E+08, -3.167149482341497E+08,  1.782314873961508E+07,
2451292.300451389, A.D. 1999-Apr-23 19:12:39.0000,  1.553167086292908E+08, -3.158521165871844E+08,  1.777813822872490E+07,
2451293.300451389, A.D. 1999-Apr-24 19:12:39.0000,  1.566930316886759E+08, -3.149821354804300E+08,  1.773272529267956E+07,
2451294.300451389, A.D. 1999-Apr-25 19:12:39.0000,  1.580658028988873E+08, -3.141050141646668E+08,  1.768691037183744E+07,
2451295.300451389, A.D. 1999-Apr-26 19:12:39.0000,  1.594349858860207E+08, -3.132207620576515E+08,  1.764069391573113E+07,
2451296.300451389, A.D. 1999-Apr-27 19:12:39.0000,  1.608005442393894E+08, -3.123293887450199E+08,  1.759407638311757E+07,
2451297.300451389, A.D. 1999-Apr-28 19:12:39.0000,  1.621624415119928E+08, -3.114309039811958E+08,  1.754705824202849E+07,
2451298.300451389, A.D. 1999-Apr-29 19:12:39.0000,  1.635206412209933E+08, -3.105253176903030E+08,  1.749963996982031E+07,
2451299.300451389, A.D. 1999-Apr-30 19:12:39.0000,  1.648751068482038E+08, -3.096126399670846E+08,  1.745182205322435E+07,
2451300.300451389, A.D. 1999-May-01 19:12:39.0000,  1.662258018405850E+08, -3.086928810778258E+08,  1.740360498839712E+07,
2451301.300451389, A.D. 1999-May-02 19:12:39.0000,  1.675726896107537E+08, -3.077660514612839E+08,  1.735498928097042E+07,
2451302.300451389, A.D. 1999-May-03 19:12:39.0000,  1.689157335375015E+08, -3.068321617296221E+08,  1.730597544610137E+07,
2451303.300451389, A.D. 1999-May-04 19:12:39.0000,  1.702548969663258E+08, -3.058912226693504E+08,  1.725656400852211E+07,
2451304.300451389, A.D. 1999-May-05 19:12:39.0000,  1.715901432099727E+08, -3.049432452422704E+08,  1.720675550258964E+07,
2451305.300451389, A.D. 1999-May-06 19:12:39.0000,  1.729214355489925E+08, -3.039882405864275E+08,  1.715655047233512E+07,
2451306.300451389, A.D. 1999-May-07 19:12:39.0000,  1.742487372323095E+08, -3.030262200170669E+08,  1.710594947151285E+07,
2451307.300451389, A.D. 1999-May-08 19:12:39.0000,  1.755720114778063E+08, -3.020571950275962E+08,  1.705495306364889E+07,
2451308.300451389, A.D. 1999-May-09 19:12:39.0000,  1.768912214729242E+08, -3.010811772905517E+08,  1.700356182208946E+07,
2451309.300451389, A.D. 1999-May-10 19:12:39.0000,  1.782063303752805E+08, -3.000981786585687E+08,  1.695177633004823E+07,
2451310.300451389, A.D. 1999-May-11 19:12:39.0000,  1.795173013133041E+08, -2.991082111653555E+08,  1.689959718065351E+07,
2451311.300451389, A.D. 1999-May-12 19:12:39.0000,  1.808240973868910E+08, -2.981112870266681E+08,  1.684702497699505E+07,
2451312.300451389, A.D. 1999-May-13 19:12:39.0000,  1.821266816680809E+08, -2.971074186412849E+08,  1.679406033216983E+07,
2451313.300451389, A.D. 1999-May-14 19:12:39.0000,  1.834250172017547E+08, -2.960966185919785E+08,  1.674070386932793E+07,
2451314.300451389, A.D. 1999-May-15 19:12:39.0000,  1.847190670063565E+08, -2.950788996464807E+08,  1.668695622171800E+07,
2451315.300451389, A.D. 1999-May-16 19:12:39.0000,  1.860087940746346E+08, -2.940542747584371E+08,  1.663281803273295E+07,
2451316.300451389, A.D. 1999-May-17 19:12:39.0000,  1.872941613744061E+08, -2.930227570683498E+08,  1.657828995595647E+07,
2451317.300451389, A.D. 1999-May-18 19:12:39.0000,  1.885751318493397E+08, -2.919843599044980E+08,  1.652337265521051E+07,
2451318.300451389, A.D. 1999-May-19 19:12:39.0000,  1.898516684197512E+08, -2.909390967838373E+08,  1.646806680460490E+07,
2451319.300451389, A.D. 1999-May-20 19:12:39.0000,  1.911237339834067E+08, -2.898869814128722E+08,  1.641237308858997E+07,
2451320.300451389, A.D. 1999-May-21 19:12:39.0000,  1.923912914163277E+08, -2.888280276884992E+08,  1.635629220201258E+07,
2451321.300451389, A.D. 1999-May-22 19:12:39.0000,  1.936543035735845E+08, -2.877622496988221E+08,  1.629982485017733E+07,
2451322.300451389, A.D. 1999-May-23 19:12:39.0000,  1.949127332900703E+08, -2.866896617239433E+08,  1.624297174891232E+07,
2451323.300451389, A.D. 1999-May-24 19:12:39.0000,  1.961665433812441E+08, -2.856102782367371E+08,  1.618573362464073E+07,
2451324.300451389, A.D. 1999-May-25 19:12:39.0000,  1.974156966438387E+08, -2.845241139036204E+08,  1.612811121445787E+07,
2451325.300451389, A.D. 1999-May-26 19:12:39.0000,  1.986601558565257E+08, -2.834311835853311E+08,  1.607010526621199E+07,
2451326.300451389, A.D. 1999-May-27 19:12:39.0000,  1.998998837805432E+08, -2.823315023377336E+08,  1.601171653858836E+07,
2451327.300451389, A.D. 1999-May-28 19:12:39.0000,  2.011348431602903E+08, -2.812250854126647E+08,  1.595294580119418E+07,
2451328.300451389, A.D. 1999-May-29 19:12:39.0000,  2.023649967239020E+08, -2.801119482588351E+08,  1.589379383464207E+07,
2451329.300451389, A.D. 1999-May-30 19:12:39.0000,  2.035903071838258E+08, -2.789921065227900E+08,  1.583426143063019E+07,
2451330.300451389, A.D. 1999-May-31 19:12:39.0000,  2.048107372374102E+08, -2.778655760499328E+08,  1.577434939201719E+07,
2451331.300451389, A.D. 1999-Jun-01 19:12:39.0000,  2.060262495675300E+08, -2.767323728856052E+08,  1.571405853289054E+07,
2451332.300451389, A.D. 1999-Jun-02 19:12:39.0000,  2.072368068432585E+08, -2.755925132762129E+08,  1.565338967862877E+07,
2451333.300451389, A.D. 1999-Jun-03 19:12:39.0000,  2.084423717205963E+08, -2.744460136703823E+08,  1.559234366595635E+07,
2451334.300451389, A.D. 1999-Jun-04 19:12:39.0000,  2.096429068432602E+08, -2.732928907201344E+08,  1.553092134299350E+07,
2451335.300451389, A.D. 1999-Jun-05 19:12:39.0000,  2.108383748435318E+08, -2.721331612820619E+08,  1.546912356930201E+07,
2451336.300451389, A.D. 1999-Jun-06 19:12:39.0000,  2.120287383431593E+08, -2.709668424184952E+08,  1.540695121592742E+07,
2451337.300451389, A.D. 1999-Jun-07 19:12:39.0000,  2.132139599543074E+08, -2.697939513986531E+08,  1.534440516544047E+07,
2451338.300451389, A.D. 1999-Jun-08 19:12:39.0000,  2.143940022805421E+08, -2.686145056997703E+08,  1.528148631197758E+07,
2451339.300451389, A.D. 1999-Jun-09 19:12:39.0000,  2.155688279178490E+08, -2.674285230081999E+08,  1.521819556128229E+07,
2451340.300451389, A.D. 1999-Jun-10 19:12:39.0000,  2.167383994556727E+08, -2.662360212204930E+08,  1.515453383074765E+07,
2451341.300451389, A.D. 1999-Jun-11 19:12:39.0000,  2.179026794779729E+08, -2.650370184444544E+08,  1.509050204946044E+07,
2451342.300451389, A.D. 1999-Jun-12 19:12:39.0000,  2.190616305642933E+08, -2.638315330001798E+08,  1.502610115824711E+07,
2451343.300451389, A.D. 1999-Jun-13 19:12:39.0000,  2.202152152908403E+08, -2.626195834210755E+08,  1.496133210972114E+07,
2451344.300451389, A.D. 1999-Jun-14 19:12:39.0000,  2.213633962315687E+08, -2.614011884548660E+08,  1.489619586833274E+07,
2451345.300451389, A.D. 1999-Jun-15 19:12:39.0000,  2.225061359592741E+08, -2.601763670645891E+08,  1.483069341041960E+07,
2451346.300451389, A.D. 1999-Jun-16 19:12:39.0000,  2.236433970466918E+08, -2.589451384295856E+08,  1.476482572425909E+07,
2451347.300451389, A.D. 1999-Jun-17 19:12:39.0000,  2.247751420676027E+08, -2.577075219464808E+08,  1.469859381012176E+07,
2451348.300451389, A.D. 1999-Jun-18 19:12:39.0000,  2.259013335979456E+08, -2.564635372301630E+08,  1.463199868032558E+07,
2451349.300451389, A.D. 1999-Jun-19 19:12:39.0000,  2.270219342169383E+08, -2.552132041147596E+08,  1.456504135929115E+07,
2451350.300451389, A.D. 1999-Jun-20 19:12:39.0000,  2.281369065082068E+08, -2.539565426546094E+08,  1.449772288359736E+07,
2451351.300451389, A.D. 1999-Jun-21 19:12:39.0000,  2.292462130609243E+08, -2.526935731252360E+08,  1.443004430203751E+07,
2451352.300451389, A.D. 1999-Jun-22 19:12:39.0000,  2.303498164709609E+08, -2.514243160243185E+08,  1.436200667567608E+07,
2451353.300451389, A.D. 1999-Jun-23 19:12:39.0000,  2.314476793420444E+08, -2.501487920726623E+08,  1.429361107790515E+07,
2451354.300451389, A.D. 1999-Jun-24 19:12:39.0000,  2.325397642869321E+08, -2.488670222151698E+08,  1.422485859450161E+07,
2451355.300451389, A.D. 1999-Jun-25 19:12:39.0000,  2.336260339285966E+08, -2.475790276218100E+08,  1.415575032368416E+07,
2451356.300451389, A.D. 1999-Jun-26 19:12:39.0000,  2.347064509014233E+08, -2.462848296885880E+08,  1.408628737617043E+07,
2451357.300451389, A.D. 1999-Jun-27 19:12:39.0000,  2.357809778524219E+08, -2.449844500385134E+08,  1.401647087523395E+07,
2451358.300451389, A.D. 1999-Jun-28 19:12:39.0000,  2.368495774424520E+08, -2.436779105225685E+08,  1.394630195676126E+07,
2451359.300451389, A.D. 1999-Jun-29 19:12:39.0000,  2.379122123474629E+08, -2.423652332206749E+08,  1.387578176930906E+07,
2451360.300451389, A.D. 1999-Jun-30 19:12:39.0000,  2.389688452597475E+08, -2.410464404426589E+08,  1.380491147416088E+07,
2451361.300451389, A.D. 1999-Jul-01 19:12:39.0000,  2.400194388892123E+08, -2.397215547292161E+08,  1.373369224538404E+07,
2451362.300451389, A.D. 1999-Jul-02 19:12:39.0000,  2.410639559646611E+08, -2.383905988528731E+08,  1.366212526988620E+07,
2451363.300451389, A.D. 1999-Jul-03 19:12:39.0000,  2.421023592350955E+08, -2.370535958189489E+08,  1.359021174747209E+07,
2451364.300451389, A.D. 1999-Jul-04 19:12:39.0000,  2.431346114710298E+08, -2.357105688665120E+08,  1.351795289089961E+07,
2451365.300451389, A.D. 1999-Jul-05 19:12:39.0000,  2.441606754658227E+08, -2.343615414693376E+08,  1.344534992593637E+07,
2451366.300451389, A.D. 1999-Jul-06 19:12:39.0000,  2.451805140370238E+08, -2.330065373368600E+08,  1.337240409141542E+07,
2451367.300451389, A.D. 1999-Jul-07 19:12:39.0000,  2.461940900277374E+08, -2.316455804151235E+08,  1.329911663929138E+07,
2451368.300451389, A.D. 1999-Jul-08 19:12:39.0000,  2.472013663080016E+08, -2.302786948877296E+08,  1.322548883469595E+07,
2451369.300451389, A.D. 1999-Jul-09 19:12:39.0000,  2.482023057761842E+08, -2.289059051767817E+08,  1.315152195599347E+07,
2451370.300451389, A.D. 1999-Jul-10 19:12:39.0000,  2.491968713603946E+08, -2.275272359438249E+08,  1.307721729483616E+07,
2451371.300451389, A.D. 1999-Jul-11 19:12:39.0000,  2.501850260199129E+08, -2.261427120907841E+08,  1.300257615621918E+07,
2451372.300451389, A.D. 1999-Jul-12 19:12:39.0000,  2.511667327466351E+08, -2.247523587608966E+08,  1.292759985853535E+07,
2451373.300451389, A.D. 1999-Jul-13 19:12:39.0000,  2.521419545665353E+08, -2.233562013396414E+08,  1.285228973362994E+07,
2451374.300451389, A.D. 1999-Jul-14 19:12:39.0000,  2.531106545411451E+08, -2.219542654556641E+08,  1.277664712685488E+07,
2451375.300451389, A.D. 1999-Jul-15 19:12:39.0000,  2.540727957690489E+08, -2.205465769816976E+08,  1.270067339712280E+07,
2451376.300451389, A.D. 1999-Jul-16 19:12:39.0000,  2.550283413873973E+08, -2.191331620354783E+08,  1.262436991696095E+07,
2451377.300451389, A.D. 1999-Jul-17 19:12:39.0000,  2.559772545734375E+08, -2.177140469806568E+08,  1.254773807256469E+07,
2451378.300451389, A.D. 1999-Jul-18 19:12:39.0000,  2.569194985460603E+08, -2.162892584277045E+08,  1.247077926385058E+07,
2451379.300451389, A.D. 1999-Jul-19 19:12:39.0000,  2.578550365673653E+08, -2.148588232348155E+08,  1.239349490450954E+07,
2451380.300451389, A.D. 1999-Jul-20 19:12:39.0000,  2.587838319442424E+08, -2.134227685088021E+08,  1.231588642205927E+07,
2451381.300451389, A.D. 1999-Jul-21 19:12:39.0000,  2.597058480299720E+08, -2.119811216059858E+08,  1.223795525789639E+07,
2451382.300451389, A.D. 1999-Jul-22 19:12:39.0000,  2.606210482258424E+08, -2.105339101330835E+08,  1.215970286734847E+07,
2451383.300451389, A.D. 1999-Jul-23 19:12:39.0000,  2.615293959827845E+08, -2.090811619480866E+08,  1.208113071972534E+07,
2451384.300451389, A.D. 1999-Jul-24 19:12:39.0000,  2.624308548030253E+08, -2.076229051611360E+08,  1.200224029837019E+07,
2451385.300451389, A.D. 1999-Jul-25 19:12:39.0000,  2.633253882417591E+08, -2.061591681353905E+08,  1.192303310071003E+07,
2451386.300451389, A.D. 1999-Jul-26 19:12:39.0000,  2.642129599088364E+08, -2.046899794878896E+08,  1.184351063830580E+07,
2451387.300451389, A.D. 1999-Jul-27 19:12:39.0000,  2.650935334704727E+08, -2.032153680904111E+08,  1.176367443690177E+07,
2451388.300451389, A.D. 1999-Jul-28 19:12:39.0000,  2.659670726509747E+08, -2.017353630703214E+08,  1.168352603647462E+07,
2451389.300451389, A.D. 1999-Jul-29 19:12:39.0000,  2.668335412344865E+08, -2.002499938114212E+08,  1.160306699128153E+07,
2451390.300451389, A.D. 1999-Jul-30 19:12:39.0000,  2.676929030667550E+08, -1.987592899547842E+08,  1.152229886990789E+07,
2451391.300451389, A.D. 1999-Jul-31 19:12:39.0000,  2.685451220569154E+08, -1.972632813995899E+08,  1.144122325531395E+07,
2451392.300451389, A.D. 1999-Aug-01 19:12:39.0000,  2.693901621792974E+08, -1.957619983039502E+08,  1.135984174488095E+07,
2451393.300451389, A.D. 1999-Aug-02 19:12:39.0000,  2.702279874752522E+08, -1.942554710857287E+08,  1.127815595045603E+07,
2451394.300451389, A.D. 1999-Aug-03 19:12:39.0000,  2.710585620550017E+08, -1.927437304233539E+08,  1.119616749839645E+07,
2451395.300451389, A.D. 1999-Aug-04 19:12:39.0000,  2.718818500995116E+08, -1.912268072566243E+08,  1.111387802961238E+07,
2451396.300451389, A.D. 1999-Aug-05 19:12:39.0000,  2.726978158623869E+08, -1.897047327875063E+08,  1.103128919960895E+07,
2451397.300451389, A.D. 1999-Aug-06 19:12:39.0000,  2.735064236717930E+08, -1.881775384809216E+08,  1.094840267852672E+07,
2451398.300451389, A.D. 1999-Aug-07 19:12:39.0000,  2.743076379324045E+08, -1.866452560655263E+08,  1.086522015118129E+07,
2451399.300451389, A.D. 1999-Aug-08 19:12:39.0000,  2.751014231273794E+08, -1.851079175344767E+08,  1.078174331710126E+07,
2451400.300451389, A.D. 1999-Aug-09 19:12:39.0000,  2.758877438203637E+08, -1.835655551461809E+08,  1.069797389056525E+07,
2451401.300451389, A.D. 1999-Aug-10 19:12:39.0000,  2.766665646575245E+08, -1.820182014250343E+08,  1.061391360063767E+07,
2451402.300451389, A.D. 1999-Aug-11 19:12:39.0000,  2.774378503696137E+08, -1.804658891621347E+08,  1.052956419120375E+07,
2451403.300451389, A.D. 1999-Aug-12 19:12:39.0000,  2.782015657740610E+08, -1.789086514159722E+08,  1.044492742100377E+07,
2451404.300451389, A.D. 1999-Aug-13 19:12:39.0000,  2.789576757770954E+08, -1.773465215130914E+08,  1.036000506366733E+07,
2451405.300451389, A.D. 1999-Aug-14 19:12:39.0000,  2.797061453758928E+08, -1.757795330487192E+08,  1.027479890774813E+07,
2451406.300451389, A.D. 1999-Aug-15 19:12:39.0000,  2.804469396607431E+08, -1.742077198873548E+08,  1.018931075675975E+07,
2451407.300451389, A.D. 1999-Aug-16 19:12:39.0000,  2.811800238172334E+08, -1.726311161633178E+08,  1.010354242921368E+07,
2451408.300451389, A.D. 1999-Aug-17 19:12:39.0000,  2.819053631284383E+08, -1.710497562812527E+08,  1.001749575866047E+07,
2451409.300451389, A.D. 1999-Aug-18 19:12:39.0000,  2.826229229771046E+08, -1.694636749165882E+08,  9.931172593734175E+06,
2451410.300451389, A.D. 1999-Aug-19 19:12:39.0000,  2.833326688478240E+08, -1.678729070159597E+08,  9.844574798201635E+06,
2451411.300451389, A.D. 1999-Aug-20 19:12:39.0000,  2.840345663291835E+08, -1.662774877975960E+08,  9.757704251016103E+06,
2451412.300451389, A.D. 1999-Aug-21 19:12:39.0000,  2.847285811158821E+08, -1.646774527516888E+08,  9.670562846375264E+06,
2451413.300451389, A.D. 1999-Aug-22 19:12:39.0000,  2.854146790108151E+08, -1.630728376407536E+08,  9.583152493782647E+06,
2451414.300451389, A.D. 1999-Aug-23 19:12:39.0000,  2.860928259271256E+08, -1.614636785000018E+08,  9.495475118110903E+06,
2451415.300451389, A.D. 1999-Aug-24 19:12:39.0000,  2.867629878902293E+08, -1.598500116377368E+08,  9.407532659664795E+06,
2451416.300451389, A.D. 1999-Aug-25 19:12:39.0000,  2.874251310398292E+08, -1.582318736357884E+08,  9.319327074242391E+06,
2451417.300451389, A.D. 1999-Aug-26 19:12:39.0000,  2.880792216319319E+08, -1.566093013499911E+08,  9.230860333191209E+06,
2451418.300451389, A.D. 1999-Aug-27 19:12:39.0000,  2.887252260408894E+08, -1.549823319107058E+08,  9.142134423458397E+06,
2451419.300451389, A.D. 1999-Aug-28 19:12:39.0000,  2.893631107614793E+08, -1.533510027233807E+08,  9.053151347633570E+06,
2451420.300451389, A.D. 1999-Aug-29 19:12:39.0000,  2.899928424110392E+08, -1.517153514691386E+08,  8.963913123983741E+06,
2451421.300451389, A.D. 1999-Aug-30 19:12:39.0000,  2.906143877316630E+08, -1.500754161053789E+08,  8.874421786481023E+06,
2451422.300451389, A.D. 1999-Aug-31 19:12:39.0000,  2.912277135924625E+08, -1.484312348663769E+08,  8.784679384823501E+06,
2451423.300451389, A.D. 1999-Sep-01 19:12:39.0000,  2.918327869918939E+08, -1.467828462638645E+08,  8.694687984451100E+06,
2451424.300451389, A.D. 1999-Sep-02 19:12:39.0000,  2.924295750601430E+08, -1.451302890875851E+08,  8.604449666557424E+06,
2451425.300451389, A.D. 1999-Sep-03 19:12:39.0000,  2.930180450615597E+08, -1.434736024058118E+08,  8.513966528099075E+06,
2451426.300451389, A.D. 1999-Sep-04 19:12:39.0000,  2.935981643971379E+08, -1.418128255658219E+08,  8.423240681803592E+06,
2451427.300451389, A.D. 1999-Sep-05 19:12:39.0000,  2.941699006070275E+08, -1.401479981943287E+08,  8.332274256176963E+06,
2451428.300451389, A.D. 1999-Sep-06 19:12:39.0000,  2.947332213730742E+08, -1.384791601978696E+08,  8.241069395511217E+06,
2451429.300451389, A.D. 1999-Sep-07 19:12:39.0000,  2.952880945213800E+08, -1.368063517631511E+08,  8.149628259892583E+06,
2451430.300451389, A.D. 1999-Sep-08 19:12:39.0000,  2.958344880248808E+08, -1.351296133573547E+08,  8.057953025210269E+06,
2451431.300451389, A.D. 1999-Sep-09 19:12:39.0000,  2.963723700059357E+08, -1.334489857284051E+08,  7.966045883165948E+06,
2451432.300451389, A.D. 1999-Sep-10 19:12:39.0000,  2.969017087389300E+08, -1.317645099052057E+08,  7.873909041283868E+06,
2451433.300451389, A.D. 1999-Sep-11 19:12:39.0000,  2.974224726528853E+08, -1.300762271978420E+08,  7.781544722921260E+06,
2451434.300451389, A.D. 1999-Sep-12 19:12:39.0000,  2.979346303340825E+08, -1.283841791977562E+08,  7.688955167279087E+06,
2451435.300451389, A.D. 1999-Sep-13 19:12:39.0000,  2.984381505286919E+08, -1.266884077778954E+08,  7.596142629412681E+06,
2451436.300451389, A.D. 1999-Sep-14 19:12:39.0000,  2.989330021454155E+08, -1.249889550928334E+08,  7.503109380242147E+06,
2451437.300451389, A.D. 1999-Sep-15 19:12:39.0000,  2.994191542581390E+08, -1.232858635788689E+08,  7.409857706562549E+06,
2451438.300451389, A.D. 1999-Sep-16 19:12:39.0000,  2.998965761085952E+08, -1.215791759540996E+08,  7.316389911053337E+06,
2451439.300451389, A.D. 1999-Sep-17 19:12:39.0000,  3.003652371090398E+08, -1.198689352184726E+08,  7.222708312287010E+06,
2451440.300451389, A.D. 1999-Sep-18 19:12:39.0000,  3.008251068449394E+08, -1.181551846538130E+08,  7.128815244737163E+06,
2451441.300451389, A.D. 1999-Sep-19 19:12:39.0000,  3.012761550776725E+08, -1.164379678238279E+08,  7.034713058785349E+06,
2451442.300451389, A.D. 1999-Sep-20 19:12:39.0000,  3.017183517472445E+08, -1.147173285740891E+08,  6.940404120726995E+06,
2451443.300451389, A.D. 1999-Sep-21 19:12:39.0000,  3.021516669750156E+08, -1.129933110319914E+08,  6.845890812776126E+06,
2451444.300451389, A.D. 1999-Sep-22 19:12:39.0000,  3.025760710664440E+08, -1.112659596066874E+08,  6.751175533068866E+06,
2451445.300451389, A.D. 1999-Sep-23 19:12:39.0000,  3.029915345138426E+08, -1.095353189889992E+08,  6.656260695665814E+06,
2451446.300451389, A.D. 1999-Sep-24 19:12:39.0000,  3.033980279991506E+08, -1.078014341513052E+08,  6.561148730552912E+06,
2451447.300451389, A.D. 1999-Sep-25 19:12:39.0000,  3.037955223967198E+08, -1.060643503474029E+08,  6.465842083641149E+06,
2451448.300451389, A.D. 1999-Sep-26 19:12:39.0000,  3.041839887761152E+08, -1.043241131123458E+08,  6.370343216764711E+06,
2451449.300451389, A.D. 1999-Sep-27 19:12:39.0000,  3.045633984049309E+08, -1.025807682622564E+08,  6.274654607677855E+06,
2451450.300451389, A.D. 1999-Sep-28 19:12:39.0000,  3.049337227516195E+08, -1.008343618941113E+08,  6.178778750050247E+06,
2451451.300451389, A.D. 1999-Sep-29 19:12:39.0000,  3.052949334883375E+08, -9.908494038550197E+07,  6.082718153460767E+06,
2451452.300451389, A.D. 1999-Sep-30 19:12:39.0000,  3.056470024938040E+08, -9.733255039436796E+07,  5.986475343390040E+06,
2451453.300451389, A.D. 1999-Oct-01 19:12:39.0000,  3.059899018561740E+08, -9.557723885870273E+07,  5.890052861211158E+06,
2451454.300451389, A.D. 1999-Oct-02 19:12:39.0000,  3.063236038759261E+08, -9.381905299623266E+07,  5.793453264179032E+06,
2451455.300451389, A.D. 1999-Oct-03 19:12:39.0000,  3.066480810687639E+08, -9.205804030406769E+07,  5.696679125418123E+06,
2451456.300451389, A.D. 1999-Oct-04 19:12:39.0000,  3.069633061685305E+08, -9.029424855832382E+07,  5.599733033908557E+06,
2451457.300451389, A.D. 1999-Oct-05 19:12:39.0000,  3.072692521301389E+08, -8.852772581371678E+07,  5.502617594470654E+06,
2451458.300451389, A.D. 1999-Oct-06 19:12:39.0000,  3.075658921325120E+08, -8.675852040312682E+07,  5.405335427747842E+06,
2451459.300451389, A.D. 1999-Oct-07 19:12:39.0000,  3.078531995815395E+08, -8.498668093713385E+07,  5.307889170187842E+06,
2451460.300451389, A.D. 1999-Oct-08 19:12:39.0000,  3.081311481130443E+08, -8.321225630352271E+07,  5.210281474022254E+06,
2451461.300451389, A.D. 1999-Oct-09 19:12:39.0000,  3.083997115957645E+08, -8.143529566675845E+07,  5.112515007244349E+06,
2451462.300451389, A.D. 1999-Oct-10 19:12:39.0000,  3.086588641343447E+08, -7.965584846743086E+07,  5.014592453585245E+06,
2451463.300451389, A.D. 1999-Oct-11 19:12:39.0000,  3.089085800723422E+08, -7.787396442166822E+07,  4.916516512488250E+06,
2451464.300451389, A.D. 1999-Oct-12 19:12:39.0000,  3.091488339952425E+08, -7.608969352051967E+07,  4.818289899081457E+06,
2451465.300451389, A.D. 1999-Oct-13 19:12:39.0000,  3.093796007334879E+08, -7.430308602930629E+07,  4.719915344148584E+06,
2451466.300451389, A.D. 1999-Oct-14 19:12:39.0000,  3.096008553655162E+08, -7.251419248693998E+07,  4.621395594097912E+06,
2451467.300451389, A.D. 1999-Oct-15 19:12:39.0000,  3.098125732208111E+08, -7.072306370521054E+07,  4.522733410929482E+06,
2451468.300451389, A.D. 1999-Oct-16 19:12:39.0000,  3.100147298829624E+08, -6.892975076803973E+07,  4.423931572200246E+06,
2451469.300451389, A.D. 1999-Oct-17 19:12:39.0000,  3.102073011927376E+08, -6.713430503070360E+07,  4.324992870987594E+06,
2451470.300451389, A.D. 1999-Oct-18 19:12:39.0000,  3.103902632511617E+08, -6.533677811902046E+07,  4.225920115850605E+06,
2451471.300451389, A.D. 1999-Oct-19 19:12:39.0000,  3.105635924226083E+08, -6.353722192850669E+07,  4.126716130789533E+06,
2451472.300451389, A.D. 1999-Oct-20 19:12:39.0000,  3.107272653378999E+08, -6.173568862349876E+07,  4.027383755203292E+06,
2451473.300451389, A.D. 1999-Oct-21 19:12:39.0000,  3.108812588974167E+08, -5.993223063624130E+07,  3.927925843844820E+06,
2451474.300451389, A.D. 1999-Oct-22 19:12:39.0000,  3.110255502742152E+08, -5.812690066594175E+07,  3.828345266774330E+06,
2451475.300451389, A.D. 1999-Oct-23 19:12:39.0000,  3.111601169171551E+08, -5.631975167779052E+07,  3.728644909310475E+06,
2451476.300451389, A.D. 1999-Oct-24 19:12:39.0000,  3.112849365540348E+08, -5.451083690194699E+07,  3.628827671979304E+06,
2451477.300451389, A.D. 1999-Oct-25 19:12:39.0000,  3.113999871947358E+08, -5.270020983249124E+07,  3.528896470460970E+06,
2451478.300451389, A.D. 1999-Oct-26 19:12:39.0000,  3.115052471343759E+08, -5.088792422634098E+07,  3.428854235534059E+06,
2451479.300451389, A.D. 1999-Oct-27 19:12:39.0000,  3.116006949564696E+08, -4.907403410213374E+07,  3.328703913017638E+06,
2451480.300451389, A.D. 1999-Oct-28 19:12:39.0000,  3.116863095360988E+08, -4.725859373907384E+07,  3.228448463710692E+06,
2451481.300451389, A.D. 1999-Oct-29 19:12:39.0000,  3.117620700430916E+08, -4.544165767574453E+07,  3.128090863329176E+06,
2451482.300451389, A.D. 1999-Oct-30 19:12:39.0000,  3.118279559452099E+08, -4.362328070888341E+07,  3.027634102440290E+06,
2451483.300451389, A.D. 1999-Oct-31 19:12:39.0000,  3.118839470113472E+08, -4.180351789212248E+07,  2.927081186394146E+06,
2451484.300451389, A.D. 1999-Nov-01 19:12:39.0000,  3.119300233147365E+08, -3.998242453469043E+07,  2.826435135252595E+06,
2451485.300451389, A.D. 1999-Nov-02 19:12:39.0000,  3.119661652361694E+08, -3.816005620007914E+07,  2.725698983715070E+06,
2451486.300451389, A.D. 1999-Nov-03 19:12:39.0000,  3.119923534672253E+08, -3.633646870466594E+07,  2.624875781041885E+06,
2451487.300451389, A.D. 1999-Nov-04 19:12:39.0000,  3.120085690135146E+08, -3.451171811630032E+07,  2.523968590974176E+06,
2451488.300451389, A.D. 1999-Nov-05 19:12:39.0000,  3.120147931979334E+08, -3.268586075284447E+07,  2.422980491651205E+06,
2451489.300451389, A.D. 1999-Nov-06 19:12:39.0000,  3.120110076639325E+08, -3.085895318066813E+07,  2.321914575524839E+06,
2451490.300451389, A.D. 1999-Nov-07 19:12:39.0000,  3.119971943787991E+08, -2.903105221309411E+07,  2.220773949271435E+06,
2451491.300451389, A.D. 1999-Nov-08 19:12:39.0000,  3.119733356369493E+08, -2.720221490878965E+07,  2.119561733701591E+06,
2451492.300451389, A.D. 1999-Nov-09 19:12:39.0000,  3.119394140632337E+08, -2.537249857010035E+07,  2.018281063668008E+06,
2451493.300451389, A.D. 1999-Nov-10 19:12:39.0000,  3.118954126162477E+08, -2.354196074132064E+07,  1.916935087972143E+06,
2451494.300451389, A.D. 1999-Nov-11 19:12:39.0000,  3.118413145916454E+08, -2.171065920689672E+07,  1.815526969270644E+06,
2451495.300451389, A.D. 1999-Nov-12 19:12:39.0000,  3.117771036254465E+08, -1.987865198955843E+07,  1.714059883982085E+06,
2451496.300451389, A.D. 1999-Nov-13 19:12:39.0000,  3.117027636973319E+08, -1.804599734837809E+07,  1.612537022195059E+06,
2451497.300451389, A.D. 1999-Nov-14 19:12:39.0000,  3.116182791339144E+08, -1.621275377675639E+07,  1.510961587578409E+06,
2451498.300451389, A.D. 1999-Nov-15 19:12:39.0000,  3.115236346119739E+08, -1.437898000033974E+07,  1.409336797294293E+06,
2451499.300451389, A.D. 1999-Nov-16 19:12:39.0000,  3.114188151616485E+08, -1.254473497487665E+07,  1.307665881914210E+06,
2451500.300451389, A.D. 1999-Nov-17 19:12:39.0000,  3.113038061695713E+08, -1.071007788402523E+07,  1.205952085337652E+06,
2451501.300451389, A.D. 1999-Nov-18 19:12:39.0000,  3.111785933819529E+08, -8.875068137126159E+06,  1.104198664712496E+06,
2451502.300451389, A.D. 1999-Nov-19 19:12:39.0000,  3.110431629076054E+08, -7.039765366957248E+06,  1.002408890355627E+06,
2451503.300451389, A.D. 1999-Nov-20 19:12:39.0000,  3.108975012209197E+08, -5.204229427485298E+06,  9.005860456718432E+05,
2451504.300451389, A.D. 1999-Nov-21 19:12:39.0000,  3.107415951648052E+08, -3.368520391626880E+06,  7.987334270688073E+05,
2451505.300451389, A.D. 1999-Nov-22 19:12:39.0000,  3.105754319536128E+08, -1.532698549025263E+06,  6.968543438656460E+05,
2451506.300451389, A.D. 1999-Nov-23 19:12:39.0000,  3.103989991760525E+08,  3.031755961568527E+05,  5.949521181939977E+05,
2451507.300451389, A.D. 1999-Nov-24 19:12:39.0000,  3.102122847981277E+08,  2.139041327433415E+06,  4.930300848898607E+05,
2451508.300451389, A.D. 1999-Nov-25 19:12:39.0000,  3.100152771660959E+08,  3.974837718192579E+06,  3.910915913761626E+05,
2451509.300451389, A.D. 1999-Nov-26 19:12:39.0000,  3.098079650094652E+08,  5.810503633908987E+06,  2.891399975363298E+05,
2451510.300451389, A.D. 1999-Nov-27 19:12:39.0000,  3.095903374440292E+08,  7.645977734385790E+06,  1.871786755798291E+05,
2451511.300451389, A.D. 1999-Nov-28 19:12:39.0000,  3.093623839749352E+08,  9.481198476040943E+06,  8.521100990074081E+04,
2451512.300451389, A.D. 1999-Nov-29 19:12:39.0000,  3.091240944997851E+08,  1.131610411424885E+07, -1.675960306882905E+04,
2451513.300451389, A.D. 1999-Nov-30 19:12:39.0000,  3.088754593117548E+08,  1.315063270574591E+07, -1.187297550095748E+05,
2451514.300451389, A.D. 1999-Dec-01 19:12:39.0000,  3.086164691027269E+08,  1.498472211110408E+07, -2.206960258686310E+05,
2451515.300451389, A.D. 1999-Dec-02 19:12:39.0000,  3.083471149664258E+08,  1.681830999727482E+07, -3.226549840152450E+05,
2451516.300451389, A.D. 1999-Dec-03 19:12:39.0000,  3.080673884015492E+08,  1.865133384020311E+07, -4.246031863978086E+05,
2451517.300451389, A.D. 1999-Dec-04 19:12:39.0000,  3.077772813148866E+08,  2.048373092751000E+07, -5.265371787018273E+05,
2451518.300451389, A.D. 1999-Dec-05 19:12:39.0000,  3.074767860244226E+08,  2.231543836123974E+07, -6.284534955088412E+05,
2451519.300451389, A.D. 1999-Dec-06 19:12:39.0000,  3.071658952624187E+08,  2.414639306066936E+07, -7.303486604560902E+05,
2451520.300451389, A.D. 1999-Dec-07 19:12:39.0000,  3.068446021784738E+08,  2.597653176517683E+07, -8.322191863971278E+05,
2451521.300451389, A.D. 1999-Dec-08 19:12:39.0000,  3.065129003425582E+08,  2.780579103716593E+07, -9.340615755634718E+05,
2451522.300451389, A.D. 1999-Dec-09 19:12:39.0000,  3.061707837480239E+08,  2.963410726504331E+07, -1.035872319727587E+06,
2451523.300451389, A.D. 1999-Dec-10 19:12:39.0000,  3.058182468145872E+08,  3.146141666624751E+07, -1.137647900367297E+06,
2451524.300451389, A.D. 1999-Dec-11 19:12:39.0000,  3.054552843912862E+08,  3.328765529032714E+07, -1.239384788831836E+06,
2451525.300451389, A.D. 1999-Dec-12 19:12:39.0000,  3.050818917594105E+08,  3.511275902206694E+07, -1.341079446509769E+06,
2451526.300451389, A.D. 1999-Dec-13 19:12:39.0000,  3.046980646354061E+08,  3.693666358466088E+07, -1.442728324998870E+06,
2451527.300451389, A.D. 1999-Dec-14 19:12:39.0000,  3.043037991737520E+08,  3.875930454293126E+07, -1.544327866278108E+06,
2451528.300451389, A.D. 1999-Dec-15 19:12:39.0000,  3.038990919698119E+08,  4.058061730659334E+07, -1.645874502881903E+06,
2451529.300451389, A.D. 1999-Dec-16 19:12:39.0000,  3.034839400626585E+08,  4.240053713356510E+07, -1.747364658076646E+06,
2451530.300451389, A.D. 1999-Dec-17 19:12:39.0000,  3.030583409378707E+08,  4.421899913332164E+07, -1.848794746039646E+06,
2451531.300451389, A.D. 1999-Dec-18 19:12:39.0000,  3.026222925303050E+08,  4.603593827029426E+07, -1.950161172040470E+06,
2451532.300451389, A.D. 1999-Dec-19 19:12:39.0000,  3.021757932268384E+08,  4.785128936731391E+07, -2.051460332624849E+06,
2451533.300451389, A.D. 1999-Dec-20 19:12:39.0000,  3.017188418690838E+08,  4.966498710909883E+07, -2.152688615801020E+06,
2451534.300451389, A.D. 1999-Dec-21 19:12:39.0000,  3.012514377560786E+08,  5.147696604578650E+07, -2.253842401228655E+06,
2451535.300451389, A.D. 1999-Dec-22 19:12:39.0000,  3.007735806469427E+08,  5.328716059650969E+07, -2.354918060410362E+06,
2451536.300451389, A.D. 1999-Dec-23 19:12:39.0000,  3.002852707635084E+08,  5.509550505301646E+07, -2.455911956885714E+06,
2451537.300451389, A.D. 1999-Dec-24 19:12:39.0000,  2.997865087929208E+08,  5.690193358333430E+07, -2.556820446427863E+06,
2451538.300451389, A.D. 1999-Dec-25 19:12:39.0000,  2.992772958902070E+08,  5.870638023547793E+07, -2.657639877242744E+06,
2451539.300451389, A.D. 1999-Dec-26 19:12:39.0000,  2.987576336808151E+08,  6.050877894120103E+07, -2.758366590170864E+06,
2451540.300451389, A.D. 1999-Dec-27 19:12:39.0000,  2.982275242631208E+08,  6.230906351979151E+07, -2.858996918891575E+06,
2451541.300451389, A.D. 1999-Dec-28 19:12:39.0000,  2.976869702109020E+08,  6.410716768191035E+07, -2.959527190129999E+06,
2451542.300451389, A.D. 1999-Dec-29 19:12:39.0000,  2.971359745757803E+08,  6.590302503347374E+07, -3.059953723866485E+06,
2451543.300451389, A.D. 1999-Dec-30 19:12:39.0000,  2.965745408896281E+08,  6.769656907957843E+07, -3.160272833548527E+06,
