JDTDB,Calendar Date (TDB),X,Y,Z,
2451026.497893518, A.D. 1998-Jul-31 23:56:58.0000, -1.869693735887141E+08,  4.384951232342406E+08, -4.924899104748377E+07,
2451027.497893518, A.D. 1998-Aug-01 23:56:58.0000, -1.882224411364597E+08,  4.378019489966714E+08, -4.919614429203774E+07,
2451028.497893518, A.D. 1998-Aug-02 23:56:58.0000, -1.894738139811541E+08,  4.371048300384234E+08, -4.914285421829802E+07,
2451029.497893518, A.D. 1998-Aug-03 23:56:58.0000, -1.907234792549457E+08,  4.364037689651473E+08, -4.908912089386143E+07,
2451030.497893518, A.D. 1998-Aug-04 23:56:58.0000, -1.919714240815743E+08,  4.356987684234850E+08, -4.903494439050563E+07,
2451031.497893518, A.D. 1998-Aug-05 23:56:58.0000, -1.932176355764924E+08,  4.349898311011890E+08, -4.898032478420375E+07,
2451032.497893518, A.D. 1998-Aug-06 23:56:58.0000, -1.944621008469876E+08,  4.342769597272398E+08, -4.892526215513943E+07,
2451033.497893518, A.D. 1998-Aug-07 23:56:58.0000, -1.957048069923048E+08,  4.335601570719623E+08, -4.886975658772187E+07,
2451034.497893518, A.D. 1998-Aug-08 23:56:58.0000, -1.969457411037700E+08,  4.328394259471409E+08, -4.881380817060104E+07,
2451035.497893518, A.D. 1998-Aug-09 23:56:58.0000, -1.981848902649141E+08,  4.321147692061322E+08, -4.875741699668349E+07,
2451036.497893518, A.D. 1998-Aug-10 23:56:58.0000, -1.994222415515964E+08,  4.313861897439761E+08, -4.870058316314769E+07,
2451037.497893518, A.D. 1998-Aug-11 23:56:58.0000, -2.006577820321288E+08,  4.306536904975046E+08, -4.864330677146013E+07,
2451038.497893518, A.D. 1998-Aug-12 23:56:58.0000, -2.018914987673988E+08,  4.299172744454494E+08, -4.858558792739174E+07,
2451039.497893518, A.D. 1998-Aug-13 23:56:58.0000, -2.031233788109920E+08,  4.291769446085449E+08, -4.852742674103442E+07,
2451040.497893518, A.D. 1998-Aug-14 23:56:58.0000, -2.043534092093129E+08,  4.284327040496318E+08, -4.846882332681824E+07,
2451041.497893518, A.D. 1998-Aug-15 23:56:58.0000, -2.055815770017038E+08,  4.276845558737547E+08, -4.840977780352870E+07,
2451042.497893518, A.D. 1998-Aug-16 23:56:58.0000, -2.068078692205603E+08,  4.269325032282609E+08, -4.835029029432513E+07,
2451043.497893518, A.D. 1998-Aug-17 23:56:58.0000, -2.080322728914438E+08,  4.261765493028949E+08, -4.829036092675938E+07,
2451044.497893518, A.D. 1998-Aug-18 23:56:58.0000, -2.092547750331885E+08,  4.254166973298906E+08, -4.822998983279493E+07,
2451045.497893518, A.D. 1998-Aug-19 23:56:58.0000, -2.104753626580032E+08,  4.246529505840650E+08, -4.816917714882712E+07,
2451046.497893518, A.D. 1998-Aug-20 23:56:58.0000, -2.116940227715651E+08,  4.238853123829089E+08, -4.810792301570389E+07,
2451047.497893518, A.D. 1998-Aug-21 23:56:58.0000, -2.129107423731062E+08,  4.231137860866812E+08, -4.804622757874736E+07,
2451048.497893518, A.D. 1998-Aug-22 23:56:58.0000, -2.141255084554898E+08,  4.223383750985051E+08, -4.798409098777565E+07,
2451049.497893518, A.D. 1998-Aug-23 23:56:58.0000, -2.153383080052771E+08,  4.215590828644714E+08, -4.792151339712614E+07,
2451050.497893518, A.D. 1998-Aug-24 23:56:58.0000, -2.165491280027827E+08,  4.207759128737497E+08, -4.785849496567780E+07,
2451051.497893518, A.D. 1998-Aug-25 23:56:58.0000, -2.177579554221209E+08,  4.199888686587131E+08, -4.779503585687457E+07,
2451052.497893518, A.D. 1998-Aug-26 23:56:58.0000, -2.189647772312419E+08,  4.191979537950797E+08, -4.773113623874746E+07,
2451053.497893518, A.D. 1998-Aug-27 23:56:58.0000, -2.201695803919635E+08,  4.184031719020765E+08, -4.766679628393593E+07,
2451054.497893518, A.D. 1998-Aug-28 23:56:58.0000, -2.213723518600009E+08,  4.176045266426277E+08, -4.760201616970724E+07,
2451055.497893518, A.D. 1998-Aug-29 23:56:58.0000, -2.225730785850020E+08,  4.168020217235733E+08, -4.753679607797262E+07,
2451056.497893518, A.D. 1998-Aug-30 23:56:58.0000, -2.237717475105957E+08,  4.159956608959178E+08, -4.747113619530030E+07,
2451057.497893518, A.D. 1998-Aug-31 23:56:58.0000, -2.249683455744654E+08,  4.151854479551092E+08, -4.740503671292366E+07,
2451058.497893518, A.D. 1998-Sep-01 23:56:58.0000, -2.261628597084543E+08,  4.143713867413434E+08, -4.733849782674438E+07,
2451059.497893518, A.D. 1998-Sep-02 23:56:58.0000, -2.273552768387147E+08,  4.135534811398861E+08, -4.727151973733014E+07,
2451060.497893518, A.D. 1998-Sep-03 23:56:58.0000, -2.285455838859086E+08,  4.127317350813993E+08, -4.720410264990731E+07,
2451061.497893518, A.D. 1998-Sep-04 23:56:58.0000, -2.297337677654640E+08,  4.119061525422578E+08, -4.713624677434984E+07,
2451062.497893518, A.D. 1998-Sep-05 23:56:58.0000, -2.309198153878770E+08,  4.110767375448417E+08, -4.706795232516515E+07,
2451063.497893518, A.D. 1998-Sep-06 23:56:58.0000, -2.321037136590638E+08,  4.102434941577841E+08, -4.699921952147986E+07,
2451064.497893518, A.D. 1998-Sep-07 23:56:58.0000, -2.332854494807411E+08,  4.094064264961678E+08, -4.693004858702683E+07,
2451065.497893518, A.D. 1998-Sep-08 23:56:58.0000, -2.344650097508197E+08,  4.085655387216600E+08, -4.686043975013630E+07,
2451066.497893518, A.D. 1998-Sep-09 23:56:58.0000, -2.356423813637924E+08,  4.077208350425867E+08, -4.679039324373204E+07,
2451067.497893518, A.D. 1998-Sep-10 23:56:58.0000, -2.368175512111011E+08,  4.068723197139539E+08, -4.671990930533439E+07,
2451068.497893518, A.D. 1998-Sep-11 23:56:58.0000, -2.379905061814681E+08,  4.060199970374237E+08, -4.664898817707019E+07,
2451069.497893518, A.D. 1998-Sep-12 23:56:58.0000, -2.391612331611851E+08,  4.051638713612616E+08, -4.657763010568872E+07,
2451070.497893518, A.D. 1998-Sep-13 23:56:58.0000, -2.403297190343540E+08,  4.043039470802681E+08, -4.650583534258333E+07,
2451071.497893518, A.D. 1998-Sep-14 23:56:58.0000, -2.414959506830833E+08,  4.034402286357122E+08, -4.643360414381771E+07,
2451072.497893518, A.D. 1998-Sep-15 23:56:58.0000, -2.426599149876459E+08,  4.025727205152736E+08, -4.636093677015406E+07,
2451073.497893518, A.D. 1998-Sep-16 23:56:58.0000, -2.438215988266062E+08,  4.017014272530020E+08, -4.628783348708360E+07,
2451074.497893518, A.D. 1998-Sep-17 23:56:58.0000, -2.449809890769220E+08,  4.008263534293019E+08, -4.621429456485650E+07,
2451075.497893518, A.D. 1998-Sep-18 23:56:58.0000, -2.461380726140339E+08,  3.999475036709404E+08, -4.614032027851209E+07,
2451076.497893518, A.D. 1998-Sep-19 23:56:58.0000, -2.472928363119463E+08,  3.990648826510787E+08, -4.606591090790705E+07,
2451077.497893518, A.D. 1998-Sep-20 23:56:58.0000, -2.484452670433063E+08,  3.981784950893265E+08, -4.599106673774241E+07,
2451078.497893518, A.D. 1998-Sep-21 23:56:58.0000, -2.495953516794865E+08,  3.972883457518153E+08, -4.591578805758889E+07,
2451079.497893518, A.D. 1998-Sep-22 23:56:58.0000, -2.507430770906722E+08,  3.963944394512861E+08, -4.584007516191003E+07,
2451080.497893518, A.D. 1998-Sep-23 23:56:58.0000, -2.518884301459571E+08,  3.954967810471921E+08, -4.576392835008419E+07,
2451081.497893518, A.D. 1998-Sep-24 23:56:58.0000, -2.530313977134471E+08,  3.945953754458085E+08, -4.568734792642452E+07,
2451082.497893518, A.D. 1998-Sep-25 23:56:58.0000, -2.541719666603734E+08,  3.936902276003506E+08, -4.561033420019808E+07,
2451083.497893518, A.D. 1998-Sep-26 23:56:58.0000, -2.553101238532137E+08,  3.927813425110968E+08, -4.553288748564354E+07,
2451084.497893518, A.D. 1998-Sep-27 23:56:58.0000, -2.564458561578214E+08,  3.918687252255132E+08, -4.545500810198793E+07,
2451085.497893518, A.D. 1998-Sep-28 23:56:58.0000, -2.575791504395635E+08,  3.909523808383811E+08, -4.537669637346281E+07,
2451086.497893518, A.D. 1998-Sep-29 23:56:58.0000, -2.587099935634637E+08,  3.900323144919246E+08, -4.529795262931964E+07,
2451087.497893518, A.D. 1998-Sep-30 23:56:58.0000, -2.598383723943526E+08,  3.891085313759382E+08, -4.521877720384489E+07,
2451088.497893518, A.D. 1998-Oct-01 23:56:58.0000, -2.609642737970229E+08,  3.881810367279126E+08, -4.513917043637437E+07,
2451089.497893518, A.D. 1998-Oct-02 23:56:58.0000, -2.620876846363896E+08,  3.872498358331609E+08, -4.505913267130777E+07,
2451090.497893518, A.D. 1998-Oct-03 23:56:58.0000, -2.632085917776536E+08,  3.863149340249420E+08, -4.497866425812253E+07,
2451091.497893518, A.D. 1998-Oct-04 23:56:58.0000, -2.643269820864698E+08,  3.853763366845826E+08, -4.489776555138788E+07,
2451092.497893518, A.D. 1998-Oct-05 23:56:58.0000, -2.654428424291180E+08,  3.844340492415990E+08, -4.481643691077858E+07,
2451093.497893518, A.D. 1998-Oct-06 23:56:58.0000, -2.665561596726761E+08,  3.834880771738150E+08, -4.473467870108871E+07,
2451094.497893518, A.D. 1998-Oct-07 23:56:58.0000, -2.676669206851970E+08,  3.825384260074797E+08, -4.465249129224527E+07,
2451095.497893518, A.D. 1998-Oct-08 23:56:58.0000, -2.687751123358862E+08,  3.815851013173832E+08, -4.456987505932169E+07,
2451096.497893518, A.D. 1998-Oct-09 23:56:58.0000, -2.698807214952829E+08,  3.806281087269707E+08, -4.448683038255167E+07,
2451097.497893518, A.D. 1998-Oct-10 23:56:58.0000, -2.709837350354416E+08,  3.796674539084553E+08, -4.440335764734264E+07,
2451098.497893518, A.D. 1998-Oct-11 23:56:58.0000, -2.720841398301166E+08,  3.787031425829287E+08, -4.431945724428929E+07,
2451099.497893518, A.D. 1998-Oct-12 23:56:58.0000, -2.731819227549469E+08,  3.777351805204718E+08, -4.423512956918737E+07,
2451100.497893518, A.D. 1998-Oct-13 23:56:58.0000, -2.742770706876435E+08,  3.767635735402622E+08, -4.415037502304702E+07,
2451101.497893518, A.D. 1998-Oct-14 23:56:58.0000, -2.753695705081773E+08,  3.757883275106828E+08, -4.406519401210661E+07,
2451102.497893518, A.D. 1998-Oct-15 23:56:58.0000, -2.764594090989695E+08,  3.748094483494262E+08, -4.397958694784616E+07,
2451103.497893518, A.D. 1998-Oct-16 23:56:58.0000, -2.775465733450812E+08,  3.738269420236006E+08, -4.389355424700102E+07,
2451104.497893518, A.D. 1998-Oct-17 23:56:58.0000, -2.786310501344069E+08,  3.728408145498331E+08, -4.380709633157551E+07,
2451105.497893518, A.D. 1998-Oct-18 23:56:58.0000, -2.797128263578669E+08,  3.718510719943727E+08, -4.372021362885654E+07,
2451106.497893518, A.D. 1998-Oct-19 23:56:58.0000, -2.807918889096024E+08,  3.708577204731911E+08, -4.363290657142712E+07,
2451107.497893518, A.D. 1998-Oct-20 23:56:58.0000, -2.818682246871710E+08,  3.698607661520832E+08, -4.354517559718005E+07,
2451108.497893518, A.D. 1998-Oct-21 23:56:58.0000, -2.829418205917439E+08,  3.688602152467667E+08, -4.345702114933147E+07,
2451109.497893518, A.D. 1998-Oct-22 23:56:58.0000, -2.840126635283035E+08,  3.678560740229801E+08, -4.336844367643455E+07,
2451110.497893518, A.D. 1998-Oct-23 23:56:58.0000, -2.850807404058433E+08,  3.668483487965798E+08, -4.327944363239306E+07,
2451111.497893518, A.D. 1998-Oct-24 23:56:58.0000, -2.861460381375677E+08,  3.658370459336361E+08, -4.319002147647490E+07,
2451112.497893518, A.D. 1998-Oct-25 23:56:58.0000, -2.872085436410944E+08,  3.648221718505277E+08, -4.310017767332582E+07,
2451113.497893518, A.D. 1998-Oct-26 23:56:58.0000, -2.882682438386562E+08,  3.638037330140357E+08, -4.300991269298285E+07,
2451114.497893518, A.D. 1998-Oct-27 23:56:58.0000, -2.893251256573061E+08,  3.627817359414356E+08, -4.291922701088805E+07,
2451115.497893518, A.D. 1998-Oct-28 23:56:58.0000, -2.903791760291209E+08,  3.617561872005886E+08, -4.282812110790215E+07,
2451116.497893518, A.D. 1998-Oct-29 23:56:58.0000, -2.914303818914088E+08,  3.607270934100311E+08, -4.273659547031792E+07,
2451117.497893518, A.D. 1998-Oct-30 23:56:58.0000, -2.924787301869158E+08,  3.596944612390630E+08, -4.264465058987424E+07,
2451118.497893518, A.D. 1998-Oct-31 23:56:58.0000, -2.935242078640339E+08,  3.586582974078338E+08, -4.255228696376932E+07,
2451119.497893518, A.D. 1998-Nov-01 23:56:58.0000, -2.945668018770112E+08,  3.576186086874284E+08, -4.245950509467483E+07,
2451120.497893518, A.D. 1998-Nov-02 23:56:58.0000, -2.956064991861609E+08,  3.565754018999497E+08, -4.236630549074948E+07,
2451121.497893518, A.D. 1998-Nov-03 23:56:58.0000, -2.966432867580733E+08,  3.555286839185995E+08, -4.227268866565281E+07,
2451122.497893518, A.D. 1998-Nov-04 23:56:58.0000, -2.976771515658265E+08,  3.544784616677587E+08, -4.217865513855958E+07,
2451123.497893518, A.D. 1998-Nov-05 23:56:58.0000, -2.987080805891992E+08,  3.534247421230631E+08, -4.208420543417339E+07,
2451124.497893518, A.D. 1998-Nov-06 23:56:58.0000, -2.997360608148828E+08,  3.523675323114781E+08, -4.198934008274116E+07,
2451125.497893518, A.D. 1998-Nov-07 23:56:58.0000, -3.007610792366929E+08,  3.513068393113715E+08, -4.189405962006773E+07,
2451126.497893518, A.D. 1998-Nov-08 23:56:58.0000, -3.017831228557828E+08,  3.502426702525816E+08, -4.179836458753030E+07,
2451127.497893518, A.D. 1998-Nov-09 23:56:58.0000, -3.028021786808528E+08,  3.491750323164845E+08, -4.170225553209384E+07,
2451128.497893518, A.D. 1998-Nov-10 23:56:58.0000, -3.038182337283610E+08,  3.481039327360568E+08, -4.160573300632593E+07,
2451129.497893518, A.D. 1998-Nov-11 23:56:58.0000, -3.048312750227305E+08,  3.470293787959371E+08, -4.150879756841302E+07,
2451130.497893518, A.D. 1998-Nov-12 23:56:58.0000, -3.058412895965544E+08,  3.459513778324831E+08, -4.141144978217630E+07,
2451131.497893518, A.D. 1998-Nov-13 23:56:58.0000, -3.068482644907971E+08,  3.448699372338265E+08, -4.131369021708874E+07,
2451132.497893518, A.D. 1998-Nov-14 23:56:58.0000, -3.078521867549906E+08,  3.437850644399264E+08, -4.121551944829212E+07,
2451133.497893518, A.D. 1998-Nov-15 23:56:58.0000, -3.088530434474252E+08,  3.426967669426204E+08, -4.111693805661535E+07,
2451134.497893518, A.D. 1998-Nov-16 23:56:58.0000, -3.098508216353337E+08,  3.416050522856755E+08, -4.101794662859289E+07,
2451135.497893518, A.D. 1998-Nov-17 23:56:58.0000, -3.108455083950663E+08,  3.405099280648396E+08, -4.091854575648397E+07,
2451136.497893518, A.D. 1998-Nov-18 23:56:58.0000, -3.118370908122579E+08,  3.394114019278964E+08, -4.081873603829254E+07,
2451137.497893518, A.D. 1998-Nov-19 23:56:58.0000, -3.128255559819832E+08,  3.383094815747257E+08, -4.071851807778758E+07,
2451138.497893518, A.D. 1998-Nov-20 23:56:58.0000, -3.138108910089030E+08,  3.372041747573720E+08, -4.061789248452355E+07,
2451139.497893518, A.D. 1998-Nov-21 23:56:58.0000, -3.147930830074002E+08,  3.360954892801260E+08, -4.051685987386063E+07,
2451140.497893518, A.D. 1998-Nov-22 23:56:58.0000, -3.157721191017076E+08,  3.349834329996227E+08, -4.041542086698461E+07,
2451141.497893518, A.D. 1998-Nov-23 23:56:58.0000, -3.167479864260285E+08,  3.338680138249602E+08, -4.031357609092526E+07,
2451142.497893518, A.D. 1998-Nov-24 23:56:58.0000, -3.177206721246585E+08,  3.327492397178449E+08, -4.021132617857285E+07,
2451143.497893518, A.D. 1998-Nov-25 23:56:58.0000, -3.186901633521128E+08,  3.316271186927650E+08, -4.010867176869145E+07,
2451144.497893518, A.D. 1998-Nov-26 23:56:58.0000, -3.196564472732648E+08,  3.305016588171926E+08, -4.000561350592850E+07,
2451145.497893518, A.D. 1998-Nov-27 23:56:58.0000, -3.206195110635130E+08,  3.293728682118191E+08, -3.990215204082046E+07,
2451146.497893518, A.D. 1998-Nov-28 23:56:58.0000, -3.215793419089788E+08,  3.282407550508111E+08, -3.979828802979203E+07,
2451147.497893518, A.D. 1998-Nov-29 23:56:58.0000, -3.225359270067502E+08,  3.271053275620850E+08, -3.969402213515079E+07,
2451148.497893518, A.D. 1998-Nov-30 23:56:58.0000, -3.234892535651758E+08,  3.259665940275856E+08, -3.958935502507637E+07,
2451149.497893518, A.D. 1998-Dec-01 23:56:58.0000, -3.244393088042120E+08,  3.248245627835529E+08, -3.948428737360582E+07,
2451150.497893518, A.D. 1998-Dec-02 23:56:58.0000, -3.253860799558240E+08,  3.236792422207627E+08, -3.937881986061603E+07,
2451151.497893518, A.D. 1998-Dec-03 23:56:58.0000, -3.263295542644286E+08,  3.225306407847245E+08, -3.927295317180593E+07,
2451152.497893518, A.D. 1998-Dec-04 23:56:58.0000, -3.272697189873695E+08,  3.213787669758244E+08, -3.916668799868006E+07,
2451153.497893518, A.D. 1998-Dec-05 23:56:58.0000, -3.282065613954020E+08,  3.202236293494064E+08, -3.906002503853582E+07,
2451154.497893518, A.D. 1998-Dec-06 23:56:58.0000, -3.291400687731760E+08,  3.190652365157950E+08, -3.895296499445657E+07,
2451155.497893518, A.D. 1998-Dec-07 23:56:58.0000, -3.300702284196951E+08,  3.179035971402599E+08, -3.884550857531059E+07,
2451156.497893518, A.D. 1998-Dec-08 23:56:58.0000, -3.309970276487405E+08,  3.167387199429389E+08, -3.873765649575721E+07,
2451157.497893518, A.D. 1998-Dec-09 23:56:58.0000, -3.319204537892515E+08,  3.155706136987307E+08, -3.862940947625908E+07,
2451158.497893518, A.D. 1998-Dec-10 23:56:58.0000, -3.328404941856591E+08,  3.143992872371730E+08, -3.852076824309990E+07,
2451159.497893518, A.D. 1998-Dec-11 23:56:58.0000, -3.337571361981761E+08,  3.132247494423200E+08, -3.841173352840623E+07,
2451160.497893518, A.D. 1998-Dec-12 23:56:58.0000, -3.346703672030475E+08,  3.120470092526293E+08, -3.830230607017174E+07,
2451161.497893518, A.D. 1998-Dec-13 23:56:58.0000, -3.355801745927709E+08,  3.108660756608676E+08, -3.819248661228302E+07,
2451162.497893518, A.D. 1998-Dec-14 23:56:58.0000, -3.364865457762931E+08,  3.096819577140378E+08, -3.808227590454532E+07,
2451163.497893518, A.D. 1998-Dec-15 23:56:58.0000, -3.373894681791934E+08,  3.084946645133303E+08, -3.797167470270777E+07,
2451164.497893518, A.D. 1998-Dec-16 23:56:58.0000, -3.382889292438592E+08,  3.073042052140973E+08, -3.786068376848704E+07,
2451165.497893518, A.D. 1998-Dec-17 23:56:58.0000, -3.391849164296607E+08,  3.061105890258489E+08, -3.774930386958937E+07,
2451166.497893518, A.D. 1998-Dec-18 23:56:58.0000, -3.400774172131275E+08,  3.049138252122669E+08, -3.763753577973069E+07,
2451167.497893518, A.D. 1998-Dec-19 23:56:58.0000, -3.409664190881328E+08,  3.037139230912336E+08, -3.752538027865519E+07,
2451168.497893518, A.D. 1998-Dec-20 23:56:58.0000, -3.418519095660838E+08,  3.025108920348718E+08, -3.741283815215141E+07,
2451169.497893518, A.D. 1998-Dec-21 23:56:58.0000, -3.427338761761215E+08,  3.013047414695950E+08, -3.729991019206750E+07,
2451170.497893518, A.D. 1998-Dec-22 23:56:58.0000, -3.436123064653293E+08,  3.000954808761616E+08, -3.718659719632463E+07,
2451171.497893518, A.D. 1998-Dec-23 23:56:58.0000, -3.444871879989507E+08,  2.988831197897343E+08, -3.707289996892901E+07,
2451172.497893518, A.D. 1998-Dec-24 23:56:58.0000, -3.453585083606148E+08,  2.976676677999416E+08, -3.695881931998348E+07,
2451173.497893518, A.D. 1998-Dec-25 23:56:58.0000, -3.462262551525698E+08,  2.964491345509396E+08, -3.684435606569746E+07,
2451174.497893518, A.D. 1998-Dec-26 23:56:58.0000, -3.470904159959226E+08,  2.952275297414730E+08, -3.672951102839682E+07,
2451175.497893518, A.D. 1998-Dec-27 23:56:58.0000, -3.479509785308859E+08,  2.940028631249371E+08, -3.661428503653277E+07,
2451176.497893518, A.D. 1998-Dec-28 23:56:58.0000, -3.488079304170293E+08,  2.927751445094349E+08, -3.649867892469023E+07,
2451177.497893518, A.D. 1998-Dec-29 23:56:58.0000, -3.496612593335363E+08,  2.915443837578354E+08, -3.638269353359640E+07,
2451178.497893518, A.D. 1998-Dec-30 23:56:58.0000, -3.505109529794652E+08,  2.903105907878274E+08, -3.626632971012805E+07,
2451179.497893518, A.D. 1998-Dec-31 23:56:58.0000, -3.513569990740128E+08,  2.890737755719717E+08, -3.614958830731934E+07,
2451180.497893518, A.D. 1999-Jan-01 23:56:58.0000, -3.521993853567828E+08,  2.878339481377508E+08, -3.603247018436897E+07,
2451181.497893518, A.D. 1999-Jan-02 23:56:58.0000, -3.530380995880563E+08,  2.865911185676159E+08, -3.591497620664735E+07,
2451182.497893518, A.D. 1999-Jan-03 23:56:58.0000, -3.538731295490652E+08,  2.853452969990313E+08, -3.579710724570355E+07,
2451183.497893518, A.D. 1999-Jan-04 23:56:58.0000, -3.547044630422669E+08,  2.840964936245164E+08, -3.567886417927198E+07,
2451184.497893518, A.D. 1999-Jan-05 23:56:58.0000, -3.555320878916223E+08,  2.828447186916854E+08, -3.556024789127915E+07,
2451185.497893518, A.D. 1999-Jan-06 23:56:58.0000, -3.563559919428754E+08,  2.815899825032839E+08, -3.544125927185009E+07,
2451186.497893518, A.D. 1999-Jan-07 23:56:58.0000, -3.571761630638340E+08,  2.803322954172239E+08, -3.532189921731481E+07,
2451187.497893518, A.D. 1999-Jan-08 23:56:58.0000, -3.579925891446524E+08,  2.790716678466166E+08, -3.520216863021456E+07,
2451188.497893518, A.D. 1999-Jan-09 23:56:58.0000, -3.588052580981158E+08,  2.778081102598016E+08, -3.508206841930808E+07,
2451189.497893518, A.D. 1999-Jan-10 23:56:58.0000, -3.596141578599257E+08,  2.765416331803759E+08, -3.496159949957752E+07,
2451190.497893518, A.D. 1999-Jan-11 23:56:58.0000, -3.604192763889869E+08,  2.752722471872185E+08, -3.484076279223453E+07,
2451191.497893518, A.D. 1999-Jan-12 23:56:58.0000, -3.612206016676961E+08,  2.739999629145156E+08, -3.471955922472599E+07,
2451192.497893518, A.D. 1999-Jan-13 23:56:58.0000, -3.620181217022303E+08,  2.727247910517803E+08, -3.459798973073986E+07,
2451193.497893518, A.D. 1999-Jan-14 23:56:58.0000, -3.628118245228383E+08,  2.714467423438736E+08, -3.447605525021055E+07,
2451194.497893518, A.D. 1999-Jan-15 23:56:58.0000, -3.636016981841327E+08,  2.701658275910207E+08, -3.435375672932473E+07,
2451195.497893518, A.D. 1999-Jan-16 23:56:58.0000, -3.643877307653821E+08,  2.688820576488270E+08, -3.423109512052648E+07,
2451196.497893518, A.D. 1999-Jan-17 23:56:58.0000, -3.651699103708057E+08,  2.675954434282908E+08, -3.410807138252258E+07,
2451197.497893518, A.D. 1999-Jan-18 23:56:58.0000, -3.659482251298686E+08,  2.663059958958146E+08, -3.398468648028766E+07,
2451198.497893518, A.D. 1999-Jan-19 23:56:58.0000, -3.667226631975778E+08,  2.650137260732144E+08, -3.386094138506924E+07,
2451199.497893518, A.D. 1999-Jan-20 23:56:58.0000, -3.674932127547800E+08,  2.637186450377257E+08, -3.373683707439260E+07,
2451200.497893518, A.D. 1999-Jan-21 23:56:58.0000, -3.682598620084597E+08,  2.624207639220095E+08, -3.361237453206553E+07,
2451201.497893518, A.D. 1999-Jan-22 23:56:58.0000, -3.690225991920394E+08,  2.611200939141535E+08, -3.348755474818296E+07,
2451202.497893518, A.D. 1999-Jan-23 23:56:58.0000, -3.697814125656792E+08,  2.598166462576729E+08, -3.336237871913163E+07,
2451203.497893518, A.D. 1999-Jan-24 23:56:58.0000, -3.705362904165795E+08,  2.585104322515084E+08, -3.323684744759429E+07,
2451204.497893518, A.D. 1999-Jan-25 23:56:58.0000, -3.712872210592829E+08,  2.572014632500213E+08, -3.311096194255435E+07,
2451205.497893518, A.D. 1999-Jan-26 23:56:58.0000, -3.720341928359779E+08,  2.558897506629862E+08, -3.298472321929975E+07,
2451206.497893518, A.D. 1999-Jan-27 23:56:58.0000, -3.727771941168034E+08,  2.545753059555820E+08, -3.285813229942738E+07,
2451207.497893518, A.D. 1999-Jan-28 23:56:58.0000, -3.735162133001538E+08,  2.532581406483787E+08, -3.273119021084702E+07,
2451208.497893518, A.D. 1999-Jan-29 23:56:58.0000, -3.742512388129847E+08,  2.519382663173227E+08, -3.260389798778539E+07,
2451209.497893518, A.D. 1999-Jan-30 23:56:58.0000, -3.749822591111203E+08,  2.506156945937180E+08, -3.247625667079019E+07,
2451210.497893518, A.D. 1999-Jan-31 23:56:58.0000, -3.757092626795592E+08,  2.492904371642052E+08, -3.234826730673390E+07,
2451211.497893518, A.D. 1999-Feb-01 23:56:58.0000, -3.764322380327820E+08,  2.479625057707363E+08, -3.221993094881792E+07,
2451212.497893518, A.D. 1999-Feb-02 23:56:58.0000, -3.771511737150590E+08,  2.466319122105469E+08, -3.209124865657651E+07,
2451213.497893518, A.D. 1999-Feb-03 23:56:58.0000, -3.778660583007563E+08,  2.452986683361239E+08, -3.196222149588089E+07,
2451214.497893518, A.D. 1999-Feb-04 23:56:58.0000, -3.785768803946428E+08,  2.439627860551704E+08, -3.183285053894351E+07,
2451215.497893518, A.D. 1999-Feb-05 23:56:58.0000, -3.792836286321946E+08,  2.426242773305651E+08, -3.170313686432236E+07,
2451216.497893518, A.D. 1999-Feb-06 23:56:58.0000, -3.799862916798987E+08,  2.412831541803199E+08, -3.157308155692563E+07,
2451217.497893518, A.D. 1999-Feb-07 23:56:58.0000, -3.806848582355543E+08,  2.399394286775316E+08, -3.144268570801674E+07,
2451218.497893518, A.D. 1999-Feb-08 23:56:58.0000, -3.813793170285708E+08,  2.385931129503301E+08, -3.131195041521937E+07,
2451219.497893518, A.D. 1999-Feb-09 23:56:58.0000, -3.820696568202609E+08,  2.372442191818235E+08, -3.118087678252330E+07,
2451220.497893518, A.D. 1999-Feb-10 23:56:58.0000, -3.827558664041306E+08,  2.358927596100395E+08, -3.104946592029041E+07,
2451221.497893518, A.D. 1999-Feb-11 23:56:58.0000, -3.834379346061613E+08,  2.345387465278637E+08, -3.091771894526143E+07,
2451222.497893518, A.D. 1999-Feb-12 23:56:58.0000, -3.841158502850854E+08,  2.331821922829768E+08, -3.078563698056308E+07,
2451223.497893518, A.D. 1999-Feb-13 23:56:58.0000, -3.847896023326526E+08,  2.318231092777921E+08, -3.065322115571570E+07,
2451224.497893518, A.D. 1999-Feb-14 23:56:58.0000, -3.854591796738876E+08,  2.304615099693939E+08, -3.052047260664137E+07,
2451225.497893518, A.D. 1999-Feb-15 23:56:58.0000, -3.861245712673357E+08,  2.290974068694810E+08, -3.038739247567248E+07,
2451226.497893518, A.D. 1999-Feb-16 23:56:58.0000, -3.867857661052997E+08,  2.277308125443180E+08, -3.025398191156014E+07,
2451227.497893518, A.D. 1999-Feb-17 23:56:58.0000, -3.874427532140642E+08,  2.263617396146970E+08, -3.012024206948242E+07,
2451228.497893518, A.D. 1999-Feb-18 23:56:58.0000, -3.880955216541123E+08,  2.249902007559162E+08, -2.998617411105184E+07,
2451229.497893518, A.D. 1999-Feb-19 23:56:58.0000, -3.887440605203366E+08,  2.236162086977784E+08, -2.985177920432156E+07,
2451230.497893518, A.D. 1999-Feb-20 23:56:58.0000, -3.893883589422477E+08,  2.222397762246134E+08, -2.971705852378897E+07,
2451231.497893518, A.D. 1999-Feb-21 23:56:58.0000, -3.900284060841905E+08,  2.208609161753285E+08, -2.958201325039696E+07,
2451232.497893518, A.D. 1999-Feb-22 23:56:58.0000, -3.906641911455694E+08,  2.194796414434876E+08, -2.944664457152990E+07,
2451233.497893518, A.D. 1999-Feb-23 23:56:58.0000, -3.912957033611057E+08,  2.180959649774199E+08, -2.931095368100678E+07,
2451234.497893518, A.D. 1999-Feb-24 23:56:58.0000, -3.919229320011213E+08,  2.167098997803484E+08, -2.917494177906713E+07,
2451235.497893518, A.D. 1999-Feb-25 23:56:58.0000, -3.925458663718681E+08,  2.153214589105389E+08, -2.903861007235249E+07,
2451236.497893518, A.D. 1999-Feb-26 23:56:58.0000, -3.931644958159106E+08,  2.139306554814458E+08, -2.890195977388213E+07,
2451237.497893518, A.D. 1999-Feb-27 23:56:58.0000, -3.937788097125601E+08,  2.125375026618488E+08, -2.876499210302496E+07,
2451238.497893518, A.D. 1999-Feb-28 23:56:58.0000, -3.943887974783591E+08,  2.111420136759598E+08, -2.862770828546862E+07,
2451239.497893518, A.D. 1999-Mar-01 23:56:58.0000, -3.949944485676104E+08,  2.097442018034863E+08, -2.849010955318796E+07,
2451240.497893518, A.D. 1999-Mar-02 23:56:58.0000, -3.955957524729345E+08,  2.083440803796369E+08, -2.835219714441498E+07,
2451241.497893518, A.D. 1999-Mar-03 23:56:58.0000, -3.961926987258387E+08,  2.069416627950659E+08, -2.821397230361260E+07,
2451242.497893518, A.D. 1999-Mar-04 23:56:58.0000, -3.967852768972793E+08,  2.055369624957559E+08, -2.807543628145372E+07,
2451243.497893518, A.D. 1999-Mar-05 23:56:58.0000, -3.973734765982021E+08,  2.041299929828438E+08, -2.793659033480662E+07,
2451244.497893518, A.D. 1999-Mar-06 23:56:58.0000, -3.979572874800438E+08,  2.027207678124037E+08, -2.779743572672693E+07,
2451245.497893518, A.D. 1999-Mar-07 23:56:58.0000, -3.985366992351927E+08,  2.013093005951970E+08, -2.765797372645593E+07,
2451246.497893518, A.D. 1999-Mar-08 23:56:58.0000, -3.991117015973991E+08,  1.998956049964094E+08, -2.751820560942400E+07,
2451247.497893518, A.D. 1999-Mar-09 23:56:58.0000, -3.996822843421424E+08,  1.984796947353855E+08, -2.737813265725786E+07,
2451248.497893518, A.D. 1999-Mar-10 23:56:58.0000, -4.002484372869581E+08,  1.970615835853738E+08, -2.723775615779059E+07,
2451249.497893518, A.D. 1999-Mar-11 23:56:58.0000, -4.008101502917349E+08,  1.956412853732847E+08, -2.709707740507251E+07,
2451250.497893518, A.D. 1999-Mar-12 23:56:58.0000, -4.013674132589865E+08,  1.942188139794751E+08, -2.695609769938214E+07,
2451251.497893518, A.D. 1999-Mar-13 23:56:58.0000, -4.019202161341100E+08,  1.927941833375513E+08, -2.681481834723633E+07,
2451252.497893518, A.D. 1999-Mar-14 23:56:58.0000, -4.024685489056367E+08,  1.913674074341967E+08, -2.667324066139903E+07,
2451253.497893518, A.D. 1999-Mar-15 23:56:58.0000, -4.030124016054797E+08,  1.899385003090177E+08, -2.653136596088782E+07,
2451254.497893518, A.D. 1999-Mar-16 23:56:58.0000, -4.035517643091850E+08,  1.885074760544076E+08, -2.638919557097902E+07,
2451255.497893518, A.D. 1999-Mar-17 23:56:58.0000, -4.040866271361873E+08,  1.870743488154237E+08, -2.624673082321034E+07,
2451256.497893518, A.D. 1999-Mar-18 23:56:58.0000, -4.046169802500720E+08,  1.856391327896749E+08, -2.610397305538190E+07,
2451257.497893518, A.D. 1999-Mar-19 23:56:58.0000, -4.051428138588464E+08,  1.842018422272169E+08, -2.596092361155553E+07,
2451258.497893518, A.D. 1999-Mar-20 23:56:58.0000, -4.056641182152181E+08,  1.827624914304516E+08, -2.581758384205233E+07,
2451259.497893518, A.D. 1999-Mar-21 23:56:58.0000, -4.061808836168811E+08,  1.813210947540300E+08, -2.567395510344916E+07,
2451260.497893518, A.D. 1999-Mar-22 23:56:58.0000, -4.066931004068101E+08,  1.798776666047553E+08, -2.553003875857373E+07,
2451261.497893518, A.D. 1999-Mar-23 23:56:58.0000, -4.072007589735605E+08,  1.784322214414864E+08, -2.538583617649891E+07,
2451262.497893518, A.D. 1999-Mar-24 23:56:58.0000, -4.077038497515752E+08,  1.769847737750384E+08, -2.524134873253612E+07,
2451263.497893518, A.D. 1999-Mar-25 23:56:58.0000, -4.082023632214959E+08,  1.755353381680826E+08, -2.509657780822807E+07,
2451264.497893518, A.D. 1999-Mar-26 23:56:58.0000, -4.086962899104789E+08,  1.740839292350426E+08, -2.495152479134079E+07,
2451265.497893518, A.D. 1999-Mar-27 23:56:58.0000, -4.091856203925158E+08,  1.726305616419874E+08, -2.480619107585520E+07,
2451266.497893518, A.D. 1999-Mar-28 23:56:58.0000, -4.096703452887553E+08,  1.711752501065209E+08, -2.466057806195848E+07,
2451267.497893518, A.D. 1999-Mar-29 23:56:58.0000, -4.101504552678303E+08,  1.697180093976685E+08, -2.451468715603474E+07,
2451268.497893518, A.D. 1999-Mar-30 23:56:58.0000, -4.106259410461848E+08,  1.682588543357593E+08, -2.436851977065543E+07,
2451269.497893518, A.D. 1999-Mar-31 23:56:58.0000, -4.110967933884043E+08,  1.667977997923053E+08, -2.422207732456971E+07,
2451270.497893518, A.D. 1999-Apr-01 23:56:58.0000, -4.115630031075466E+08,  1.653348606898760E+08, -2.407536124269424E+07,
2451271.497893518, A.D. 1999-Apr-02 23:56:58.0000, -4.120245610654754E+08,  1.638700520019705E+08, -2.392837295610286E+07,
2451272.497893518, A.D. 1999-Apr-03 23:56:58.0000, -4.124814581731924E+08,  1.624033887528855E+08, -2.378111390201610E+07,
2451273.497893518, A.D. 1999-Apr-04 23:56:58.0000, -4.129336853911726E+08,  1.609348860175794E+08, -2.363358552379021E+07,
2451274.497893518, A.D. 1999-Apr-05 23:56:58.0000, -4.133812337296984E+08,  1.594645589215339E+08, -2.348578927090642E+07,
2451275.497893518, A.D. 1999-Apr-06 23:56:58.0000, -4.138240942491959E+08,  1.579924226406115E+08, -2.333772659895952E+07,
2451276.497893518, A.D. 1999-Apr-07 23:56:58.0000, -4.142622580605697E+08,  1.565184924009099E+08, -2.318939896964654E+07,
2451277.497893518, A.D. 1999-Apr-08 23:56:58.0000, -4.146957163255393E+08,  1.550427834786133E+08, -2.304080785075504E+07,
2451278.497893518, A.D. 1999-Apr-09 23:56:58.0000, -4.151244602569749E+08,  1.535653111998403E+08, -2.289195471615137E+07,
2451279.497893518, A.D. 1999-Apr-10 23:56:58.0000, -4.155484811192340E+08,  1.520860909404885E+08, -2.274284104576861E+07,
2451280.497893518, A.D. 1999-Apr-11 23:56:58.0000, -4.159677702284970E+08,  1.506051381260767E+08, -2.259346832559425E+07,
2451281.497893518, A.D. 1999-Apr-12 23:56:58.0000, -4.163823189531035E+08,  1.491224682315827E+08, -2.244383804765783E+07,
2451282.497893518, A.D. 1999-Apr-13 23:56:58.0000, -4.167921187138892E+08,  1.476380967812798E+08, -2.229395171001822E+07,
2451283.497893518, A.D. 1999-Apr-14 23:56:58.0000, -4.171971609845206E+08,  1.461520393485682E+08, -2.214381081675079E+07,
2451284.497893518, A.D. 1999-Apr-15 23:56:58.0000, -4.175974372918316E+08,  1.446643115558053E+08, -2.199341687793430E+07,
2451285.497893518, A.D. 1999-Apr-16 23:56:58.0000, -4.179929392161592E+08,  1.431749290741313E+08, -2.184277140963762E+07,
2451286.497893518, A.D. 1999-Apr-17 23:56:58.0000, -4.183836583916789E+08,  1.416839076232931E+08, -2.169187593390626E+07,
2451287.497893518, A.D. 1999-Apr-18 23:56:58.0000, -4.187695865067392E+08,  1.401912629714640E+08, -2.154073197874867E+07,
2451288.497893518, A.D. 1999-Apr-19 23:56:58.0000, -4.191507153041976E+08,  1.386970109350614E+08, -2.138934107812223E+07,
2451289.497893518, A.D. 1999-Apr-20 23:56:58.0000, -4.195270365817547E+08,  1.372011673785601E+08, -2.123770477191928E+07,
2451290.497893518, A.D. 1999-Apr-21 23:56:58.0000, -4.198985421922878E+08,  1.357037482143036E+08, -2.108582460595269E+07,
2451291.497893518, A.D. 1999-Apr-22 23:56:58.0000, -4.202652240441863E+08,  1.342047694023114E+08, -2.093370213194145E+07,
2451292.497893518, A.D. 1999-Apr-23 23:56:58.0000, -4.206270741016838E+08,  1.327042469500835E+08, -2.078133890749587E+07,
2451293.497893518, A.D. 1999-Apr-24 23:56:58.0000, -4.209840843851913E+08,  1.312021969124010E+08, -2.062873649610280E+07,
2451294.497893518, A.D. 1999-Apr-25 23:56:58.0000, -4.213362469716300E+08,  1.296986353911237E+08, -2.047589646711053E+07,
2451295.497893518, A.D. 1999-Apr-26 23:56:58.0000, -4.216835539947628E+08,  1.281935785349841E+08, -2.032282039571360E+07,
2451296.497893518, A.D. 1999-Apr-27 23:56:58.0000, -4.220259976455246E+08,  1.266870425393773E+08, -2.016950986293751E+07,
2451297.497893518, A.D. 1999-Apr-28 23:56:58.0000, -4.223635701723530E+08,  1.251790436461474E+08, -2.001596645562313E+07,
2451298.497893518, A.D. 1999-Apr-29 23:56:58.0000, -4.226962638815171E+08,  1.236695981433703E+08, -1.986219176641130E+07,
2451299.497893518, A.D. 1999-Apr-30 23:56:58.0000, -4.230240711374444E+08,  1.221587223651316E+08, -1.970818739372716E+07,
2451300.497893518, A.D. 1999-May-01 23:56:58.0000, -4.233469843630478E+08,  1.206464326913011E+08, -1.955395494176439E+07,
2451301.497893518, A.D. 1999-May-02 23:56:58.0000, -4.236649960400490E+08,  1.191327455473024E+08, -1.939949602046968E+07,
2451302.497893518, A.D. 1999-May-03 23:56:58.0000, -4.239780987093003E+08,  1.176176774038778E+08, -1.924481224552706E+07,
2451303.497893518, A.D. 1999-May-04 23:56:58.0000, -4.242862849711045E+08,  1.161012447768495E+08, -1.908990523834239E+07,
2451304.497893518, A.D. 1999-May-05 23:56:58.0000, -4.245895474855300E+08,  1.145834642268749E+08, -1.893477662602799E+07,
2451305.497893518, A.D. 1999-May-06 23:56:58.0000, -4.248878789727222E+08,  1.130643523591983E+08, -1.877942804138736E+07,
2451306.497893518, A.D. 1999-May-07 23:56:58.0000, -4.251812722132123E+08,  1.115439258233968E+08, -1.862386112290057E+07,
2451307.497893518, A.D. 1999-May-08 23:56:58.0000, -4.254697200482161E+08,  1.100222013131229E+08, -1.846807751470943E+07,
2451308.497893518, A.D. 1999-May-09 23:56:58.0000, -4.257532153799309E+08,  1.084991955658424E+08, -1.831207886660348E+07,
2451309.497893518, A.D. 1999-May-10 23:56:58.0000, -4.260317511718205E+08,  1.069749253625699E+08, -1.815586683400611E+07,
2451310.497893518, A.D. 1999-May-11 23:56:58.0000, -4.263053204488932E+08,  1.054494075276014E+08, -1.799944307796147E+07,
2451311.497893518, A.D. 1999-May-12 23:56:58.0000, -4.265739162979694E+08,  1.039226589282461E+08, -1.784280926512142E+07,
2451312.497893518, A.D. 1999-May-13 23:56:58.0000, -4.268375318679364E+08,  1.023946964745608E+08, -1.768596706773327E+07,
2451313.497893518, A.D. 1999-May-14 23:56:58.0000, -4.270961603699932E+08,  1.008655371190870E+08, -1.752891816362738E+07,
2451314.497893518, A.D. 1999-May-15 23:56:58.0000, -4.273497950778788E+08,  9.933519785659499E+07, -1.737166423620497E+07,
2451315.497893518, A.D. 1999-May-16 23:56:58.0000, -4.275984293280951E+08,  9.780369572384122E+07, -1.721420697442561E+07,
2451316.497893518, A.D. 1999-May-17 23:56:58.0000, -4.278420565201114E+08,  9.627104779933828E+07, -1.705654807279368E+07,
2451317.497893518, A.D. 1999-May-18 23:56:58.0000, -4.280806701165665E+08,  9.473727120314619E+07, -1.689868923134346E+07,
2451318.497893518, A.D. 1999-May-19 23:56:58.0000, -4.283142636434666E+08,  9.320238309668770E+07, -1.674063215562184E+07,
2451319.497893518, A.D. 1999-May-20 23:56:58.0000, -4.285428306903875E+08,  9.166640068259040E+07, -1.658237855666791E+07,
2451320.497893518, A.D. 1999-May-21 23:56:58.0000, -4.287663649106877E+08,  9.012934120455772E+07, -1.642393015098858E+07,
2451321.497893518, A.D. 1999-May-22 23:56:58.0000, -4.289848600217453E+08,  8.859122194726758E+07, -1.626528866052920E+07,
2451322.497893518, A.D. 1999-May-23 23:56:58.0000, -4.291983098052274E+08,  8.705206023629381E+07, -1.610645581263885E+07,
2451323.497893518, A.D. 1999-May-24 23:56:58.0000, -4.294067081074004E+08,  8.551187343804134E+07, -1.594743334002979E+07,
2451324.497893518, A.D. 1999-May-25 23:56:58.0000, -4.296100488394916E+08,  8.397067895968410E+07, -1.578822298073205E+07,
2451325.497893518, A.D. 1999-May-26 23:56:58.0000, -4.298083259781001E+08,  8.242849424908847E+07, -1.562882647804355E+07,
2451326.497893518, A.D. 1999-May-27 23:56:58.0000, -4.300015335656572E+08,  8.088533679470760E+07, -1.546924558047761E+07,
2451327.497893518, A.D. 1999-May-28 23:56:58.0000, -4.301896657109293E+08,  7.934122412543069E+07, -1.530948204170987E+07,
2451328.497893518, A.D. 1999-May-29 23:56:58.0000, -4.303727165895462E+08,  7.779617381037536E+07, -1.514953762052666E+07,
2451329.497893518, A.D. 1999-May-30 23:56:58.0000, -4.305506804445370E+08,  7.625020345861782E+07, -1.498941408077735E+07,
2451330.497893518, A.D. 1999-May-31 23:56:58.0000, -4.307235515868617E+08,  7.470333071886072E+07, -1.482911319133165E+07,
2451331.497893518, A.D. 1999-Jun-01 23:56:58.0000, -4.308913243959134E+08,  7.315557327904408E+07, -1.466863672604357E+07,
2451332.497893518, A.D. 1999-Jun-02 23:56:58.0000, -4.310539933199828E+08,  7.160694886591387E+07, -1.450798646372169E+07,
2451333.497893518, A.D. 1999-Jun-03 23:56:58.0000, -4.312115528766782E+08,  7.005747524455924E+07, -1.434716418810575E+07,
2451334.497893518, A.D. 1999-Jun-04 23:56:58.0000, -4.313639976532939E+08,  6.850717021793491E+07, -1.418617168784822E+07,
2451335.497893518, A.D. 1999-Jun-05 23:56:58.0000, -4.315113223071343E+08,  6.695605162638233E+07, -1.402501075649989E+07,
2451336.497893518, A.D. 1999-Jun-06 23:56:58.0000, -4.316535215657956E+08,  6.540413734716037E+07, -1.386368319249765E+07,
2451337.497893518, A.D. 1999-Jun-07 23:56:58.0000, -4.317905902274156E+08,  6.385144529399274E+07, -1.370219079915339E+07,
2451338.497893518, A.D. 1999-Jun-08 23:56:58.0000, -4.319225231608979E+08,  6.229799341663664E+07, -1.354053538464298E+07,
2451339.497893518, A.D. 1999-Jun-09 23:56:58.0000, -4.320493153061209E+08,  6.074379970047399E+07, -1.337871876199409E+07,
2451340.497893518, A.D. 1999-Jun-10 23:56:58.0000, -4.321709616741361E+08,  5.918888216612503E+07, -1.321674274907265E+07,
2451341.497893518, A.D. 1999-Jun-11 23:56:58.0000, -4.322874573473634E+08,  5.763325886908168E+07, -1.305460916856739E+07,
2451342.497893518, A.D. 1999-Jun-12 23:56:58.0000, -4.323987974797871E+08,  5.607694789935777E+07, -1.289231984797223E+07,
2451343.497893518, A.D. 1999-Jun-13 23:56:58.0000, -4.325049772971547E+08,  5.451996738115259E+07, -1.272987661956687E+07,
2451344.497893518, A.D. 1999-Jun-14 23:56:58.0000, -4.326059920971814E+08,  5.296233547252502E+07, -1.256728132039534E+07,
2451345.497893518, A.D. 1999-Jun-15 23:56:58.0000, -4.327018372497604E+08,  5.140407036507572E+07, -1.240453579224270E+07,
2451346.497893518, A.D. 1999-Jun-16 23:56:58.0000, -4.327925081971790E+08,  4.984519028363287E+07, -1.224164188161040E+07,
2451347.497893518, A.D. 1999-Jun-17 23:56:58.0000, -4.328780004543412E+08,  4.828571348594173E+07, -1.207860143969006E+07,
2451348.497893518, A.D. 1999-Jun-18 23:56:58.0000, -4.329583096089958E+08,  4.672565826235482E+07, -1.191541632233615E+07,
2451349.497893518, A.D. 1999-Jun-19 23:56:58.0000, -4.330334313219686E+08,  4.516504293552170E+07, -1.175208839003772E+07,
2451350.497893518, A.D. 1999-Jun-20 23:56:58.0000, -4.331033613273994E+08,  4.360388586007750E+07, -1.158861950788908E+07,
2451351.497893518, A.D. 1999-Jun-21 23:56:58.0000, -4.331680954329818E+08,  4.204220542232929E+07, -1.142501154555998E+07,
2451352.497893518, A.D. 1999-Jun-22 23:56:58.0000, -4.332276295202063E+08,  4.048002003993981E+07, -1.126126637726505E+07,
2451353.497893518, A.D. 1999-Jun-23 23:56:58.0000, -4.332819595446036E+08,  3.891734816160828E+07, -1.109738588173259E+07,
2451354.497893518, A.D. 1999-Jun-24 23:56:58.0000, -4.333310815359911E+08,  3.735420826674789E+07, -1.093337194217312E+07,
2451355.497893518, A.D. 1999-Jun-25 23:56:58.0000, -4.333749915987200E+08,  3.579061886516012E+07, -1.076922644624742E+07,
2451356.497893518, A.D. 1999-Jun-26 23:56:58.0000, -4.334136859119211E+08,  3.422659849670546E+07, -1.060495128603415E+07,
2451357.497893518, A.D. 1999-Jun-27 23:56:58.0000, -4.334471607297527E+08,  3.266216573097099E+07, -1.044054835799725E+07,
2451358.497893518, A.D. 1999-Jun-28 23:56:58.0000, -4.334754123816464E+08,  3.109733916693430E+07, -1.027601956295299E+07,
2451359.497893518, A.D. 1999-Jun-29 23:56:58.0000, -4.334984372725537E+08,  2.953213743262472E+07, -1.011136680603671E+07,
2451360.497893518, A.D. 1999-Jun-30 23:56:58.0000, -4.335162318831906E+08,  2.796657918478027E+07, -9.946591996669408E+06,
2451361.497893518, A.D. 1999-Jul-01 23:56:58.0000, -4.335287927702816E+08,  2.640068310850252E+07, -9.781697048523953E+06,
2451362.497893518, A.D. 1999-Jul-02 23:56:58.0000, -4.335361165668023E+08,  2.483446791690785E+07, -9.616683879491139E+06,
2451363.497893518, A.D. 1999-Jul-03 23:56:58.0000, -4.335381999822214E+08,  2.326795235077582E+07, -9.451554411645474E+06,
2451364.497893518, A.D. 1999-Jul-04 23:56:58.0000, -4.335350398027393E+08,  2.170115517819459E+07, -9.286310571210722E+06,
2451365.497893518, A.D. 1999-Jul-05 23:56:58.0000, -4.335266328915274E+08,  2.013409519420355E+07, -9.120954288525261E+06,
2451366.497893518, A.D. 1999-Jul-06 23:56:58.0000, -4.335129761889643E+08,  1.856679122043310E+07, -8.955487498007165E+06,
2451367.497893518, A.D. 1999-Jul-07 23:56:58.0000, -4.334940667128705E+08,  1.699926210474181E+07, -8.789912138119094E+06,
2451368.497893518, A.D. 1999-Jul-08 23:56:58.0000, -4.334699015587415E+08,  1.543152672085078E+07, -8.624230151332930E+06,
2451369.497893518, A.D. 1999-Jul-09 23:56:58.0000, -4.334404778999788E+08,  1.386360396797543E+07, -8.458443484094216E+06,
2451370.497893518, A.D. 1999-Jul-10 23:56:58.0000, -4.334057929881192E+08,  1.229551277045470E+07, -8.292554086786352E+06,
2451371.497893518, A.D. 1999-Jul-11 23:56:58.0000, -4.333658441530628E+08,  1.072727207737769E+07, -8.126563913694574E+06,
2451372.497893518, A.D. 1999-Jul-12 23:56:58.0000, -4.333206288032971E+08,  9.158900862207685E+06, -7.960474922969703E+06,
2451373.497893518, A.D. 1999-Jul-13 23:56:58.0000, -4.332701444261216E+08,  7.590418122403713E+06, -7.794289076591678E+06,
2451374.497893518, A.D. 1999-Jul-14 23:56:58.0000, -4.332143885878684E+08,  6.021842879039554E+06, -7.628008340332869E+06,
2451375.497893518, A.D. 1999-Jul-15 23:56:58.0000, -4.331533589341222E+08,  4.453194176420223E+06, -7.461634683721187E+06,
2451376.497893518, A.D. 1999-Jul-16 23:56:58.0000, -4.330870531899370E+08,  2.884491081695858E+06, -7.295170080002932E+06,
2451377.497893518, A.D. 1999-Jul-17 23:56:58.0000, -4.330154691600516E+08,  1.315752684473131E+06, -7.128616506105509E+06,
2451378.497893518, A.D. 1999-Jul-18 23:56:58.0000, -4.329386047291027E+08, -2.530019035760146E+05, -6.961975942599867E+06,
2451379.497893518, A.D. 1999-Jul-19 23:56:58.0000, -4.328564578618357E+08, -1.821753549108261E+06, -6.795250373662797E+06,
2451380.497893518, A.D. 1999-Jul-20 23:56:58.0000, -4.327690266033134E+08, -3.390483097505443E+06, -6.628441787038995E+06,
2451381.497893518, A.D. 1999-Jul-21 23:56:58.0000, -4.326763090791224E+08, -4.959171373273915E+06, -6.461552174003005E+06,
2451382.497893518, A.D. 1999-Jul-22 23:56:58.0000, -4.325783034955776E+08, -6.527799180446671E+06, -6.294583529320942E+06,
2451383.497893518, A.D. 1999-Jul-23 23:56:58.0000, -4.324750081399235E+08, -8.096347302988540E+06, -6.127537851212112E+06,
2451384.497893518, A.D. 1999-Jul-24 23:56:58.0000, -4.323664213805330E+08, -9.664796505204121E+06, -5.960417141310462E+06,
2451385.497893518, A.D. 1999-Jul-25 23:56:58.0000, -4.322525416671052E+08, -1.123312753214915E+07, -5.793223404625962E+06,
2451386.497893518, A.D. 1999-Jul-26 23:56:58.0000, -4.321333675308576E+08, -1.280132111004496E+07, -5.625958649505879E+06,
2451387.497893518, A.D. 1999-Jul-27 23:56:58.0000, -4.320088975847181E+08, -1.436935794669635E+07, -5.458624887595996E+06,
2451388.497893518, A.D. 1999-Jul-28 23:56:58.0000, -4.318791305235115E+08, -1.593721873191313E+07, -5.291224133801863E+06,
2451389.497893518, A.D. 1999-Jul-29 23:56:58.0000, -4.317440651241439E+08, -1.750488413793499E+07, -5.123758406249979E+06,
2451390.497893518, A.D. 1999-Jul-30 23:56:58.0000, -4.316037002457824E+08, -1.907233481986049E+07, -4.956229726249131E+06,
2451391.497893518, A.D. 1999-Jul-31 23:56:58.0000, -4.314580348300306E+08, -2.063955141607982E+07, -4.788640118251835E+06,
2451392.497893518, A.D. 1999-Aug-01 23:56:58.0000, -4.313070679010990E+08, -2.220651454871140E+07, -4.620991609815918E+06,
2451393.497893518, A.D. 1999-Aug-02 23:56:58.0000, -4.311507985659697E+08, -2.377320482404258E+07, -4.453286231566385E+06,
2451394.497893518, A.D. 1999-Aug-03 23:56:58.0000, -4.309892260145550E+08, -2.533960283297393E+07, -4.285526017157568E+06,
2451395.497893518, A.D. 1999-Aug-04 23:56:58.0000, -4.308223495198482E+08, -2.690568915146735E+07, -4.117713003235655E+06,
2451396.497893518, A.D. 1999-Aug-05 23:56:58.0000, -4.306501684380658E+08, -2.847144434099697E+07, -3.949849229401676E+06,
2451397.497893518, A.D. 1999-Aug-06 23:56:58.0000, -4.304726822087808E+08, -3.003684894900253E+07, -3.781936738174874E+06,
2451398.497893518, A.D. 1999-Aug-07 23:56:58.0000, -4.302898903550448E+08, -3.160188350934403E+07, -3.613977574956676E+06,
2451399.497893518, A.D. 1999-Aug-08 23:56:58.0000, -4.301017924834978E+08, -3.316652854275607E+07, -3.445973787995107E+06,
2451400.497893518, A.D. 1999-Aug-09 23:56:58.0000, -4.299083882844656E+08, -3.473076455729978E+07, -3.277927428349616E+06,
2451401.497893518, A.D. 1999-Aug-10 23:56:58.0000, -4.297096775320430E+08, -3.629457204880980E+07, -3.109840549856164E+06,
2451402.497893518, A.D. 1999-Aug-11 23:56:58.0000, -4.295056600841624E+08, -3.785793150133303E+07, -2.941715209092399E+06,
2451403.497893518, A.D. 1999-Aug-12 23:56:58.0000, -4.292963358826494E+08, -3.942082338755532E+07, -2.773553465342466E+06,
2451404.497893518, A.D. 1999-Aug-13 23:56:58.0000, -4.290817049532660E+08, -4.098322816921148E+07, -2.605357380561035E+06,
2451405.497893518, A.D. 1999-Aug-14 23:56:58.0000, -4.288617674057448E+08, -4.254512629747460E+07, -2.437129019335821E+06,
2451406.497893518, A.D. 1999-Aug-15 23:56:58.0000, -4.286365234338191E+08, -4.410649821331996E+07, -2.268870448847884E+06,
2451407.497893518, A.D. 1999-Aug-16 23:56:58.0000, -4.284059733152547E+08, -4.566732434786083E+07, -2.100583738828775E+06,
2451408.497893518, A.D. 1999-Aug-17 23:56:58.0000, -4.281701174118946E+08, -4.722758512265462E+07, -1.932270961513769E+06,
2451409.497893518, A.D. 1999-Aug-18 23:56:58.0000, -4.279289561697217E+08, -4.878726094997886E+07, -1.763934191589884E+06,
2451410.497893518, A.D. 1999-Aug-19 23:56:58.0000, -4.276824901189577E+08, -5.034633223308805E+07, -1.595575506139252E+06,
2451411.497893518, A.D. 1999-Aug-20 23:56:58.0000, -4.274307198741963E+08, -5.190477936644928E+07, -1.427196984576173E+06,
2451412.497893518, A.D. 1999-Aug-21 23:56:58.0000, -4.271736461345894E+08, -5.346258273598029E+07, -1.258800708579518E+06,
2451413.497893518, A.D. 1999-Aug-22 23:56:58.0000, -4.269112696840816E+08, -5.501972271929864E+07, -1.090388762020774E+06,
2451414.497893518, A.D. 1999-Aug-23 23:56:58.0000, -4.266435913916895E+08, -5.657617968599901E+07, -9.219632308897004E+05,
2451415.497893518, A.D. 1999-Aug-24 23:56:58.0000, -4.263706122118248E+08, -5.813193399797641E+07, -7.535262032194771E+05,
2451416.497893518, A.D. 1999-Aug-25 23:56:58.0000, -4.260923331846377E+08, -5.968696600980431E+07, -5.850797690134831E+05,
2451417.497893518, A.D. 1999-Aug-26 23:56:58.0000, -4.258087554363695E+08, -6.124125606917470E+07, -4.166260201759748E+05,
2451418.497893518, A.D. 1999-Aug-27 23:56:58.0000, -4.255198801796941E+08, -6.279478451739886E+07, -2.481670504481643E+05,
2451419.497893518, A.D. 1999-Aug-28 23:56:58.0000, -4.252257087140310E+08, -6.434753168996217E+07, -7.970495535073429E+04,
2451420.497893518, A.D. 1999-Aug-29 23:56:58.0000, -4.249262424258199E+08, -6.589947791712211E+07,  8.875816786704212E+04,
2451421.497893518, A.D. 1999-Aug-30 23:56:58.0000, -4.246214827887453E+08, -6.745060352453509E+07,  2.572202202719301E+05,
2451422.497893518, A.D. 1999-Aug-31 23:56:58.0000, -4.243114313639117E+08, -6.900088883389623E+07,  4.256791012861840E+05,
2451423.497893518, A.D. 1999-Sep-01 23:56:58.0000, -4.239960897999705E+08, -7.055031416357838E+07,  5.941327087231390E+05,
2451424.497893518, A.D. 1999-Sep-02 23:56:58.0000, -4.236754598332041E+08, -7.209885982926044E+07,  7.625789388204999E+05,
2451425.497893518, A.D. 1999-Sep-03 23:56:58.0000, -4.233495432875777E+08, -7.364650614453962E+07,  9.310156862722039E+05,
2451426.497893518, A.D. 1999-Sep-04 23:56:58.0000, -4.230183420747627E+08, -7.519323342151716E+07,  1.099440844260570E+06,
2451427.497893518, A.D. 1999-Sep-05 23:56:58.0000, -4.226818581941439E+08, -7.673902197136328E+07,  1.267852304489192E+06,
2451428.497893518, A.D. 1999-Sep-06 23:56:58.0000, -4.223400937328159E+08, -7.828385210485733E+07,  1.436247957217261E+06,
2451429.497893518, A.D. 1999-Sep-07 23:56:58.0000, -4.219930508655738E+08, -7.982770413290757E+07,  1.604625691295713E+06,
2451430.497893518, A.D. 1999-Sep-08 23:56:58.0000, -4.216407318549044E+08, -8.137055836705229E+07,  1.772983394205231E+06,
2451431.497893518, A.D. 1999-Sep-09 23:56:58.0000, -4.212831390509772E+08, -8.291239511994645E+07,  1.941318952096295E+06,
2451432.497893518, A.D. 1999-Sep-10 23:56:58.0000, -4.209202748916414E+08, -8.445319470583656E+07,  2.109630249830820E+06,
2451433.497893518, A.D. 1999-Sep-11 23:56:58.0000, -4.205521419024258E+08, -8.599293744102687E+07,  2.277915171025679E+06,
2451434.497893518, A.D. 1999-Sep-12 23:56:58.0000, -4.201787426965441E+08, -8.753160364433928E+07,  2.446171598097481E+06,
2451435.497893518, A.D. 1999-Sep-13 23:56:58.0000, -4.198000799749050E+08, -8.906917363756932E+07,  2.614397412308726E+06,
2451436.497893518, A.D. 1999-Sep-14 23:56:58.0000, -4.194161565261251E+08, -9.060562774593967E+07,  2.782590493814930E+06,
2451437.497893518, A.D. 1999-Sep-15 23:56:58.0000, -4.190269752265472E+08, -9.214094629855271E+07,  2.950748721712675E+06,
2451438.497893518, A.D. 1999-Sep-16 23:56:58.0000, -4.186325390402584E+08, -9.367510962884283E+07,  3.118869974088438E+06,
2451439.497893518, A.D. 1999-Sep-17 23:56:58.0000, -4.182328510191125E+08, -9.520809807502998E+07,  3.286952128067959E+06,
2451440.497893518, A.D. 1999-Sep-18 23:56:58.0000, -4.178279143027520E+08, -9.673989198057336E+07,  3.454993059866119E+06,
2451441.497893518, A.D. 1999-Sep-19 23:56:58.0000, -4.174177321186313E+08, -9.827047169462766E+07,  3.622990644837238E+06,
2451442.497893518, A.D. 1999-Sep-20 23:56:58.0000, -4.170023077820395E+08, -9.979981757250045E+07,  3.790942757525742E+06,
2451443.497893518, A.D. 1999-Sep-21 23:56:58.0000, -4.165816446961227E+08, -1.013279099761120E+08,  3.958847271716908E+06,
2451444.497893518, A.D. 1999-Sep-22 23:56:58.0000, -4.161557463519052E+08, -1.028547292744557E+08,  4.126702060488202E+06,
2451445.497893518, A.D. 1999-Sep-23 23:56:58.0000, -4.157246163283091E+08, -1.043802558440620E+08,  4.294504996260375E+06,
2451446.497893518, A.D. 1999-Sep-24 23:56:58.0000, -4.152882582921726E+08, -1.059044700694628E+08,  4.462253950849019E+06,
2451447.497893518, A.D. 1999-Sep-25 23:56:58.0000, -4.148466759982655E+08, -1.074273523436586E+08,  4.629946795516118E+06,
2451448.497893518, A.D. 1999-Sep-26 23:56:58.0000, -4.143998732893046E+08, -1.089488830685869E+08,  4.797581401021667E+06,
2451449.497893518, A.D. 1999-Sep-27 23:56:58.0000, -4.139478540959623E+08, -1.104690426555918E+08,  4.965155637675665E+06,
2451450.497893518, A.D. 1999-Sep-28 23:56:58.0000, -4.134906224368779E+08, -1.119878115258955E+08,  5.132667375389822E+06,
2451451.497893518, A.D. 1999-Sep-29 23:56:58.0000, -4.130281824186624E+08, -1.135051701110715E+08,  5.300114483729556E+06,
2451452.497893518, A.D. 1999-Sep-30 23:56:58.0000, -4.125605382359021E+08, -1.150210988535184E+08,  5.467494831966102E+06,
2451453.497893518, A.D. 1999-Oct-01 23:56:58.0000, -4.120876941711596E+08, -1.165355782069355E+08,  5.634806289128520E+06,
2451454.497893518, A.D. 1999-Oct-02 23:56:58.0000, -4.116096545949703E+08, -1.180485886367992E+08,  5.802046724055983E+06,
2451455.497893518, A.D. 1999-Oct-03 23:56:58.0000, -4.111264239658375E+08, -1.195601106208406E+08,  5.969214005449906E+06,
2451456.497893518, A.D. 1999-Oct-04 23:56:58.0000, -4.106380068302234E+08, -1.210701246495245E+08,  6.136306001926325E+06,
2451457.497893518, A.D. 1999-Oct-05 23:56:58.0000, -4.101444078225386E+08, -1.225786112265278E+08,  6.303320582068183E+06,
2451458.497893518, A.D. 1999-Oct-06 23:56:58.0000, -4.096456316651258E+08, -1.240855508692216E+08,  6.470255614477806E+06,
2451459.497893518, A.D. 1999-Oct-07 23:56:58.0000, -4.091416831682431E+08, -1.255909241091513E+08,  6.637108967829295E+06,
2451460.497893518, A.D. 1999-Oct-08 23:56:58.0000, -4.086325672300420E+08, -1.270947114925196E+08,  6.803878510921016E+06,
2451461.497893518, A.D. 1999-Oct-09 23:56:58.0000, -4.081182888365449E+08, -1.285968935806683E+08,  6.970562112728260E+06,
2451462.497893518, A.D. 1999-Oct-10 23:56:58.0000, -4.075988530616157E+08, -1.300974509505635E+08,  7.137157642455712E+06,
2451463.497893518, A.D. 1999-Oct-11 23:56:58.0000, -4.070742650669308E+08, -1.315963641952792E+08,  7.303662969590083E+06,
2451464.497893518, A.D. 1999-Oct-12 23:56:58.0000, -4.065445301019447E+08, -1.330936139244829E+08,  7.470075963952832E+06,
2451465.497893518, A.D. 1999-Oct-13 23:56:58.0000, -4.060096535038534E+08, -1.345891807649214E+08,  7.636394495752782E+06,
2451466.497893518, A.D. 1999-Oct-14 23:56:58.0000, -4.054696406975541E+08, -1.360830453609084E+08,  7.802616435638778E+06,
2451467.497893518, A.D. 1999-Oct-15 23:56:58.0000, -4.049244971956015E+08, -1.375751883748114E+08,  7.968739654752411E+06,
2451468.497893518, A.D. 1999-Oct-16 23:56:58.0000, -4.043742285981619E+08, -1.390655904875410E+08,  8.134762024780743E+06,
2451469.497893518, A.D. 1999-Oct-17 23:56:58.0000, -4.038188405929624E+08, -1.405542323990398E+08,  8.300681418008856E+06,
2451470.497893518, A.D. 1999-Oct-18 23:56:58.0000, -4.032583389552376E+08, -1.420410948287738E+08,  8.466495707372576E+06,
2451471.497893518, A.D. 1999-Oct-19 23:56:58.0000, -4.026927295476736E+08, -1.435261585162229E+08,  8.632202766511030E+06,
2451472.497893518, A.D. 1999-Oct-20 23:56:58.0000, -4.021220183203464E+08, -1.450094042213747E+08,  8.797800469819099E+06,
2451473.497893518, A.D. 1999-Oct-21 23:56:58.0000, -4.015462113106582E+08, -1.464908127252179E+08,  8.963286692499846E+06,
2451474.497893518, A.D. 1999-Oct-22 23:56:58.0000, -4.009653146432701E+08, -1.479703648302378E+08,  9.128659310616866E+06,
2451475.497893518, A.D. 1999-Oct-23 23:56:58.0000, -4.003793345300298E+08, -1.494480413609133E+08,  9.293916201146297E+06,
2451476.497893518, A.D. 1999-Oct-24 23:56:58.0000, -3.997882772698953E+08, -1.509238231642155E+08,  9.459055242028832E+06,
2451477.497893518, A.D. 1999-Oct-25 23:56:58.0000, -3.991921492488545E+08, -1.523976911101076E+08,  9.624074312221371E+06,
2451478.497893518, A.D. 1999-Oct-26 23:56:58.0000, -3.985909569398395E+08, -1.538696260920475E+08,  9.788971291748449E+06,
2451479.497893518, A.D. 1999-Oct-27 23:56:58.0000, -3.979847069026358E+08, -1.553396090274913E+08,  9.953744061753295E+06,
2451480.497893518, A.D. 1999-Oct-28 23:56:58.0000, -3.973734057837849E+08, -1.568076208583997E+08,  1.011839050454845E+07,
2451481.497893518, A.D. 1999-Oct-29 23:56:58.0000, -3.967570603164818E+08, -1.582736425517461E+08,  1.028290850366606E+07,
2451482.497893518, A.D. 1999-Oct-30 23:56:58.0000, -3.961356773204630E+08, -1.597376551000260E+08,  1.044729594390748E+07,
2451483.497893518, A.D. 1999-Oct-31 23:56:58.0000, -3.955092637018884E+08, -1.611996395217687E+08,  1.061155071139235E+07,
2451484.497893518, A.D. 1999-Nov-01 23:56:58.0000, -3.948778264532123E+08, -1.626595768620495E+08,  1.077567069360712E+07,
2451485.497893518, A.D. 1999-Nov-02 23:56:58.0000, -3.942413726530443E+08, -1.641174481930028E+08,  1.093965377945257E+07,
2451486.497893518, A.D. 1999-Nov-03 23:56:58.0000, -3.935999094659995E+08, -1.655732346143336E+08,  1.110349785929100E+07,
2451487.497893518, A.D. 1999-Nov-04 23:56:58.0000, -3.929534441425345E+08, -1.670269172538271E+08,  1.126720082499236E+07,
2451488.497893518, A.D. 1999-Nov-05 23:56:58.0000, -3.923019840187703E+08, -1.684784772678542E+08,  1.143076056997998E+07,
2451489.497893518, A.D. 1999-Nov-06 23:56:58.0000, -3.916455365163011E+08, -1.699278958418688E+08,  1.159417498927565E+07,
2451490.497893518, A.D. 1999-Nov-07 23:56:58.0000, -3.909841091419852E+08, -1.713751541908961E+08,  1.175744197954436E+07,
2451491.497893518, A.D. 1999-Nov-08 23:56:58.0000, -3.903177094877272E+08, -1.728202335600051E+08,  1.192055943913951E+07,
2451492.497893518, A.D. 1999-Nov-09 23:56:58.0000, -3.896463452302411E+08, -1.742631152247638E+08,  1.208352526814815E+07,
2451493.497893518, A.D. 1999-Nov-10 23:56:58.0000, -3.889700241308074E+08, -1.757037804916700E+08,  1.224633736843798E+07,
2451494.497893518, A.D. 1999-Nov-11 23:56:58.0000, -3.882887540350254E+08, -1.771422106985558E+08,  1.240899364370608E+07,
2451495.497893518, A.D. 1999-Nov-12 23:56:58.0000, -3.876025428725668E+08, -1.785783872149606E+08,  1.257149199953075E+07,
2451496.497893518, A.D. 1999-Nov-13 23:56:58.0000, -3.869113986569394E+08, -1.800122914424730E+08,  1.273383034342684E+07,
2451497.497893518, A.D. 1999-Nov-14 23:56:58.0000, -3.862153294852725E+08, -1.814439048150417E+08,  1.289600658490606E+07,
2451498.497893518, A.D. 1999-Nov-15 23:56:58.0000, -3.855143435381329E+08, -1.828732087992610E+08,  1.305801863554217E+07,
2451499.497893518, A.D. 1999-Nov-16 23:56:58.0000, -3.848084490793819E+08, -1.843001848946398E+08,  1.321986440904158E+07,
2451500.497893518, A.D. 1999-Nov-17 23:56:58.0000, -3.840976544560779E+08, -1.857248146338643E+08,  1.338154182131883E+07,
2451501.497893518, A.D. 1999-Nov-18 23:56:58.0000, -3.833819680984303E+08, -1.871470795830764E+08,  1.354304879057568E+07,
2451502.497893518, A.D. 1999-Nov-19 23:56:58.0000, -3.826613985197986E+08, -1.885669613421749E+08,  1.370438323738264E+07,
2451503.497893518, A.D. 1999-Nov-20 23:56:58.0000, -3.819359543167300E+08, -1.899844415451609E+08,  1.386554308476067E+07,
2451504.497893518, A.D. 1999-Nov-21 23:56:58.0000, -3.812056441690208E+08, -1.913995018605376E+08,  1.402652625826060E+07,
2451505.497893518, A.D. 1999-Nov-22 23:56:58.0000, -3.804704768397822E+08, -1.928121239917691E+08,  1.418733068603877E+07,
2451506.497893518, A.D. 1999-Nov-23 23:56:58.0000, -3.797304611754976E+08, -1.942222896777970E+08,  1.434795429892661E+07,
2451507.497893518, A.D. 1999-Nov-24 23:56:58.0000, -3.789856061060481E+08, -1.956299806936111E+08,  1.450839503049365E+07,
2451508.497893518, A.D. 1999-Nov-25 23:56:58.0000, -3.782359206446983E+08, -1.970351788508578E+08,  1.466865081710363E+07,
2451509.497893518, A.D. 1999-Nov-26 23:56:58.0000, -3.774814138880333E+08, -1.984378659984753E+08,  1.482871959796430E+07,
2451510.497893518, A.D. 1999-Nov-27 23:56:58.0000, -3.767220950158444E+08, -1.998380240233399E+08,  1.498859931517138E+07,
2451511.497893518, A.D. 1999-Nov-28 23:56:58.0000, -3.759579732909673E+08, -2.012356348509087E+08,  1.514828791374898E+07,
2451512.497893518, A.D. 1999-Nov-29 23:56:58.0000, -3.751890580590768E+08, -2.026306804458495E+08,  1.530778334168696E+07,
2451513.497893518, A.D. 1999-Nov-30 23:56:58.0000, -3.744153587484483E+08, -2.040231428126494E+08,  1.546708354997715E+07,
2451514.497893518, A.D. 1999-Dec-01 23:56:58.0000, -3.736368848696923E+08, -2.054130039961990E+08,  1.562618649264917E+07,
2451515.497893518, A.D. 1999-Dec-02 23:56:58.0000, -3.728536460154721E+08, -2.068002460823506E+08,  1.578509012680702E+07,
2451516.497893518, A.D. 1999-Dec-03 23:56:58.0000, -3.720656518602089E+08, -2.081848511984498E+08,  1.594379241266670E+07,
2451517.497893518, A.D. 1999-Dec-04 23:56:58.0000, -3.712729121597847E+08, -2.095668015138448E+08,  1.610229131359542E+07,
2451518.497893518, A.D. 1999-Dec-05 23:56:58.0000, -3.704754367512410E+08, -2.109460792403748E+08,  1.626058479615263E+07,
2451519.497893518, A.D. 1999-Dec-06 23:56:58.0000, -3.696732355524815E+08, -2.123226666328422E+08,  1.641867083013219E+07,
2451520.497893518, A.D. 1999-Dec-07 23:56:58.0000, -3.688663185619769E+08, -2.136965459894700E+08,  1.657654738860669E+07,
2451521.497893518, A.D. 1999-Dec-08 23:56:58.0000, -3.680546958584753E+08, -2.150676996523484E+08,  1.673421244797264E+07,
2451522.497893518, A.D. 1999-Dec-09 23:56:58.0000, -3.672383776007164E+08, -2.164361100078736E+08,  1.689166398799704E+07,
2451523.497893518, A.D. 1999-Dec-10 23:56:58.0000, -3.664173740271496E+08, -2.178017594871798E+08,  1.704889999186493E+07,
2451524.497893518, A.D. 1999-Dec-11 23:56:58.0000, -3.655916954556577E+08, -2.191646305665662E+08,  1.720591844622761E+07,
2451525.497893518, A.D. 1999-Dec-12 23:56:58.0000, -3.647613522832810E+08, -2.205247057679213E+08,  1.736271734125151E+07,
2451526.497893518, A.D. 1999-Dec-13 23:56:58.0000, -3.639263549859466E+08, -2.218819676591444E+08,  1.751929467066763E+07,
2451527.497893518, A.D. 1999-Dec-14 23:56:58.0000, -3.630867141181980E+08, -2.232363988545653E+08,  1.767564843182099E+07,
2451528.497893518, A.D. 1999-Dec-15 23:56:58.0000, -3.622424403129258E+08, -2.245879820153633E+08,  1.783177662572076E+07,
2451529.497893518, A.D. 1999-Dec-16 23:56:58.0000, -3.613935442810985E+08, -2.259366998499848E+08,  1.798767725708993E+07,
2451530.497893518, A.D. 1999-Dec-17 23:56:58.0000, -3.605400368114948E+08, -2.272825351145601E+08,  1.814334833441557E+07,
2451531.497893518, A.D. 1999-Dec-18 23:56:58.0000, -3.596819287704335E+08, -2.286254706133206E+08,  1.829878786999877E+07,
2451532.497893518, A.D. 1999-Dec-19 23:56:58.0000, -3.588192311015027E+08, -2.299654891990145E+08,  1.845399388000463E+07,
2451533.497893518, A.D. 1999-Dec-20 23:56:58.0000, -3.579519548252887E+08, -2.313025737733217E+08,  1.860896438451195E+07,
2451534.497893518, A.D. 1999-Dec-21 23:56:58.0000, -3.570801110391014E+08, -2.326367072872696E+08,  1.876369740756314E+07,
2451535.497893518, A.D. 1999-Dec-22 23:56:58.0000, -3.562037109166999E+08, -2.339678727416462E+08,  1.891819097721377E+07,
2451536.497893518, A.D. 1999-Dec-23 23:56:58.0000, -3.553227657080142E+08, -2.352960531874143E+08,  1.907244312558186E+07,
2451537.497893518, A.D. 1999-Dec-24 23:56:58.0000, -3.544372867388653E+08, -2.366212317261231E+08,  1.922645188889727E+07,
2451538.497893518, A.D. 1999-Dec-25 23:56:58.0000, -3.535472854106830E+08, -2.379433915103204E+08,  1.938021530755049E+07,
2451539.497893518, A.D. 1999-Dec-26 23:56:58.0000, -3.526527732002212E+08, -2.392625157439626E+08,  1.953373142614168E+07,
2451540.497893518, A.D. 1999-Dec-27 23:56:58.0000, -3.517537616592702E+08, -2.405785876828240E+08,  1.968699829352927E+07,
2451541.497893518, A.D. 1999-Dec-28 23:56:58.0000, -3.508502624143671E+08, -2.418915906349047E+08,  1.984001396287827E+07,
2451542.497893518, A.D. 1999-Dec-29 23:56:58.0000, -3.499422871665025E+08, -2.432015079608377E+08,  1.999277649170853E+07,
2451543.497893518, A.D. 1999-Dec-30 23:56:58.0000, -3.490298476908250E+08, -2.445083230742933E+08,  2.014528394194265E+07,
