JDTDB,Calendar Date (TDB),X,Y,Z,
2450451.905532408, A.D. 1997-Jan-03 09:43:58.0000,  6.428512641459960E+08,  3.617406107904389E+08,  5.442336145097253E+07,
2450452.905532408, A.D. 1997-Jan-04 09:43:58.0000,  6.422971552475699E+08,  3.627808608842771E+08,  5.433519935442464E+07,
2450453.905532408, A.D. 1997-Jan-05 09:43:58.0000,  6.417414734499938E+08,  3.638202233160367E+08,  5.424690413278402E+07,
2450454.905532408, A.D. 1997-Jan-06 09:43:58.0000,  6.411842202536393E+08,  3.648586956273563E+08,  5.415847601437561E+07,
2450455.905532408, A.D. 1997-Jan-07 09:43:58.0000,  6.406253971619844E+08,  3.658962753630912E+08,  5.406991522796835E+07,
2450456.905532408, A.D. 1997-Jan-08 09:43:58.0000,  6.400650056816173E+08,  3.669329600711482E+08,  5.398122200275996E+07,
2450457.905532408, A.D. 1997-Jan-09 09:43:58.0000,  6.395030473222693E+08,  3.679687473023432E+08,  5.389239656836003E+07,
2450458.905532408, A.D. 1997-Jan-10 09:43:58.0000,  6.389395235968713E+08,  3.690036346102805E+08,  5.380343915477327E+07,
2450459.905532408, A.D. 1997-Jan-11 09:43:58.0000,  6.383744360216229E+08,  3.700376195512581E+08,  5.371434999238364E+07,
2450460.905532408, A.D. 1997-Jan-12 09:43:58.0000,  6.378077861160703E+08,  3.710706996841975E+08,  5.362512931193936E+07,
2450461.905532408, A.D. 1997-Jan-13 09:43:58.0000,  6.372395754031858E+08,  3.721028725705951E+08,  5.353577734453997E+07,
2450462.905532408, A.D. 1997-Jan-14 09:43:58.0000,  6.366698054094433E+08,  3.731341357744929E+08,  5.344629432162476E+07,
2450463.905532408, A.D. 1997-Jan-15 09:43:58.0000,  6.360984776648912E+08,  3.741644868624634E+08,  5.335668047496352E+07,
2450464.905532408, A.D. 1997-Jan-16 09:43:58.0000,  6.355255937032164E+08,  3.751939234036090E+08,  5.326693603664808E+07,
2450465.905532408, A.D. 1997-Jan-17 09:43:58.0000,  6.349511550618012E+08,  3.762224429695697E+08,  5.317706123908620E+07,
2450466.905532408, A.D. 1997-Jan-18 09:43:58.0000,  6.343751632817733E+08,  3.772500431345377E+08,  5.308705631499615E+07,
2450467.905532408, A.D. 1997-Jan-19 09:43:58.0000,  6.337976199080471E+08,  3.782767214752771E+08,  5.299692149740243E+07,
2450468.905532408, A.D. 1997-Jan-20 09:43:58.0000,  6.332185264893579E+08,  3.793024755711468E+08,  5.290665701963282E+07,
2450469.905532408, A.D. 1997-Jan-21 09:43:58.0000,  6.326378845782918E+08,  3.803273030041251E+08,  5.281626311531568E+07,
2450470.905532408, A.D. 1997-Jan-22 09:43:58.0000,  6.320556957313063E+08,  3.813512013588355E+08,  5.272574001837799E+07,
2450471.905532408, A.D. 1997-Jan-23 09:43:58.0000,  6.314719615087500E+08,  3.823741682225719E+08,  5.263508796304385E+07,
2450472.905532408, A.D. 1997-Jan-24 09:43:58.0000,  6.308866834748745E+08,  3.833962011853244E+08,  5.254430718383342E+07,
2450473.905532408, A.D. 1997-Jan-25 09:43:58.0000,  6.302998631978463E+08,  3.844172978398033E+08,  5.245339791556194E+07,
2450474.905532408, A.D. 1997-Jan-26 09:43:58.0000,  6.297115022497514E+08,  3.854374557814626E+08,  5.236236039333925E+07,
2450475.905532408, A.D. 1997-Jan-27 09:43:58.0000,  6.291216022066015E+08,  3.864566726085231E+08,  5.227119485256894E+07,
2450476.905532408, A.D. 1997-Jan-28 09:43:58.0000,  6.285301646483355E+08,  3.874749459219929E+08,  5.217990152894801E+07,
2450477.905532408, A.D. 1997-Jan-29 09:43:58.0000,  6.279371911588204E+08,  3.884922733256879E+08,  5.208848065846668E+07,
2450478.905532408, A.D. 1997-Jan-30 09:43:58.0000,  6.273426833258495E+08,  3.895086524262506E+08,  5.199693247740774E+07,
2450479.905532408, A.D. 1997-Jan-31 09:43:58.0000,  6.267466427411416E+08,  3.905240808331686E+08,  5.190525722234631E+07,
2450480.905532408, A.D. 1997-Feb-01 09:43:58.0000,  6.261490710003368E+08,  3.915385561587901E+08,  5.181345513014954E+07,
2450481.905532408, A.D. 1997-Feb-02 09:43:58.0000,  6.255499697029933E+08,  3.925520760183414E+08,  5.172152643797609E+07,
2450482.905532408, A.D. 1997-Feb-03 09:43:58.0000,  6.249493404525826E+08,  3.935646380299403E+08,  5.162947138327610E+07,
2450483.905532408, A.D. 1997-Feb-04 09:43:58.0000,  6.243471848564843E+08,  3.945762398146122E+08,  5.153729020379031E+07,
2450484.905532408, A.D. 1997-Feb-05 09:43:58.0000,  6.237435045259808E+08,  3.955868789963011E+08,  5.144498313754997E+07,
2450485.905532408, A.D. 1997-Feb-06 09:43:58.0000,  6.231383010762507E+08,  3.965965532018844E+08,  5.135255042287615E+07,
2450486.905532408, A.D. 1997-Feb-07 09:43:58.0000,  6.225315761263636E+08,  3.976052600611835E+08,  5.125999229837960E+07,
2450487.905532408, A.D. 1997-Feb-08 09:43:58.0000,  6.219233312992730E+08,  3.986129972069758E+08,  5.116730900295985E+07,
2450488.905532408, A.D. 1997-Feb-09 09:43:58.0000,  6.213135682218090E+08,  3.996197622750058E+08,  5.107450077580464E+07,
2450489.905532408, A.D. 1997-Feb-10 09:43:58.0000,  6.207022885246720E+08,  4.006255529039946E+08,  5.098156785638985E+07,
2450490.905532408, A.D. 1997-Feb-11 09:43:58.0000,  6.200894938424258E+08,  4.016303667356501E+08,  5.088851048447824E+07,
2450491.905532408, A.D. 1997-Feb-12 09:43:58.0000,  6.194751858134890E+08,  4.026342014146763E+08,  5.079532890011925E+07,
2450492.905532408, A.D. 1997-Feb-13 09:43:58.0000,  6.188593660801284E+08,  4.036370545887818E+08,  5.070202334364805E+07,
2450493.905532408, A.D. 1997-Feb-14 09:43:58.0000,  6.182420362884511E+08,  4.046389239086884E+08,  5.060859405568507E+07,
2450494.905532408, A.D. 1997-Feb-15 09:43:58.0000,  6.176231980883962E+08,  4.056398070281380E+08,  5.051504127713510E+07,
2450495.905532408, A.D. 1997-Feb-16 09:43:58.0000,  6.170028531337276E+08,  4.066397016039008E+08,  5.042136524918652E+07,
2450496.905532408, A.D. 1997-Feb-17 09:43:58.0000,  6.163810030820243E+08,  4.076386052957816E+08,  5.032756621331048E+07,
2450497.905532408, A.D. 1997-Feb-18 09:43:58.0000,  6.157576495946734E+08,  4.086365157666252E+08,  5.023364441126019E+07,
2450498.905532408, A.D. 1997-Feb-19 09:43:58.0000,  6.151327943368614E+08,  4.096334306823227E+08,  5.013960008506981E+07,
2450499.905532408, A.D. 1997-Feb-20 09:43:58.0000,  6.145064389775647E+08,  4.106293477118155E+08,  5.004543347705367E+07,
2450500.905532408, A.D. 1997-Feb-21 09:43:58.0000,  6.138785851895418E+08,  4.116242645271002E+08,  4.995114482980525E+07,
2450501.905532408, A.D. 1997-Feb-22 09:43:58.0000,  6.132492346493244E+08,  4.126181788032300E+08,  4.985673438619590E+07,
2450502.905532408, A.D. 1997-Feb-23 09:43:58.0000,  6.126183890372078E+08,  4.136110882183193E+08,  4.976220238937390E+07,
2450503.905532408, A.D. 1997-Feb-24 09:43:58.0000,  6.119860500372437E+08,  4.146029904535424E+08,  4.966754908276305E+07,
2450504.905532408, A.D. 1997-Feb-25 09:43:58.0000,  6.113522193372302E+08,  4.155938831931350E+08,  4.957277471006146E+07,
2450505.905532408, A.D. 1997-Feb-26 09:43:58.0000,  6.107168986287042E+08,  4.165837641243925E+08,  4.947787951523995E+07,
2450506.905532408, A.D. 1997-Feb-27 09:43:58.0000,  6.100800896069335E+08,  4.175726309376673E+08,  4.938286374254024E+07,
2450507.905532408, A.D. 1997-Feb-28 09:43:58.0000,  6.094417939709094E+08,  4.185604813263644E+08,  4.928772763647342E+07,
2450508.905532408, A.D. 1997-Mar-01 09:43:58.0000,  6.088020134233398E+08,  4.195473129869351E+08,  4.919247144181752E+07,
2450509.905532408, A.D. 1997-Mar-02 09:43:58.0000,  6.081607496706451E+08,  4.205331236188699E+08,  4.909709540361539E+07,
2450510.905532408, A.D. 1997-Mar-03 09:43:58.0000,  6.075180044229535E+08,  4.215179109246880E+08,  4.900159976717201E+07,
2450511.905532408, A.D. 1997-Mar-04 09:43:58.0000,  6.068737793940984E+08,  4.225016726099253E+08,  4.890598477805156E+07,
2450512.905532408, A.D. 1997-Mar-05 09:43:58.0000,  6.062280763016213E+08,  4.234844063831204E+08,  4.881025068207374E+07,
2450513.905532408, A.D. 1997-Mar-06 09:43:58.0000,  6.055808968667732E+08,  4.244661099557980E+08,  4.871439772531006E+07,
2450514.905532408, A.D. 1997-Mar-07 09:43:58.0000,  6.049322428145248E+08,  4.254467810424504E+08,  4.861842615407944E+07,
2450515.905532408, A.D. 1997-Mar-08 09:43:58.0000,  6.042821158735760E+08,  4.264264173605174E+08,  4.852233621494308E+07,
2450516.905532408, A.D. 1997-Mar-09 09:43:58.0000,  6.036305177763786E+08,  4.274050166303647E+08,  4.842612815469870E+07,
2450517.905532408, A.D. 1997-Mar-10 09:43:58.0000,  6.029774502591596E+08,  4.283825765752614E+08,  4.832980222037417E+07,
2450518.905532408, A.D. 1997-Mar-11 09:43:58.0000,  6.023229150619552E+08,  4.293590949213583E+08,  4.823335865922061E+07,
2450519.905532408, A.D. 1997-Mar-12 09:43:58.0000,  6.016669139286550E+08,  4.303345693976688E+08,  4.813679771870413E+07,
2450520.905532408, A.D. 1997-Mar-13 09:43:58.0000,  6.010094486070557E+08,  4.313089977360530E+08,  4.804011964649782E+07,
2450521.905532408, A.D. 1997-Mar-14 09:43:58.0000,  6.003505208489261E+08,  4.322823776712097E+08,  4.794332469047245E+07,
2450522.905532408, A.D. 1997-Mar-15 09:43:58.0000,  5.996901324100834E+08,  4.332547069406770E+08,  4.784641309868774E+07,
2450523.905532408, A.D. 1997-Mar-16 09:43:58.0000,  5.990282850504818E+08,  4.342259832848493E+08,  4.774938511938280E+07,
2450524.905532408, A.D. 1997-Mar-17 09:43:58.0000,  5.983649805343077E+08,  4.351962044470106E+08,  4.765224100096837E+07,
2450525.905532408, A.D. 1997-Mar-18 09:43:58.0000,  5.977002206300831E+08,  4.361653681733917E+08,  4.755498099201944E+07,
2450526.905532408, A.D. 1997-Mar-19 09:43:58.0000,  5.970340071107680E+08,  4.371334722132543E+08,  4.745760534127057E+07,
2450527.905532408, A.D. 1997-Mar-20 09:43:58.0000,  5.963663417538579E+08,  4.381005143190055E+08,  4.736011429761389E+07,
2450528.905532408, A.D. 1997-Mar-21 09:43:58.0000,  5.956972263414663E+08,  4.390664922463424E+08,  4.726250811010113E+07,
2450529.905532408, A.D. 1997-Mar-22 09:43:58.0000,  5.950266626603814E+08,  4.400314037544277E+08,  4.716478702795061E+07,
2450530.905532408, A.D. 1997-Mar-23 09:43:58.0000,  5.943546525020884E+08,  4.409952466060880E+08,  4.706695130055889E+07,
2450531.905532408, A.D. 1997-Mar-24 09:43:58.0000,  5.936811976627477E+08,  4.419580185680300E+08,  4.696900117751804E+07,
2450532.905532408, A.D. 1997-Mar-25 09:43:58.0000,  5.930062999431208E+08,  4.429197174110556E+08,  4.687093690863818E+07,
2450533.905532408, A.D. 1997-Mar-26 09:43:58.0000,  5.923299611484442E+08,  4.438803409102666E+08,  4.677275874397290E+07,
2450534.905532408, A.D. 1997-Mar-27 09:43:58.0000,  5.916521830882537E+08,  4.448398868452394E+08,  4.667446693384778E+07,
2450535.905532408, A.D. 1997-Mar-28 09:43:58.0000,  5.909729675761683E+08,  4.457983530001548E+08,  4.657606172888836E+07,
2450536.905532408, A.D. 1997-Mar-29 09:43:58.0000,  5.902923164296466E+08,  4.467557371638732E+08,  4.647754338004610E+07,
2450537.905532408, A.D. 1997-Mar-30 09:43:58.0000,  5.896102314697366E+08,  4.477120371299477E+08,  4.637891213862047E+07,
2450538.905532408, A.D. 1997-Mar-31 09:43:58.0000,  5.889267145208348E+08,  4.486672506965804E+08,  4.628016825627500E+07,
2450539.905532408, A.D. 1997-Apr-01 09:43:58.0000,  5.882417674104711E+08,  4.496213756665248E+08,  4.618131198504660E+07,
2450540.905532408, A.D. 1997-Apr-02 09:43:58.0000,  5.875553919691316E+08,  4.505744098469480E+08,  4.608234357734841E+07,
2450541.905532408, A.D. 1997-Apr-03 09:43:58.0000,  5.868675900301276E+08,  4.515263510492671E+08,  4.598326328596607E+07,
2450542.905532408, A.D. 1997-Apr-04 09:43:58.0000,  5.861783634295124E+08,  4.524771970889761E+08,  4.588407136404896E+07,
2450543.905532408, A.D. 1997-Apr-05 09:43:58.0000,  5.854877140060415E+08,  4.534269457854745E+08,  4.578476806509715E+07,
2450544.905532408, A.D. 1997-Apr-06 09:43:58.0000,  5.847956436011721E+08,  4.543755949619077E+08,  4.568535364294654E+07,
2450545.905532408, A.D. 1997-Apr-07 09:43:58.0000,  5.841021540590923E+08,  4.553231424450284E+08,  4.558582835175237E+07,
2450546.905532408, A.D. 1997-Apr-08 09:43:58.0000,  5.834072472267734E+08,  4.562695860650825E+08,  4.548619244597253E+07,
2450547.905532408, A.D. 1997-Apr-09 09:43:58.0000,  5.827109249540346E+08,  4.572149236557190E+08,  4.538644618035212E+07,
2450548.905532408, A.D. 1997-Apr-10 09:43:58.0000,  5.820131890936157E+08,  4.581591530539238E+08,  4.528658980990893E+07,
2450549.905532408, A.D. 1997-Apr-11 09:43:58.0000,  5.813140415012504E+08,  4.591022720999755E+08,  4.518662358992079E+07,
2450550.905532408, A.D. 1997-Apr-12 09:43:58.0000,  5.806134840357383E+08,  4.600442786374209E+08,  4.508654777591467E+07,
2450551.905532408, A.D. 1997-Apr-13 09:43:58.0000,  5.799115185590100E+08,  4.609851705130640E+08,  4.498636262365711E+07,
2450552.905532408, A.D. 1997-Apr-14 09:43:58.0000,  5.792081469361864E+08,  4.619249455769688E+08,  4.488606838914716E+07,
2450553.905532408, A.D. 1997-Apr-15 09:43:58.0000,  5.785033710356294E+08,  4.628636016824706E+08,  4.478566532860988E+07,
2450554.905532408, A.D. 1997-Apr-16 09:43:58.0000,  5.777971927289850E+08,  4.638011366861942E+08,  4.468515369849163E+07,
2450555.905532408, A.D. 1997-Apr-17 09:43:58.0000,  5.770896138912190E+08,  4.647375484480770E+08,  4.458453375545633E+07,
2450556.905532408, A.D. 1997-Apr-18 09:43:58.0000,  5.763806364006457E+08,  4.656728348313946E+08,  4.448380575638250E+07,
2450557.905532408, A.D. 1997-Apr-19 09:43:58.0000,  5.756702621389484E+08,  4.666069937027882E+08,  4.438296995836136E+07,
2450558.905532408, A.D. 1997-Apr-20 09:43:58.0000,  5.749584929911969E+08,  4.675400229322933E+08,  4.428202661869505E+07,
2450559.905532408, A.D. 1997-Apr-21 09:43:58.0000,  5.742453308458579E+08,  4.684719203933672E+08,  4.418097599489561E+07,
2450560.905532408, A.D. 1997-Apr-22 09:43:58.0000,  5.735307775948017E+08,  4.694026839629174E+08,  4.407981834468424E+07,
2450561.905532408, A.D. 1997-Apr-23 09:43:58.0000,  5.728148351333055E+08,  4.703323115213273E+08,  4.397855392599109E+07,
2450562.905532408, A.D. 1997-Apr-24 09:43:58.0000,  5.720975053600535E+08,  4.712608009524825E+08,  4.387718299695444E+07,
2450563.905532408, A.D. 1997-Apr-25 09:43:58.0000,  5.713787901771338E+08,  4.721881501437949E+08,  4.377570581592086E+07,
2450564.905532408, A.D. 1997-Apr-26 09:43:58.0000,  5.706586914900335E+08,  4.731143569862254E+08,  4.367412264144534E+07,
2450565.905532408, A.D. 1997-Apr-27 09:43:58.0000,  5.699372112076325E+08,  4.740394193743056E+08,  4.357243373229113E+07,
2450566.905532408, A.D. 1997-Apr-28 09:43:58.0000,  5.692143512421948E+08,  4.749633352061589E+08,  4.347063934742960E+07,
2450567.905532408, A.D. 1997-Apr-29 09:43:58.0000,  5.684901135093589E+08,  4.758861023835181E+08,  4.336873974604055E+07,
2450568.905532408, A.D. 1997-Apr-30 09:43:58.0000,  5.677644999281276E+08,  4.768077188117446E+08,  4.326673518751231E+07,
2450569.905532408, A.D. 1997-May-01 09:43:58.0000,  5.670375124208565E+08,  4.777281823998445E+08,  4.316462593144161E+07,
2450570.905532408, A.D. 1997-May-02 09:43:58.0000,  5.663091529132409E+08,  4.786474910604844E+08,  4.306241223763382E+07,
2450571.905532408, A.D. 1997-May-03 09:43:58.0000,  5.655794233343045E+08,  4.795656427100056E+08,  4.296009436610264E+07,
2450572.905532408, A.D. 1997-May-04 09:43:58.0000,  5.648483256163847E+08,  4.804826352684387E+08,  4.285767257707059E+07,
2450573.905532408, A.D. 1997-May-05 09:43:58.0000,  5.641158616951195E+08,  4.813984666595153E+08,  4.275514713096854E+07,
2450574.905532408, A.D. 1997-May-06 09:43:58.0000,  5.633820335094332E+08,  4.823131348106807E+08,  4.265251828843576E+07,
2450575.905532408, A.D. 1997-May-07 09:43:58.0000,  5.626468430015217E+08,  4.832266376531047E+08,  4.254978631031999E+07,
2450576.905532408, A.D. 1997-May-08 09:43:58.0000,  5.619102921168379E+08,  4.841389731216917E+08,  4.244695145767722E+07,
2450577.905532408, A.D. 1997-May-09 09:43:58.0000,  5.611723828040764E+08,  4.850501391550915E+08,  4.234401399177113E+07,
2450578.905532408, A.D. 1997-May-10 09:43:58.0000,  5.604331170151587E+08,  4.859601336957061E+08,  4.224097417407364E+07,
2450579.905532408, A.D. 1997-May-11 09:43:58.0000,  5.596924967052164E+08,  4.868689546897000E+08,  4.213783226626426E+07,
2450580.905532408, A.D. 1997-May-12 09:43:58.0000,  5.589505238325772E+08,  4.877766000870062E+08,  4.203458853022975E+07,
2450581.905532408, A.D. 1997-May-13 09:43:58.0000,  5.582072003587478E+08,  4.886830678413334E+08,  4.193124322806400E+07,
2450582.905532408, A.D. 1997-May-14 09:43:58.0000,  5.574625282483977E+08,  4.895883559101729E+08,  4.182779662206775E+07,
2450583.905532408, A.D. 1997-May-15 09:43:58.0000,  5.567165094693438E+08,  4.904924622548023E+08,  4.172424897474810E+07,
2450584.905532408, A.D. 1997-May-16 09:43:58.0000,  5.559691459925325E+08,  4.913953848402911E+08,  4.162060054881826E+07,
2450585.905532408, A.D. 1997-May-17 09:43:58.0000,  5.552204397920250E+08,  4.922971216355045E+08,  4.151685160719678E+07,
2450586.905532408, A.D. 1997-May-18 09:43:58.0000,  5.544703928449786E+08,  4.931976706131055E+08,  4.141300241300759E+07,
2450587.905532408, A.D. 1997-May-19 09:43:58.0000,  5.537190071316311E+08,  4.940970297495577E+08,  4.130905322957897E+07,
2450588.905532408, A.D. 1997-May-20 09:43:58.0000,  5.529662846352838E+08,  4.949951970251260E+08,  4.120500432044318E+07,
2450589.905532408, A.D. 1997-May-21 09:43:58.0000,  5.522122273422837E+08,  4.958921704238762E+08,  4.110085594933581E+07,
2450590.905532408, A.D. 1997-May-22 09:43:58.0000,  5.514568372420077E+08,  4.967879479336744E+08,  4.099660838019478E+07,
2450591.905532408, A.D. 1997-May-23 09:43:58.0000,  5.507001163268447E+08,  4.976825275461841E+08,  4.089226187715960E+07,
2450592.905532408, A.D. 1997-May-24 09:43:58.0000,  5.499420665921795E+08,  4.985759072568623E+08,  4.078781670457053E+07,
2450593.905532408, A.D. 1997-May-25 09:43:58.0000,  5.491826900363771E+08,  4.994680850649548E+08,  4.068327312696722E+07,
2450594.905532408, A.D. 1997-May-26 09:43:58.0000,  5.484219886607652E+08,  5.003590589734884E+08,  4.057863140908742E+07,
2450595.905532408, A.D. 1997-May-27 09:43:58.0000,  5.476599644696205E+08,  5.012488269892625E+08,  4.047389181586584E+07,
2450596.905532408, A.D. 1997-May-28 09:43:58.0000,  5.468966194701540E+08,  5.021373871228387E+08,  4.036905461243165E+07,
2450597.905532408, A.D. 1997-May-29 09:43:58.0000,  5.461319556724974E+08,  5.030247373885274E+08,  4.026412006410736E+07,
2450598.905532408, A.D. 1997-May-30 09:43:58.0000,  5.453659750896921E+08,  5.039108758043731E+08,  4.015908843640593E+07,
2450599.905532408, A.D. 1997-May-31 09:43:58.0000,  5.445986797376801E+08,  5.047958003921373E+08,  4.005395999502847E+07,
2450600.905532408, A.D. 1997-Jun-01 09:43:58.0000,  5.438300716352965E+08,  5.056795091772779E+08,  3.994873500586075E+07,
2450601.905532408, A.D. 1997-Jun-02 09:43:58.0000,  5.430601528042666E+08,  5.065620001889280E+08,  3.984341373496968E+07,
2450602.905532408, A.D. 1997-Jun-03 09:43:58.0000,  5.422889252692065E+08,  5.074432714598709E+08,  3.973799644859952E+07,
2450603.905532408, A.D. 1997-Jun-04 09:43:58.0000,  5.415163910576285E+08,  5.083233210265135E+08,  3.963248341316661E+07,
2450604.905532408, A.D. 1997-Jun-05 09:43:58.0000,  5.407425521999531E+08,  5.092021469288592E+08,  3.952687489525449E+07,
2450605.905532408, A.D. 1997-Jun-06 09:43:58.0000,  5.399674107295281E+08,  5.100797472104780E+08,  3.942117116160706E+07,
2450606.905532408, A.D. 1997-Jun-07 09:43:58.0000,  5.391909686826556E+08,  5.109561199184793E+08,  3.931537247912237E+07,
2450607.905532408, A.D. 1997-Jun-08 09:43:58.0000,  5.384132280986300E+08,  5.118312631034847E+08,  3.920947911484462E+07,
2450608.905532408, A.D. 1997-Jun-09 09:43:58.0000,  5.376341910197841E+08,  5.127051748196058E+08,  3.910349133595616E+07,
2450609.905532408, A.D. 1997-Jun-10 09:43:58.0000,  5.368538594915498E+08,  5.135778531244300E+08,  3.899740940976870E+07,
2450610.905532408, A.D. 1997-Jun-11 09:43:58.0000,  5.360722355625283E+08,  5.144492960790124E+08,  3.889123360371426E+07,
2450611.905532408, A.D. 1997-Jun-12 09:43:58.0000,  5.352893212845708E+08,  5.153195017478869E+08,  3.878496418533674E+07,
2450612.905532408, A.D. 1997-Jun-13 09:43:58.0000,  5.345051187128708E+08,  5.161884681990916E+08,  3.867860142228353E+07,
2450613.905532408, A.D. 1997-Jun-14 09:43:58.0000,  5.337196299060601E+08,  5.170561935042199E+08,  3.857214558229864E+07,
2450614.905532408, A.D. 1997-Jun-15 09:43:58.0000,  5.329328569263064E+08,  5.179226757384964E+08,  3.846559693321857E+07,
2450615.905532408, A.D. 1997-Jun-16 09:43:58.0000,  5.321448018394045E+08,  5.187879129808842E+08,  3.835895574297026E+07,
2450616.905532408, A.D. 1997-Jun-17 09:43:58.0000,  5.313554667148532E+08,  5.196519033142223E+08,  3.825222227957353E+07,
2450617.905532408, A.D. 1997-Jun-18 09:43:58.0000,  5.305648536259067E+08,  5.205146448253931E+08,  3.814539681114826E+07,
2450618.905532408, A.D. 1997-Jun-19 09:43:58.0000,  5.297729646495904E+08,  5.213761356055135E+08,  3.803847960592631E+07,
2450619.905532408, A.D. 1997-Jun-20 09:43:58.0000,  5.289798018666726E+08,  5.222363737501409E+08,  3.793147093226948E+07,
2450620.905532408, A.D. 1997-Jun-21 09:43:58.0000,  5.281853673615842E+08,  5.230953573594807E+08,  3.782437105869174E+07,
2450621.905532408, A.D. 1997-Jun-22 09:43:58.0000,  5.273896632222906E+08,  5.239530845385806E+08,  3.771718025388494E+07,
2450622.905532408, A.D. 1997-Jun-23 09:43:58.0000,  5.265926915401048E+08,  5.248095533974949E+08,  3.760989878674760E+07,
2450623.905532408, A.D. 1997-Jun-24 09:43:58.0000,  5.257944544094697E+08,  5.256647620514032E+08,  3.750252692641294E+07,
2450624.905532408, A.D. 1997-Jun-25 09:43:58.0000,  5.249949539277106E+08,  5.265187086206747E+08,  3.739506494227457E+07,
2450625.905532408, A.D. 1997-Jun-26 09:43:58.0000,  5.241941921947821E+08,  5.273713912308704E+08,  3.728751310400862E+07,
2450626.905532408, A.D. 1997-Jun-27 09:43:58.0000,  5.233921713130235E+08,  5.282228080126872E+08,  3.717987168158928E+07,
2450627.905532408, A.D. 1997-Jun-28 09:43:58.0000,  5.225888933869420E+08,  5.290729571018485E+08,  3.707214094529858E+07,
2450628.905532408, A.D. 1997-Jun-29 09:43:58.0000,  5.217843605230353E+08,  5.299218366389576E+08,  3.696432116572842E+07,
2450629.905532408, A.D. 1997-Jun-30 09:43:58.0000,  5.209785748296593E+08,  5.307694447693224E+08,  3.685641261377674E+07,
2450630.905532408, A.D. 1997-Jul-01 09:43:58.0000,  5.201715384169438E+08,  5.316157796427726E+08,  3.674841556063870E+07,
2450631.905532408, A.D. 1997-Jul-02 09:43:58.0000,  5.193632533967527E+08,  5.324608394134772E+08,  3.664033027779347E+07,
2450632.905532408, A.D. 1997-Jul-03 09:43:58.0000,  5.185537218826832E+08,  5.333046222397779E+08,  3.653215703698921E+07,
2450633.905532408, A.D. 1997-Jul-04 09:43:58.0000,  5.177429459900938E+08,  5.341471262840399E+08,  3.642389611022624E+07,
2450634.905532408, A.D. 1997-Jul-05 09:43:58.0000,  5.169309278361566E+08,  5.349883497125277E+08,  3.631554776974085E+07,
2450635.905532408, A.D. 1997-Jul-06 09:43:58.0000,  5.161176695399216E+08,  5.358282906953065E+08,  3.620711228798887E+07,
2450636.905532408, A.D. 1997-Jul-07 09:43:58.0000,  5.153031732223889E+08,  5.366669474061663E+08,  3.609858993763211E+07,
2450637.905532408, A.D. 1997-Jul-08 09:43:58.0000,  5.144874410065815E+08,  5.375043180225686E+08,  3.598998099152467E+07,
2450638.905532408, A.D. 1997-Jul-09 09:43:58.0000,  5.136704750176179E+08,  5.383404007256117E+08,  3.588128572270247E+07,
2450639.905532408, A.D. 1997-Jul-10 09:43:58.0000,  5.128522773827762E+08,  5.391751937000103E+08,  3.577250440437353E+07,
2450640.905532408, A.D. 1997-Jul-11 09:43:58.0000,  5.120328502315549E+08,  5.400086951340889E+08,  3.566363730991042E+07,
2450641.905532408, A.D. 1997-Jul-12 09:43:58.0000,  5.112121956957234E+08,  5.408409032197825E+08,  3.555468471284407E+07,
2450642.905532408, A.D. 1997-Jul-13 09:43:58.0000,  5.103903159093665E+08,  5.416718161526455E+08,  3.544564688685843E+07,
2450643.905532408, A.D. 1997-Jul-14 09:43:58.0000,  5.095672130089207E+08,  5.425014321318647E+08,  3.533652410578683E+07,
2450644.905532408, A.D. 1997-Jul-15 09:43:58.0000,  5.087428891332042E+08,  5.433297493602751E+08,  3.522731664360869E+07,
2450645.905532408, A.D. 1997-Jul-16 09:43:58.0000,  5.079173464234404E+08,  5.441567660443779E+08,  3.511802477444741E+07,
2450646.905532408, A.D. 1997-Jul-17 09:43:58.0000,  5.070905870232755E+08,  5.449824803943583E+08,  3.500864877256814E+07,
2450647.905532408, A.D. 1997-Jul-18 09:43:58.0000,  5.062626130787924E+08,  5.458068906241047E+08,  3.489918891237685E+07,
2450648.905532408, A.D. 1997-Jul-19 09:43:58.0000,  5.054334267385199E+08,  5.466299949512262E+08,  3.478964546841910E+07,
2450649.905532408, A.D. 1997-Jul-20 09:43:58.0000,  5.046030301534382E+08,  5.474517915970699E+08,  3.468001871537927E+07,
2450650.905532408, A.D. 1997-Jul-21 09:43:58.0000,  5.037714254769824E+08,  5.482722787867359E+08,  3.457030892808002E+07,
2450651.905532408, A.D. 1997-Jul-22 09:43:58.0000,  5.029386148650425E+08,  5.490914547490945E+08,  3.446051638148159E+07,
2450652.905532408, A.D. 1997-Jul-23 09:43:58.0000,  5.021046004759631E+08,  5.499093177167976E+08,  3.435064135068175E+07,
2450653.905532408, A.D. 1997-Jul-24 09:43:58.0000,  5.012693844705396E+08,  5.507258659262923E+08,  3.424068411091542E+07,
2450654.905532408, A.D. 1997-Jul-25 09:43:58.0000,  5.004329690120142E+08,  5.515410976178321E+08,  3.413064493755394E+07,
2450655.905532408, A.D. 1997-Jul-26 09:43:58.0000,  4.995953562660711E+08,  5.523550110354872E+08,  3.402052410610521E+07,
2450656.905532408, A.D. 1997-Jul-27 09:43:58.0000,  4.987565484008300E+08,  5.531676044271531E+08,  3.391032189221331E+07,
2450657.905532408, A.D. 1997-Jul-28 09:43:58.0000,  4.979165475868399E+08,  5.539788760445595E+08,  3.380003857165784E+07,
2450658.905532408, A.D. 1997-Jul-29 09:43:58.0000,  4.970753559970716E+08,  5.547888241432772E+08,  3.368967442035392E+07,
2450659.905532408, A.D. 1997-Jul-30 09:43:58.0000,  4.962329758069100E+08,  5.555974469827241E+08,  3.357922971435156E+07,
2450660.905532408, A.D. 1997-Jul-31 09:43:58.0000,  4.953894091941465E+08,  5.564047428261713E+08,  3.346870472983530E+07,
2450661.905532408, A.D. 1997-Aug-01 09:43:58.0000,  4.945446583389705E+08,  5.572107099407481E+08,  3.335809974312392E+07,
2450662.905532408, A.D. 1997-Aug-02 09:43:58.0000,  4.936987254239618E+08,  5.580153465974457E+08,  3.324741503066945E+07,
2450663.905532408, A.D. 1997-Aug-03 09:43:58.0000,  4.928516126340811E+08,  5.588186510711211E+08,  3.313665086905703E+07,
2450664.905532408, A.D. 1997-Aug-04 09:43:58.0000,  4.920033221566620E+08,  5.596206216405003E+08,  3.302580753500426E+07,
2450665.905532408, A.D. 1997-Aug-05 09:43:58.0000,  4.911538561814029E+08,  5.604212565881802E+08,  3.291488530536056E+07,
2450666.905532408, A.D. 1997-Aug-06 09:43:58.0000,  4.903032169003568E+08,  5.612205542006313E+08,  3.280388445710620E+07,
2450667.905532408, A.D. 1997-Aug-07 09:43:58.0000,  4.894514065079240E+08,  5.620185127681988E+08,  3.269280526735207E+07,
2450668.905532408, A.D. 1997-Aug-08 09:43:58.0000,  4.885984272008423E+08,  5.628151305851035E+08,  3.258164801333871E+07,
2450669.905532408, A.D. 1997-Aug-09 09:43:58.0000,  4.877442811781784E+08,  5.636104059494425E+08,  3.247041297243550E+07,
2450670.905532408, A.D. 1997-Aug-10 09:43:58.0000,  4.868889706413194E+08,  5.644043371631888E+08,  3.235910042213991E+07,
2450671.905532408, A.D. 1997-Aug-11 09:43:58.0000,  4.860324977939632E+08,  5.651969225321920E+08,  3.224771064007652E+07,
2450672.905532408, A.D. 1997-Aug-12 09:43:58.0000,  4.851748648421096E+08,  5.659881603661752E+08,  3.213624390399641E+07,
2450673.905532408, A.D. 1997-Aug-13 09:43:58.0000,  4.843160739940520E+08,  5.667780489787352E+08,  3.202470049177590E+07,
2450674.905532408, A.D. 1997-Aug-14 09:43:58.0000,  4.834561274603673E+08,  5.675665866873399E+08,  3.191308068141571E+07,
2450675.905532408, A.D. 1997-Aug-15 09:43:58.0000,  4.825950274539078E+08,  5.683537718133247E+08,  3.180138475103956E+07,
2450676.905532408, A.D. 1997-Aug-16 09:43:58.0000,  4.817327761897918E+08,  5.691396026818898E+08,  3.168961297889379E+07,
2450677.905532408, A.D. 1997-Aug-17 09:43:58.0000,  4.808693758853945E+08,  5.699240776220946E+08,  3.157776564334542E+07,
2450678.905532408, A.D. 1997-Aug-18 09:43:58.0000,  4.800048287603393E+08,  5.707071949668539E+08,  3.146584302288115E+07,
2450679.905532408, A.D. 1997-Aug-19 09:43:58.0000,  4.791391370364898E+08,  5.714889530529304E+08,  3.135384539610600E+07,
2450680.905532408, A.D. 1997-Aug-20 09:43:58.0000,  4.782723029379399E+08,  5.722693502209276E+08,  3.124177304174167E+07,
2450681.905532408, A.D. 1997-Aug-21 09:43:58.0000,  4.774043286910074E+08,  5.730483848152814E+08,  3.112962623862499E+07,
2450682.905532408, A.D. 1997-Aug-22 09:43:58.0000,  4.765352165242254E+08,  5.738260551842494E+08,  3.101740526570609E+07,
2450683.905532408, A.D. 1997-Aug-23 09:43:58.0000,  4.756649686683360E+08,  5.746023596798998E+08,  3.090511040204635E+07,
2450684.905532408, A.D. 1997-Aug-24 09:43:58.0000,  4.747935873562846E+08,  5.753772966580980E+08,  3.079274192681599E+07,
2450685.905532408, A.D. 1997-Aug-25 09:43:58.0000,  4.739210748232147E+08,  5.761508644784920E+08,  3.068030011929199E+07,
2450686.905532408, A.D. 1997-Aug-26 09:43:58.0000,  4.730474333064647E+08,  5.769230615044920E+08,  3.056778525885457E+07,
2450687.905532408, A.D. 1997-Aug-27 09:43:58.0000,  4.721726650455690E+08,  5.776938861032572E+08,  3.045519762498483E+07,
2450688.905532408, A.D. 1997-Aug-28 09:43:58.0000,  4.712967722822576E+08,  5.784633366456695E+08,  3.034253749726042E+07,
2450689.905532408, A.D. 1997-Aug-29 09:43:58.0000,  4.704197572604620E+08,  5.792314115063121E+08,  3.022980515535167E+07,
2450690.905532408, A.D. 1997-Aug-30 09:43:58.0000,  4.695416222263246E+08,  5.799981090634437E+08,  3.011700087901706E+07,
2450691.905532408, A.D. 1997-Aug-31 09:43:58.0000,  4.686623694282132E+08,  5.807634276989709E+08,  3.000412494809780E+07,
2450692.905532408, A.D. 1997-Sep-01 09:43:58.0000,  4.677820011167403E+08,  5.815273657984207E+08,  2.989117764251196E+07,
2450693.905532408, A.D. 1997-Sep-02 09:43:58.0000,  4.669005195447919E+08,  5.822899217509106E+08,  2.977815924224758E+07,
2450694.905532408, A.D. 1997-Sep-03 09:43:58.0000,  4.660179269675627E+08,  5.830510939491212E+08,  2.966507002735579E+07,
2450695.905532408, A.D. 1997-Sep-04 09:43:58.0000,  4.651342256426020E+08,  5.838108807892694E+08,  2.955191027794224E+07,
2450696.905532408, A.D. 1997-Sep-05 09:43:58.0000,  4.642494178298699E+08,  5.845692806710877E+08,  2.943868027415878E+07,
2450697.905532408, A.D. 1997-Sep-06 09:43:58.0000,  4.633635057918047E+08,  5.853262919978094E+08,  2.932538029619408E+07,
2450698.905532408, A.D. 1997-Sep-07 09:43:58.0000,  4.624764917934022E+08,  5.860819131761643E+08,  2.921201062426436E+07,
2450699.905532408, A.D. 1997-Sep-08 09:43:58.0000,  4.615883781023051E+08,  5.868361426163899E+08,  2.909857153860405E+07,
2450700.905532408, A.D. 1997-Sep-09 09:43:58.0000,  4.606991669889025E+08,  5.875889787322595E+08,  2.898506331945765E+07,
2450701.905532408, A.D. 1997-Sep-10 09:43:58.0000,  4.598088607264344E+08,  5.883404199411358E+08,  2.887148624707219E+07,
2450702.905532408, A.D. 1997-Sep-11 09:43:58.0000,  4.589174615910962E+08,  5.890904646640502E+08,  2.875784060169241E+07,
2450703.905532408, A.D. 1997-Sep-12 09:43:58.0000,  4.580249718621381E+08,  5.898391113258123E+08,  2.864412666355920E+07,
2450704.905532408, A.D. 1997-Sep-13 09:43:58.0000,  4.571313938219480E+08,  5.905863583551525E+08,  2.853034471291116E+07,
2450705.905532408, A.D. 1997-Sep-14 09:43:58.0000,  4.562367297561087E+08,  5.913322041848911E+08,  2.841649502999189E+07,
2450706.905532408, A.D. 1997-Sep-15 09:43:58.0000,  4.553409819534208E+08,  5.920766472521341E+08,  2.830257789506152E+07,
2450707.905532408, A.D. 1997-Sep-16 09:43:58.0000,  4.544441527058793E+08,  5.928196859984827E+08,  2.818859358841467E+07,
2450708.905532408, A.D. 1997-Sep-17 09:43:58.0000,  4.535462443085996E+08,  5.935613188702438E+08,  2.807454239040202E+07,
2450709.905532408, A.D. 1997-Sep-18 09:43:58.0000,  4.526472590596903E+08,  5.943015443186269E+08,  2.796042458145675E+07,
2450710.905532408, A.D. 1997-Sep-19 09:43:58.0000,  4.517471992600773E+08,  5.950403607999110E+08,  2.784624044212216E+07,
2450711.905532408, A.D. 1997-Sep-20 09:43:58.0000,  4.508460672132887E+08,  5.957777667755667E+08,  2.773199025307932E+07,
2450712.905532408, A.D. 1997-Sep-21 09:43:58.0000,  4.499438652252122E+08,  5.965137607123212E+08,  2.761767429517326E+07,
2450713.905532408, A.D. 1997-Sep-22 09:43:58.0000,  4.490405956038482E+08,  5.972483410821639E+08,  2.750329284943381E+07,
2450714.905532408, A.D. 1997-Sep-23 09:43:58.0000,  4.481362606590731E+08,  5.979815063622930E+08,  2.738884619709107E+07,
2450715.905532408, A.D. 1997-Sep-24 09:43:58.0000,  4.472308627024280E+08,  5.987132550350099E+08,  2.727433461958462E+07,
2450716.905532408, A.D. 1997-Sep-25 09:43:58.0000,  4.463244040469493E+08,  5.994435855875751E+08,  2.715975839856493E+07,
2450717.905532408, A.D. 1997-Sep-26 09:43:58.0000,  4.454168870070412E+08,  6.001724965120385E+08,  2.704511781588981E+07,
2450718.905532408, A.D. 1997-Sep-27 09:43:58.0000,  4.445083138983995E+08,  6.008999863050604E+08,  2.693041315361401E+07,
2450719.905532408, A.D. 1997-Sep-28 09:43:58.0000,  4.435986870379778E+08,  6.016260534677370E+08,  2.681564469397721E+07,
2450720.905532408, A.D. 1997-Sep-29 09:43:58.0000,  4.426880087439919E+08,  6.023506965054363E+08,  2.670081271938750E+07,
2450721.905532408, A.D. 1997-Sep-30 09:43:58.0000,  4.417762813359537E+08,  6.030739139276572E+08,  2.658591751240510E+07,
2450722.905532408, A.D. 1997-Oct-01 09:43:58.0000,  4.408635071347280E+08,  6.037957042479119E+08,  2.647095935572550E+07,
2450723.905532408, A.D. 1997-Oct-02 09:43:58.0000,  4.399496884626016E+08,  6.045160659836336E+08,  2.635593853216377E+07,
2450724.905532408, A.D. 1997-Oct-03 09:43:58.0000,  4.390348276433583E+08,  6.052349976561062E+08,  2.624085532463965E+07,
2450725.905532408, A.D. 1997-Oct-04 09:43:58.0000,  4.381189270023577E+08,  6.059524977904191E+08,  2.612571001616511E+07,
2450726.905532408, A.D. 1997-Oct-05 09:43:58.0000,  4.372019888666080E+08,  6.066685649154379E+08,  2.601050288983282E+07,
2450727.905532408, A.D. 1997-Oct-06 09:43:58.0000,  4.362840155648363E+08,  6.073831975637922E+08,  2.589523422880715E+07,
2450728.905532408, A.D. 1997-Oct-07 09:43:58.0000,  4.353650094275493E+08,  6.080963942718734E+08,  2.577990431631613E+07,
2450729.905532408, A.D. 1997-Oct-08 09:43:58.0000,  4.344449727870887E+08,  6.088081535798440E+08,  2.566451343564522E+07,
2450730.905532408, A.D. 1997-Oct-09 09:43:58.0000,  4.335239079776762E+08,  6.095184740316527E+08,  2.554906187013236E+07,
2450731.905532408, A.D. 1997-Oct-10 09:43:58.0000,  4.326018173354533E+08,  6.102273541750531E+08,  2.543354990316400E+07,
2450732.905532408, A.D. 1997-Oct-11 09:43:58.0000,  4.316787031985127E+08,  6.109347925616275E+08,  2.531797781817195E+07,
2450733.905532408, A.D. 1997-Oct-12 09:43:58.0000,  4.307545679069225E+08,  6.116407877468102E+08,  2.520234589863116E+07,
2450734.905532408, A.D. 1997-Oct-13 09:43:58.0000,  4.298294138027473E+08,  6.123453382899135E+08,  2.508665442805785E+07,
2450735.905532408, A.D. 1997-Oct-14 09:43:58.0000,  4.289032432300619E+08,  6.130484427541527E+08,  2.497090369000804E+07,
2450736.905532408, A.D. 1997-Oct-15 09:43:58.0000,  4.279760585349616E+08,  6.137500997066700E+08,  2.485509396807721E+07,
2450737.905532408, A.D. 1997-Oct-16 09:43:58.0000,  4.270478620655698E+08,  6.144503077185594E+08,  2.473922554589862E+07,
2450738.905532408, A.D. 1997-Oct-17 09:43:58.0000,  4.261186561720405E+08,  6.151490653648891E+08,  2.462329870714352E+07,
2450739.905532408, A.D. 1997-Oct-18 09:43:58.0000,  4.251884432065607E+08,  6.158463712247231E+08,  2.450731373552060E+07,
2450740.905532408, A.D. 1997-Oct-19 09:43:58.0000,  4.242572255233483E+08,  6.165422238811421E+08,  2.439127091477540E+07,
2450741.905532408, A.D. 1997-Oct-20 09:43:58.0000,  4.233250054786495E+08,  6.172366219212624E+08,  2.427517052869067E+07,
2450742.905532408, A.D. 1997-Oct-21 09:43:58.0000,  4.223917854307352E+08,  6.179295639362543E+08,  2.415901286108541E+07,
2450743.905532408, A.D. 1997-Oct-22 09:43:58.0000,  4.214575677398943E+08,  6.186210485213593E+08,  2.404279819581550E+07,
2450744.905532408, A.D. 1997-Oct-23 09:43:58.0000,  4.205223547684277E+08,  6.193110742759058E+08,  2.392652681677288E+07,
2450745.905532408, A.D. 1997-Oct-24 09:43:58.0000,  4.195861488806408E+08,  6.199996398033239E+08,  2.381019900788575E+07,
2450746.905532408, A.D. 1997-Oct-25 09:43:58.0000,  4.186489524428349E+08,  6.206867437111599E+08,  2.369381505311826E+07,
2450747.905532408, A.D. 1997-Oct-26 09:43:58.0000,  4.177107678232989E+08,  6.213723846110890E+08,  2.357737523647025E+07,
2450748.905532408, A.D. 1997-Oct-27 09:43:58.0000,  4.167715973922991E+08,  6.220565611189280E+08,  2.346087984197697E+07,
2450749.905532408, A.D. 1997-Oct-28 09:43:58.0000,  4.158314435220706E+08,  6.227392718546464E+08,  2.334432915370914E+07,
2450750.905532408, A.D. 1997-Oct-29 09:43:58.0000,  4.148903085868058E+08,  6.234205154423780E+08,  2.322772345577213E+07,
2450751.905532408, A.D. 1997-Oct-30 09:43:58.0000,  4.139481949626446E+08,  6.241002905104301E+08,  2.311106303230625E+07,
2450752.905532408, A.D. 1997-Oct-31 09:43:58.0000,  4.130051050276632E+08,  6.247785956912943E+08,  2.299434816748592E+07,
2450753.905532408, A.D. 1997-Nov-01 09:43:58.0000,  4.120610411618631E+08,  6.254554296216542E+08,  2.287757914551952E+07,
2450754.905532408, A.D. 1997-Nov-02 09:43:58.0000,  4.111160057471597E+08,  6.261307909423946E+08,  2.276075625064892E+07,
2450755.905532408, A.D. 1997-Nov-03 09:43:58.0000,  4.101700011673702E+08,  6.268046782986093E+08,  2.264387976714918E+07,
2450756.905532408, A.D. 1997-Nov-04 09:43:58.0000,  4.092230298082018E+08,  6.274770903396078E+08,  2.252694997932804E+07,
2450757.905532408, A.D. 1997-Nov-05 09:43:58.0000,  4.082750940572399E+08,  6.281480257189227E+08,  2.240996717152533E+07,
2450758.905532408, A.D. 1997-Nov-06 09:43:58.0000,  4.073261963039349E+08,  6.288174830943152E+08,  2.229293162811261E+07,
2450759.905532408, A.D. 1997-Nov-07 09:43:58.0000,  4.063763389395903E+08,  6.294854611277808E+08,  2.217584363349271E+07,
2450760.905532408, A.D. 1997-Nov-08 09:43:58.0000,  4.054255243573492E+08,  6.301519584855546E+08,  2.205870347209877E+07,
2450761.905532408, A.D. 1997-Nov-09 09:43:58.0000,  4.044737549521814E+08,  6.308169738381147E+08,  2.194151142839420E+07,
2450762.905532408, A.D. 1997-Nov-10 09:43:58.0000,  4.035210331208702E+08,  6.314805058601866E+08,  2.182426778687170E+07,
2450763.905532408, A.D. 1997-Nov-11 09:43:58.0000,  4.025673612619988E+08,  6.321425532307448E+08,  2.170697283205229E+07,
2450764.905532408, A.D. 1997-Nov-12 09:43:58.0000,  4.016127417759366E+08,  6.328031146330159E+08,  2.158962684848532E+07,
2450765.905532408, A.D. 1997-Nov-13 09:43:58.0000,  4.006571770648254E+08,  6.334621887544787E+08,  2.147223012074688E+07,
2450766.905532408, A.D. 1997-Nov-14 09:43:58.0000,  3.997006695325657E+08,  6.341197742868646E+08,  2.135478293343920E+07,
2450767.905532408, A.D. 1997-Nov-15 09:43:58.0000,  3.987432215848022E+08,  6.347758699261553E+08,  2.123728557118982E+07,
2450768.905532408, A.D. 1997-Nov-16 09:43:58.0000,  3.977848356289127E+08,  6.354304743725827E+08,  2.111973831865028E+07,
2450769.905532408, A.D. 1997-Nov-17 09:43:58.0000,  3.968255140739903E+08,  6.360835863306221E+08,  2.100214146049488E+07,
2450770.905532408, A.D. 1997-Nov-18 09:43:58.0000,  3.958652593308333E+08,  6.367352045089887E+08,  2.088449528141928E+07,
2450771.905532408, A.D. 1997-Nov-19 09:43:58.0000,  3.949040738119320E+08,  6.373853276206300E+08,  2.076680006613901E+07,
2450772.905532408, A.D. 1997-Nov-20 09:43:58.0000,  3.939419599314561E+08,  6.380339543827167E+08,  2.064905609938762E+07,
2450773.905532408, A.D. 1997-Nov-21 09:43:58.0000,  3.929789201052451E+08,  6.386810835166323E+08,  2.053126366591436E+07,
2450774.905532408, A.D. 1997-Nov-22 09:43:58.0000,  3.920149567507983E+08,  6.393267137479595E+08,  2.041342305048224E+07,
2450775.905532408, A.D. 1997-Nov-23 09:43:58.0000,  3.910500722872680E+08,  6.399708438064650E+08,  2.029553453786495E+07,
2450776.905532408, A.D. 1997-Nov-24 09:43:58.0000,  3.900842691354545E+08,  6.406134724260828E+08,  2.017759841284344E+07,
2450777.905532408, A.D. 1997-Nov-25 09:43:58.0000,  3.891175497178047E+08,  6.412545983448930E+08,  2.005961496020311E+07,
2450778.905532408, A.D. 1997-Nov-26 09:43:58.0000,  3.881499164584146E+08,  6.418942203051002E+08,  1.994158446472886E+07,
2450779.905532408, A.D. 1997-Nov-27 09:43:58.0000,  3.871813717830366E+08,  6.425323370530105E+08,  1.982350721120045E+07,
2450780.905532408, A.D. 1997-Nov-28 09:43:58.0000,  3.862119181190934E+08,  6.431689473390046E+08,  1.970538348438692E+07,
2450781.905532408, A.D. 1997-Nov-29 09:43:58.0000,  3.852415578956982E+08,  6.438040499175133E+08,  1.958721356904104E+07,
2450782.905532408, A.D. 1997-Nov-30 09:43:58.0000,  3.842702935436833E+08,  6.444376435469916E+08,  1.946899774989158E+07,
2450783.905532408, A.D. 1997-Dec-01 09:43:58.0000,  3.832981274956388E+08,  6.450697269898934E+08,  1.935073631163645E+07,
2450784.905532408, A.D. 1997-Dec-02 09:43:58.0000,  3.823250621859618E+08,  6.457002990126568E+08,  1.923242953893363E+07,
2450785.905532408, A.D. 1997-Dec-03 09:43:58.0000,  3.813511000509163E+08,  6.463293583856884E+08,  1.911407771639371E+07,
2450786.905532408, A.D. 1997-Dec-04 09:43:58.0000,  3.803762435287048E+08,  6.469569038833632E+08,  1.899568112856978E+07,
2450787.905532408, A.D. 1997-Dec-05 09:43:58.0000,  3.794004950595500E+08,  6.475829342840371E+08,  1.887724005994976E+07,
2450788.905532408, A.D. 1997-Dec-06 09:43:58.0000,  3.784238570857872E+08,  6.482074483700781E+08,  1.875875479494798E+07,
2450789.905532408, A.D. 1997-Dec-07 09:43:58.0000,  3.774463320519600E+08,  6.488304449279212E+08,  1.864022561789855E+07,
2450790.905532408, A.D. 1997-Dec-08 09:43:58.0000,  3.764679224049167E+08,  6.494519227481502E+08,  1.852165281305143E+07,
2450791.905532408, A.D. 1997-Dec-09 09:43:58.0000,  3.754886305939009E+08,  6.500718806256099E+08,  1.840303666457090E+07,
2450792.905532408, A.D. 1997-Dec-10 09:43:58.0000,  3.745084590706263E+08,  6.506903173595481E+08,  1.828437745653829E+07,
2450793.905532408, A.D. 1997-Dec-11 09:43:58.0000,  3.735274102893234E+08,  6.513072317537892E+08,  1.816567547295970E+07,
2450794.905532408, A.D. 1997-Dec-12 09:43:58.0000,  3.725454867067536E+08,  6.519226226169286E+08,  1.804693099777845E+07,
2450795.905532408, A.D. 1997-Dec-13 09:43:58.0000,  3.715626907821739E+08,  6.525364887625431E+08,  1.792814431489354E+07,
2450796.905532408, A.D. 1997-Dec-14 09:43:58.0000,  3.705790249772544E+08,  6.531488290094014E+08,  1.780931570818219E+07,
2450797.905532408, A.D. 1997-Dec-15 09:43:58.0000,  3.695944917559405E+08,  6.537596421816599E+08,  1.769044546152636E+07,
2450798.905532408, A.D. 1997-Dec-16 09:43:58.0000,  3.686090935842662E+08,  6.543689271090279E+08,  1.757153385884154E+07,
2450799.905532408, A.D. 1997-Dec-17 09:43:58.0000,  3.676228329301288E+08,  6.549766826268860E+08,  1.745258118410471E+07,
2450800.905532408, A.D. 1997-Dec-18 09:43:58.0000,  3.666357122630380E+08,  6.555829075763495E+08,  1.733358772138074E+07,
2450801.905532408, A.D. 1997-Dec-19 09:43:58.0000,  3.656477340538608E+08,  6.561876008042713E+08,  1.721455375484377E+07,
2450802.905532408, A.D. 1997-Dec-20 09:43:58.0000,  3.646589007745740E+08,  6.567907611631833E+08,  1.709547956879336E+07,
2450803.905532408, A.D. 1997-Dec-21 09:43:58.0000,  3.636692148980474E+08,  6.573923875111889E+08,  1.697636544766337E+07,
2450804.905532408, A.D. 1997-Dec-22 09:43:58.0000,  3.626786788978651E+08,  6.579924787118146E+08,  1.685721167602423E+07,
2450805.905532408, A.D. 1997-Dec-23 09:43:58.0000,  3.616872952481923E+08,  6.585910336338395E+08,  1.673801853857931E+07,
2450806.905532408, A.D. 1997-Dec-24 09:43:58.0000,  3.606950664236902E+08,  6.591880511511124E+08,  1.661878632015568E+07,
2450807.905532408, A.D. 1997-Dec-25 09:43:58.0000,  3.597019948994752E+08,  6.597835301423736E+08,  1.649951530569142E+07,
2450808.905532408, A.D. 1997-Dec-26 09:43:58.0000,  3.587080831511149E+08,  6.603774694910903E+08,  1.638020578022069E+07,
2450809.905532408, A.D. 1997-Dec-27 09:43:58.0000,  3.577133336546546E+08,  6.609698680853140E+08,  1.626085802885693E+07,
2450810.905532408, A.D. 1997-Dec-28 09:43:58.0000,  3.567177488866650E+08,  6.615607248175564E+08,  1.614147233677769E+07,
2450811.905532408, A.D. 1997-Dec-29 09:43:58.0000,  3.557213313243027E+08,  6.621500385846968E+08,  1.602204898920834E+07,
2450812.905532408, A.D. 1997-Dec-30 09:43:58.0000,  3.547240834453774E+08,  6.627378082879087E+08,  1.590258827140847E+07,
2450813.905532408, A.D. 1997-Dec-31 09:43:58.0000,  3.537260077284207E+08,  6.633240328326098E+08,  1.578309046865973E+07,
2450814.905532408, A.D. 1998-Jan-01 09:43:58.0000,  3.527271066527507E+08,  6.639087111284299E+08,  1.566355586625519E+07,
2450815.905532408, A.D. 1998-Jan-02 09:43:58.0000,  3.517273826985332E+08,  6.644918420891927E+08,  1.554398474949035E+07,
2450816.905532408, A.D. 1998-Jan-03 09:43:58.0000,  3.507268383468333E+08,  6.650734246329110E+08,  1.542437740365592E+07,
2450817.905532408, A.D. 1998-Jan-04 09:43:58.0000,  3.497254760796621E+08,  6.656534576817894E+08,  1.530473411403239E+07,
2450818.905532408, A.D. 1998-Jan-05 09:43:58.0000,  3.487232983800137E+08,  6.662319401622344E+08,  1.518505516588518E+07,
2450819.905532408, A.D. 1998-Jan-06 09:43:58.0000,  3.477203077318950E+08,  6.668088710048691E+08,  1.506534084446144E+07,
2450820.905532408, A.D. 1998-Jan-07 09:43:58.0000,  3.467165066203490E+08,  6.673842491445479E+08,  1.494559143498728E+07,
2450821.905532408, A.D. 1998-Jan-08 09:43:58.0000,  3.457118975314718E+08,  6.679580735203774E+08,  1.482580722266608E+07,
2450822.905532408, A.D. 1998-Jan-09 09:43:58.0000,  3.447064829524236E+08,  6.685303430757329E+08,  1.470598849267712E+07,
2450823.905532408, A.D. 1998-Jan-10 09:43:58.0000,  3.437002653714353E+08,  6.691010567582784E+08,  1.458613553017458E+07,
2450824.905532408, A.D. 1998-Jan-11 09:43:58.0000,  3.426932472778108E+08,  6.696702135199832E+08,  1.446624862028748E+07,
2450825.905532408, A.D. 1998-Jan-12 09:43:58.0000,  3.416854311619260E+08,  6.702378123171395E+08,  1.434632804811865E+07,
2450826.905532408, A.D. 1998-Jan-13 09:43:58.0000,  3.406768195152245E+08,  6.708038521103773E+08,  1.422637409874547E+07,
2450827.905532408, A.D. 1998-Jan-14 09:43:58.0000,  3.396674148302118E+08,  6.713683318646793E+08,  1.410638705721930E+07,
2450828.905532408, A.D. 1998-Jan-15 09:43:58.0000,  3.386572196004462E+08,  6.719312505493929E+08,  1.398636720856589E+07,
2450829.905532408, A.D. 1998-Jan-16 09:43:58.0000,  3.376462363205287E+08,  6.724926071382409E+08,  1.386631483778533E+07,
2450830.905532408, A.D. 1998-Jan-17 09:43:58.0000,  3.366344674860924E+08,  6.730524006093330E+08,  1.374623022985265E+07,
2450831.905532408, A.D. 1998-Jan-18 09:43:58.0000,  3.356219155937890E+08,  6.736106299451739E+08,  1.362611366971746E+07,
2450832.905532408, A.D. 1998-Jan-19 09:43:58.0000,  3.346085831412763E+08,  6.741672941326690E+08,  1.350596544230467E+07,
2450833.905532408, A.D. 1998-Jan-20 09:43:58.0000,  3.335944726272035E+08,  6.747223921631321E+08,  1.338578583251444E+07,
2450834.905532408, A.D. 1998-Jan-21 09:43:58.0000,  3.325795865511974E+08,  6.752759230322907E+08,  1.326557512522221E+07,
2450835.905532408, A.D. 1998-Jan-22 09:43:58.0000,  3.315639274138465E+08,  6.758278857402883E+08,  1.314533360527894E+07,
2450836.905532408, A.D. 1998-Jan-23 09:43:58.0000,  3.305474977166869E+08,  6.763782792916883E+08,  1.302506155751127E+07,
2450837.905532408, A.D. 1998-Jan-24 09:43:58.0000,  3.295302999621856E+08,  6.769271026954763E+08,  1.290475926672143E+07,
2450838.905532408, A.D. 1998-Jan-25 09:43:58.0000,  3.285123366537258E+08,  6.774743549650599E+08,  1.278442701768741E+07,
2450839.905532408, A.D. 1998-Jan-26 09:43:58.0000,  3.274936102955902E+08,  6.780200351182703E+08,  1.266406509516272E+07,
2450840.905532408, A.D. 1998-Jan-27 09:43:58.0000,  3.264741233929455E+08,  6.785641421773605E+08,  1.254367378387636E+07,
2450841.905532408, A.D. 1998-Jan-28 09:43:58.0000,  3.254538784518268E+08,  6.791066751690056E+08,  1.242325336853287E+07,
2450842.905532408, A.D. 1998-Jan-29 09:43:58.0000,  3.244328779791209E+08,  6.796476331242988E+08,  1.230280413381216E+07,
2450843.905532408, A.D. 1998-Jan-30 09:43:58.0000,  3.234111244825504E+08,  6.801870150787501E+08,  1.218232636436903E+07,
2450844.905532408, A.D. 1998-Jan-31 09:43:58.0000,  3.223886204706583E+08,  6.807248200722828E+08,  1.206182034483311E+07,
2450845.905532408, A.D. 1998-Feb-01 09:43:58.0000,  3.213653684527911E+08,  6.812610471492276E+08,  1.194128635980898E+07,
2450846.905532408, A.D. 1998-Feb-02 09:43:58.0000,  3.203413709390835E+08,  6.817956953583202E+08,  1.182072469387507E+07,
2450847.905532408, A.D. 1998-Feb-03 09:43:58.0000,  3.193166304404420E+08,  6.823287637526941E+08,  1.170013563158393E+07,
2450848.905532408, A.D. 1998-Feb-04 09:43:58.0000,  3.182911494685295E+08,  6.828602513898749E+08,  1.157951945746151E+07,
2450849.905532408, A.D. 1998-Feb-05 09:43:58.0000,  3.172649305357485E+08,  6.833901573317726E+08,  1.145887645600682E+07,
2450850.905532408, A.D. 1998-Feb-06 09:43:58.0000,  3.162379761552265E+08,  6.839184806446745E+08,  1.133820691169131E+07,
2450851.905532408, A.D. 1998-Feb-07 09:43:58.0000,  3.152102888407993E+08,  6.844452203992355E+08,  1.121751110895854E+07,
2450852.905532408, A.D. 1998-Feb-08 09:43:58.0000,  3.141818711069958E+08,  6.849703756704695E+08,  1.109678933222300E+07,
2450853.905532408, A.D. 1998-Feb-09 09:43:58.0000,  3.131527254690233E+08,  6.854939455377377E+08,  1.097604186586997E+07,
2450854.905532408, A.D. 1998-Feb-10 09:43:58.0000,  3.121228544427509E+08,  6.860159290847373E+08,  1.085526899425408E+07,
2450855.905532408, A.D. 1998-Feb-11 09:43:58.0000,  3.110922605446959E+08,  6.865363253994883E+08,  1.073447100169915E+07,
2450856.905532408, A.D. 1998-Feb-12 09:43:58.0000,  3.100609462920085E+08,  6.870551335743194E+08,  1.061364817249620E+07,
2450857.905532408, A.D. 1998-Feb-13 09:43:58.0000,  3.090289142024585E+08,  6.875723527058518E+08,  1.049280079090282E+07,
2450858.905532408, A.D. 1998-Feb-14 09:43:58.0000,  3.079961667944214E+08,  6.880879818949828E+08,  1.037192914114165E+07,
2450859.905532408, A.D. 1998-Feb-15 09:43:58.0000,  3.069627065868660E+08,  6.886020202468660E+08,  1.025103350739875E+07,
2450860.905532408, A.D. 1998-Feb-16 09:43:58.0000,  3.059285360993437E+08,  6.891144668708909E+08,  1.013011417382151E+07,
2450861.905532408, A.D. 1998-Feb-17 09:43:58.0000,  3.048936578519778E+08,  6.896253208806593E+08,  1.000917142451712E+07,
2450862.905532408, A.D. 1998-Feb-18 09:43:58.0000,  3.038580743654554E+08,  6.901345813939620E+08,  9.888205543549478E+06,
2450863.905532408, A.D. 1998-Feb-19 09:43:58.0000,  3.028217881610225E+08,  6.906422475327494E+08,  9.767216814936638E+06,
2450864.905532408, A.D. 1998-Feb-20 09:43:58.0000,  3.017848017604797E+08,  6.911483184231042E+08,  9.646205522647500E+06,
2450865.905532408, A.D. 1998-Feb-21 09:43:58.0000,  3.007471176861838E+08,  6.916527931952077E+08,  9.525171950598121E+06,
2450866.905532408, A.D. 1998-Feb-22 09:43:58.0000,  2.997087384610520E+08,  6.921556709833080E+08,  9.404116382647306E+06,
2450867.905532408, A.D. 1998-Feb-23 09:43:58.0000,  2.986696666085722E+08,  6.926569509256818E+08,  9.283039102591753E+06,
2450868.905532408, A.D. 1998-Feb-24 09:43:58.0000,  2.976299046528197E+08,  6.931566321646005E+08,  9.161940394160062E+06,
2450869.905532408, A.D. 1998-Feb-25 09:43:58.0000,  2.965894551184807E+08,  6.936547138462901E+08,  9.040820541006833E+06,
2450870.905532408, A.D. 1998-Feb-26 09:43:58.0000,  2.955483205308853E+08,  6.941511951208953E+08,  8.919679826705635E+06,
2450871.905532408, A.D. 1998-Feb-27 09:43:58.0000,  2.945065034160493E+08,  6.946460751424451E+08,  8.798518534740627E+06,
2450872.905532408, A.D. 1998-Feb-28 09:43:58.0000,  2.934640063007281E+08,  6.951393530688232E+08,  8.677336948498726E+06,
2450873.905532408, A.D. 1998-Mar-01 09:43:58.0000,  2.924208317124808E+08,  6.956310280617440E+08,  8.556135351260304E+06,
2450874.905532408, A.D. 1998-Mar-02 09:43:58.0000,  2.913769821797476E+08,  6.961210992867405E+08,  8.434914026190728E+06,
2450875.905532408, A.D. 1998-Mar-03 09:43:58.0000,  2.903324602319363E+08,  6.966095659131677E+08,  8.313673256330878E+06,
2450876.905532408, A.D. 1998-Mar-04 09:43:58.0000,  2.892872683995187E+08,  6.970964271142228E+08,  8.192413324588954E+06,
2450877.905532408, A.D. 1998-Mar-05 09:43:58.0000,  2.882414092141339E+08,  6.975816820669901E+08,  8.071134513734519E+06,
2450878.905532408, A.D. 1998-Mar-06 09:43:58.0000,  2.871948852086889E+08,  6.980653299525144E+08,  7.949837106393039E+06,
2450879.905532408, A.D. 1998-Mar-07 09:43:58.0000,  2.861476989174556E+08,  6.985473699559021E+08,  7.828521385044992E+06,
2450880.905532408, A.D. 1998-Mar-08 09:43:58.0000,  2.850998528761495E+08,  6.990278012664554E+08,  7.707187632028580E+06,
2450881.905532408, A.D. 1998-Mar-09 09:43:58.0000,  2.840513496219838E+08,  6.995066230778364E+08,  7.585836129546523E+06,
2450882.905532408, A.D. 1998-Mar-10 09:43:58.0000,  2.830021916936864E+08,  6.999838345882516E+08,  7.464467159679413E+06,
2450883.905532408, A.D. 1998-Mar-11 09:43:58.0000,  2.819523816314738E+08,  7.004594350006540E+08,  7.343081004402995E+06,
2450884.905532408, A.D. 1998-Mar-12 09:43:58.0000,  2.809019219769705E+08,  7.009334235229427E+08,  7.221677945611119E+06,
2450885.905532408, A.D. 1998-Mar-13 09:43:58.0000,  2.798508152730781E+08,  7.014057993681501E+08,  7.100258265141964E+06,
2450886.905532408, A.D. 1998-Mar-14 09:43:58.0000,  2.787990640637957E+08,  7.018765617545953E+08,  6.978822244806230E+06,
2450887.905532408, A.D. 1998-Mar-15 09:43:58.0000,  2.777466708940005E+08,  7.023457099059945E+08,  6.857370166414976E+06,
2450888.905532408, A.D. 1998-Mar-16 09:43:58.0000,  2.766936383092052E+08,  7.028132430515125E+08,  6.735902311805397E+06,
2450889.905532408, A.D. 1998-Mar-17 09:43:58.0000,  2.756399688553095E+08,  7.032791604257531E+08,  6.614418962861776E+06,
2450890.905532408, A.D. 1998-Mar-18 09:43:58.0000,  2.745856650783643E+08,  7.037434612686945E+08,  6.492920401530951E+06,
2450891.905532408, A.D. 1998-Mar-19 09:43:58.0000,  2.735307295243632E+08,  7.042061448255707E+08,  6.371406909830779E+06,
2450892.905532408, A.D. 1998-Mar-20 09:43:58.0000,  2.724751647390738E+08,  7.046672103467153E+08,  6.249878769851506E+06,
2450893.905532408, A.D. 1998-Mar-21 09:43:58.0000,  2.714189732679156E+08,  7.051266570873818E+08,  6.128336263751537E+06,
2450894.905532408, A.D. 1998-Mar-22 09:43:58.0000,  2.703621576558854E+08,  7.055844843075539E+08,  6.006779673748225E+06,
2450895.905532408, A.D. 1998-Mar-23 09:43:58.0000,  2.693047204475269E+08,  7.060406912717619E+08,  5.885209282104284E+06,
2450896.905532408, A.D. 1998-Mar-24 09:43:58.0000,  2.682466641869375E+08,  7.064952772489111E+08,  5.763625371112108E+06,
2450897.905532408, A.D. 1998-Mar-25 09:43:58.0000,  2.671879914178048E+08,  7.069482415121323E+08,  5.642028223077327E+06,
2450898.905532408, A.D. 1998-Mar-26 09:43:58.0000,  2.661287046834655E+08,  7.073995833386552E+08,  5.520418120301992E+06,
2450899.905532408, A.D. 1998-Mar-27 09:43:58.0000,  2.650688065269749E+08,  7.078493020097092E+08,  5.398795345069528E+06,
2450900.905532408, A.D. 1998-Mar-28 09:43:58.0000,  2.640082994911854E+08,  7.082973968104448E+08,  5.277160179629475E+06,
2450901.905532408, A.D. 1998-Mar-29 09:43:58.0000,  2.629471861188242E+08,  7.087438670298797E+08,  5.155512906185448E+06,
2450902.905532408, A.D. 1998-Mar-30 09:43:58.0000,  2.618854689525694E+08,  7.091887119608616E+08,  5.033853806883812E+06,
2450903.905532408, A.D. 1998-Mar-31 09:43:58.0000,  2.608231505351196E+08,  7.096319309000463E+08,  4.912183163805038E+06,
2450904.905532408, A.D. 1998-Apr-01 09:43:58.0000,  2.597602334092577E+08,  7.100735231478893E+08,  4.790501258955181E+06,
2450905.905532408, A.D. 1998-Apr-02 09:43:58.0000,  2.586967201179060E+08,  7.105134880086429E+08,  4.668808374260753E+06,
2450906.905532408, A.D. 1998-Apr-03 09:43:58.0000,  2.576326132041746E+08,  7.109518247903645E+08,  4.547104791563243E+06,
2450907.905532408, A.D. 1998-Apr-04 09:43:58.0000,  2.565679152114014E+08,  7.113885328049263E+08,  4.425390792615205E+06,
2450908.905532408, A.D. 1998-Apr-05 09:43:58.0000,  2.555026286831857E+08,  7.118236113680289E+08,  4.303666659077734E+06,
2450909.905532408, A.D. 1998-Apr-06 09:43:58.0000,  2.544367561634159E+08,  7.122570597992164E+08,  4.181932672517806E+06,
2450910.905532408, A.D. 1998-Apr-07 09:43:58.0000,  2.533703001962909E+08,  7.126888774218929E+08,  4.060189114406765E+06,
2450911.905532408, A.D. 1998-Apr-08 09:43:58.0000,  2.523032633263375E+08,  7.131190635633383E+08,  3.938436266119003E+06,
2450912.905532408, A.D. 1998-Apr-09 09:43:58.0000,  2.512356480984234E+08,  7.135476175547243E+08,  3.816674408930868E+06,
2450913.905532408, A.D. 1998-Apr-10 09:43:58.0000,  2.501674570577666E+08,  7.139745387311289E+08,  3.694903824020356E+06,
2450914.905532408, A.D. 1998-Apr-11 09:43:58.0000,  2.490986927499425E+08,  7.143998264315503E+08,  3.573124792466223E+06,
2450915.905532408, A.D. 1998-Apr-12 09:43:58.0000,  2.480293577208874E+08,  7.148234799989204E+08,  3.451337595247865E+06,
2450916.905532408, A.D. 1998-Apr-13 09:43:58.0000,  2.469594545169016E+08,  7.152454987801156E+08,  3.329542513245076E+06,
2450917.905532408, A.D. 1998-Apr-14 09:43:58.0000,  2.458889856846494E+08,  7.156658821259685E+08,  3.207739827237487E+06,
2450918.905532408, A.D. 1998-Apr-15 09:43:58.0000,  2.448179537711585E+08,  7.160846293912761E+08,  3.085929817904741E+06,
2450919.905532408, A.D. 1998-Apr-16 09:43:58.0000,  2.437463613238181E+08,  7.165017399348097E+08,  2.964112765825957E+06,
2450920.905532408, A.D. 1998-Apr-17 09:43:58.0000,  2.426742108903764E+08,  7.169172131193210E+08,  2.842288951480120E+06,
2450921.905532408, A.D. 1998-Apr-18 09:43:58.0000,  2.416015050189364E+08,  7.173310483115495E+08,  2.720458655245274E+06,
2450922.905532408, A.D. 1998-Apr-19 09:43:58.0000,  2.405282462579525E+08,  7.177432448822278E+08,  2.598622157398582E+06,
2450923.905532408, A.D. 1998-Apr-20 09:43:58.0000,  2.394544371562255E+08,  7.181538022060868E+08,  2.476779738116145E+06,
2450924.905532408, A.D. 1998-Apr-21 09:43:58.0000,  2.383800802628975E+08,  7.185627196618592E+08,  2.354931677472532E+06,
2450925.905532408, A.D. 1998-Apr-22 09:43:58.0000,  2.373051781274466E+08,  7.189699966322842E+08,  2.233078255440772E+06,
2450926.905532408, A.D. 1998-Apr-23 09:43:58.0000,  2.362297332996813E+08,  7.193756325041087E+08,  2.111219751891643E+06,
2450927.905532408, A.D. 1998-Apr-24 09:43:58.0000,  2.351537483297349E+08,  7.197796266680908E+08,  1.989356446593761E+06,
2450928.905532408, A.D. 1998-Apr-25 09:43:58.0000,  2.340772257680586E+08,  7.201819785190015E+08,  1.867488619212925E+06,
2450929.905532408, A.D. 1998-Apr-26 09:43:58.0000,  2.330001681654160E+08,  7.205826874556251E+08,  1.745616549311668E+06,
2450930.905532408, A.D. 1998-Apr-27 09:43:58.0000,  2.319225780728762E+08,  7.209817528807607E+08,  1.623740516349018E+06,
2450931.905532408, A.D. 1998-Apr-28 09:43:58.0000,  2.308444580418073E+08,  7.213791742012224E+08,  1.501860799679846E+06,
2450932.905532408, A.D. 1998-Apr-29 09:43:58.0000,  2.297658106238697E+08,  7.217749508278379E+08,  1.379977678554684E+06,
2450933.905532408, A.D. 1998-Apr-30 09:43:58.0000,  2.286866383710091E+08,  7.221690821754503E+08,  1.258091432118386E+06,
2450934.905532408, A.D. 1998-May-01 09:43:58.0000,  2.276069438354495E+08,  7.225615676629143E+08,  1.136202339410663E+06,
2450935.905532408, A.D. 1998-May-02 09:43:58.0000,  2.265267295696864E+08,  7.229524067130960E+08,  1.014310679364681E+06,
2450936.905532408, A.D. 1998-May-03 09:43:58.0000,  2.254459981264787E+08,  7.233415987528698E+08,  8.924167308068573E+05,
2450937.905532408, A.D. 1998-May-04 09:43:58.0000,  2.243647520588419E+08,  7.237291432131172E+08,  7.705207724557817E+05,
2450938.905532408, A.D. 1998-May-05 09:43:58.0000,  2.232829939200405E+08,  7.241150395287217E+08,  6.486230829218626E+05,
2450939.905532408, A.D. 1998-May-06 09:43:58.0000,  2.222007262635805E+08,  7.244992871385653E+08,  5.267239407065511E+05,
2450940.905532408, A.D. 1998-May-07 09:43:58.0000,  2.211179516432012E+08,  7.248818854855238E+08,  4.048236242010295E+05,
2450941.905532408, A.D. 1998-May-08 09:43:58.0000,  2.200346726128683E+08,  7.252628340164615E+08,  2.829224116860330E+05,
2450942.905532408, A.D. 1998-May-09 09:43:58.0000,  2.189508917267655E+08,  7.256421321822238E+08,  1.610205813301504E+05,
2450943.905532408, A.D. 1998-May-10 09:43:58.0000,  2.178666115392876E+08,  7.260197794376303E+08,  3.911841118946671E+04,
2450944.905532408, A.D. 1998-May-11 09:43:58.0000,  2.167818346050325E+08,  7.263957752414660E+08, -8.278382079452276E+04,
2450945.905532408, A.D. 1998-May-12 09:43:58.0000,  2.156965634787947E+08,  7.267701190564708E+08, -2.046858367953002E+05,
2450946.905532408, A.D. 1998-May-13 09:43:58.0000,  2.146108007155581E+08,  7.271428103493284E+08, -3.265873591035604E+05,
2450947.905532408, A.D. 1998-May-14 09:43:58.0000,  2.135245488704906E+08,  7.275138485906535E+08, -4.484881101285517E+05,
2450948.905532408, A.D. 1998-May-15 09:43:58.0000,  2.124378104989386E+08,  7.278832332549767E+08, -5.703878123999536E+05,
2450949.905532408, A.D. 1998-May-16 09:43:58.0000,  2.113505881564234E+08,  7.282509638207285E+08, -6.922861885703802E+05,
2450950.905532408, A.D. 1998-May-17 09:43:58.0000,  2.102628843986389E+08,  7.286170397702199E+08, -8.141829614177048E+05,
2450951.905532408, A.D. 1998-May-18 09:43:58.0000,  2.091747017814514E+08,  7.289814605896218E+08, -9.360778538476229E+05,
2450952.905532408, A.D. 1998-May-19 09:43:58.0000,  2.080860428609017E+08,  7.293442257689432E+08, -1.057970588897377E+06,
2450953.905532408, A.D. 1998-May-20 09:43:58.0000,  2.069969101932117E+08,  7.297053348020048E+08, -1.179860889739573E+06,
2450954.905532408, A.D. 1998-May-21 09:43:58.0000,  2.059073063347932E+08,  7.300647871864127E+08, -1.301748479686141E+06,
2450955.905532408, A.D. 1998-May-22 09:43:58.0000,  2.048172338422641E+08,  7.304225824235293E+08, -1.423633082193434E+06,
2450956.905532408, A.D. 1998-May-23 09:43:58.0000,  2.037266952724681E+08,  7.307787200184441E+08, -1.545514420868009E+06,
2450957.905532408, A.D. 1998-May-24 09:43:58.0000,  2.026356931825044E+08,  7.311331994799415E+08, -1.667392219472587E+06,
2450958.905532408, A.D. 1998-May-25 09:43:58.0000,  2.015442301297634E+08,  7.314860203204737E+08, -1.789266201933563E+06,
2450959.905532408, A.D. 1998-May-26 09:43:58.0000,  2.004523086719738E+08,  7.318371820561312E+08, -1.911136092348307E+06,
2450960.905532408, A.D. 1998-May-27 09:43:58.0000,  1.993599313672593E+08,  7.321866842066215E+08, -2.033001614993483E+06,
2450961.905532408, A.D. 1998-May-28 09:43:58.0000,  1.982671007742075E+08,  7.325345262952532E+08, -2.154862494334161E+06,
2450962.905532408, A.D. 1998-May-29 09:43:58.0000,  1.971738194519490E+08,  7.328807078489318E+08, -2.276718455032617E+06,
2450963.905532408, A.D. 1998-May-30 09:43:58.0000,  1.960800899602483E+08,  7.332252283981698E+08, -2.398569221956849E+06,
2450964.905532408, A.D. 1998-May-31 09:43:58.0000,  1.949859148596030E+08,  7.335680874771161E+08, -2.520414520188630E+06,
2450965.905532408, A.D. 1998-Jun-01 09:43:58.0000,  1.938912967113497E+08,  7.339092846236084E+08, -2.642254075030506E+06,
2450966.905532408, A.D. 1998-Jun-02 09:43:58.0000,  1.927962380777621E+08,  7.342488193792571E+08, -2.764087612008840E+06,
2450967.905532408, A.D. 1998-Jun-03 09:43:58.0000,  1.917007415221573E+08,  7.345866912895507E+08, -2.885914856876373E+06,
2450968.905532408, A.D. 1998-Jun-04 09:43:58.0000,  1.906048096089702E+08,  7.349228999040025E+08, -3.007735535608470E+06,
2450969.905532408, A.D. 1998-Jun-05 09:43:58.0000,  1.895084449038097E+08,  7.352574447763199E+08, -3.129549374395490E+06,
2450970.905532408, A.D. 1998-Jun-06 09:43:58.0000,  1.884116499734754E+08,  7.355903254646000E+08, -3.251356099629670E+06,
2450971.905532408, A.D. 1998-Jun-07 09:43:58.0000,  1.873144273859297E+08,  7.359215415315362E+08, -3.373155437887222E+06,
2450972.905532408, A.D. 1998-Jun-08 09:43:58.0000,  1.862167797102177E+08,  7.362510925446283E+08, -3.494947115904927E+06,
2450973.905532408, A.D. 1998-Jun-09 09:43:58.0000,  1.851187095163356E+08,  7.365789780763733E+08, -3.616730860553443E+06,
2450974.905532408, A.D. 1998-Jun-10 09:43:58.0000,  1.840202193750487E+08,  7.369051977044282E+08, -3.738506398809463E+06,
2450975.905532408, A.D. 1998-Jun-11 09:43:58.0000,  1.829213118576716E+08,  7.372297510117222E+08, -3.860273457726568E+06,
2450976.905532408, A.D. 1998-Jun-12 09:43:58.0000,  1.818219895358254E+08,  7.375526375865169E+08, -3.982031764410287E+06,
2450977.905532408, A.D. 1998-Jun-13 09:43:58.0000,  1.807222549811893E+08,  7.378738570224023E+08, -4.103781045996368E+06,
2450978.905532408, A.D. 1998-Jun-14 09:43:58.0000,  1.796221107652635E+08,  7.381934089182360E+08, -4.225521029635429E+06,
2450979.905532408, A.D. 1998-Jun-15 09:43:58.0000,  1.785215594591618E+08,  7.385112928780318E+08, -4.347251442484498E+06,
2450980.905532408, A.D. 1998-Jun-16 09:43:58.0000,  1.774206036334432E+08,  7.388275085108079E+08, -4.468972011704832E+06,
2450981.905532408, A.D. 1998-Jun-17 09:43:58.0000,  1.763192458579902E+08,  7.391420554304162E+08, -4.590682464466691E+06,
2450982.905532408, A.D. 1998-Jun-18 09:43:58.0000,  1.752174887019337E+08,  7.394549332553583E+08, -4.712382527957946E+06,
2450983.905532408, A.D. 1998-Jun-19 09:43:58.0000,  1.741153347336224E+08,  7.397661416086098E+08, -4.834071929397851E+06,
2450984.905532408, A.D. 1998-Jun-20 09:43:58.0000,  1.730127865206288E+08,  7.400756801174548E+08, -4.955750396051556E+06,
2450985.905532408, A.D. 1998-Jun-21 09:43:58.0000,  1.719098466297847E+08,  7.403835484133455E+08, -5.077417655246824E+06,
2450986.905532408, A.D. 1998-Jun-22 09:43:58.0000,  1.708065176272374E+08,  7.406897461317825E+08, -5.199073434390128E+06,
2450987.905532408, A.D. 1998-Jun-23 09:43:58.0000,  1.697028020785184E+08,  7.409942729122224E+08, -5.320717460981548E+06,
2450988.905532408, A.D. 1998-Jun-24 09:43:58.0000,  1.685987025486182E+08,  7.412971283980066E+08, -5.442349462629139E+06,
2450989.905532408, A.D. 1998-Jun-25 09:43:58.0000,  1.674942216020620E+08,  7.415983122363156E+08, -5.563969167060763E+06,
2450990.905532408, A.D. 1998-Jun-26 09:43:58.0000,  1.663893618029820E+08,  7.418978240781370E+08, -5.685576302134603E+06,
2450991.905532408, A.D. 1998-Jun-27 09:43:58.0000,  1.652841257151842E+08,  7.421956635782516E+08, -5.807170595848233E+06,
2450992.905532408, A.D. 1998-Jun-28 09:43:58.0000,  1.641785159022080E+08,  7.424918303952293E+08, -5.928751776344866E+06,
2450993.905532408, A.D. 1998-Jun-29 09:43:58.0000,  1.630725349273784E+08,  7.427863241914358E+08, -6.050319571920067E+06,
2450994.905532408, A.D. 1998-Jun-30 09:43:58.0000,  1.619661853538494E+08,  7.430791446330441E+08, -6.171873711025149E+06,
2450995.905532408, A.D. 1998-Jul-01 09:43:58.0000,  1.608594697446409E+08,  7.433702913900509E+08, -6.293413922271132E+06,
2450996.905532408, A.D. 1998-Jul-02 09:43:58.0000,  1.597523906626674E+08,  7.436597641362963E+08, -6.414939934431076E+06,
2450997.905532408, A.D. 1998-Jul-03 09:43:58.0000,  1.586449506707617E+08,  7.439475625494844E+08, -6.536451476441562E+06,
2450998.905532408, A.D. 1998-Jul-04 09:43:58.0000,  1.575371523316917E+08,  7.442336863112046E+08, -6.657948277404130E+06,
2450999.905532408, A.D. 1998-Jul-05 09:43:58.0000,  1.564289982081730E+08,  7.445181351069534E+08, -6.779430066586018E+06,
2451000.905532408, A.D. 1998-Jul-06 09:43:58.0000,  1.553204908628773E+08,  7.448009086261547E+08, -6.900896573420495E+06,
2451001.905532408, A.D. 1998-Jul-07 09:43:58.0000,  1.542116328584370E+08,  7.450820065621804E+08, -7.022347527507126E+06,
2451002.905532408, A.D. 1998-Jul-08 09:43:58.0000,  1.531024267574468E+08,  7.453614286123677E+08, -7.143782658611357E+06,
2451003.905532408, A.D. 1998-Jul-09 09:43:58.0000,  1.519928751224628E+08,  7.456391744780385E+08, -7.265201696664959E+06,
2451004.905532408, A.D. 1998-Jul-10 09:43:58.0000,  1.508829805159996E+08,  7.459152438645134E+08, -7.386604371765137E+06,
2451005.905532408, A.D. 1998-Jul-11 09:43:58.0000,  1.497727455005253E+08,  7.461896364811291E+08, -7.507990414174795E+06,
2451006.905532408, A.D. 1998-Jul-12 09:43:58.0000,  1.486621726384552E+08,  7.464623520412500E+08, -7.629359554321706E+06,
2451007.905532408, A.D. 1998-Jul-13 09:43:58.0000,  1.475512644921446E+08,  7.467333902622815E+08, -7.750711522798061E+06,
2451008.905532408, A.D. 1998-Jul-14 09:43:58.0000,  1.464400236238795E+08,  7.470027508656824E+08, -7.872046050361037E+06,
2451009.905532408, A.D. 1998-Jul-15 09:43:58.0000,  1.453284525958681E+08,  7.472704335769725E+08, -7.993362867931008E+06,
2451010.905532408, A.D. 1998-Jul-16 09:43:58.0000,  1.442165539702300E+08,  7.475364381257443E+08, -8.114661706592292E+06,
2451011.905532408, A.D. 1998-Jul-17 09:43:58.0000,  1.431043303089859E+08,  7.478007642456702E+08, -8.235942297592342E+06,
2451012.905532408, A.D. 1998-Jul-18 09:43:58.0000,  1.419917841740460E+08,  7.480634116745095E+08, -8.357204372341543E+06,
2451013.905532408, A.D. 1998-Jul-19 09:43:58.0000,  1.408789181271986E+08,  7.483243801541157E+08, -8.478447662412852E+06,
2451014.905532408, A.D. 1998-Jul-20 09:43:58.0000,  1.397657347300979E+08,  7.485836694304410E+08, -8.599671899541587E+06,
2451015.905532408, A.D. 1998-Jul-21 09:43:58.0000,  1.386522365442516E+08,  7.488412792535431E+08, -8.720876815625459E+06,
2451016.905532408, A.D. 1998-Jul-22 09:43:58.0000,  1.375384261310084E+08,  7.490972093775873E+08, -8.842062142723799E+06,
2451017.905532408, A.D. 1998-Jul-23 09:43:58.0000,  1.364243060515448E+08,  7.493514595608507E+08, -8.963227613057911E+06,
2451018.905532408, A.D. 1998-Jul-24 09:43:58.0000,  1.353098788668521E+08,  7.496040295657259E+08, -9.084372959010541E+06,
2451019.905532408, A.D. 1998-Jul-25 09:43:58.0000,  1.341951471377230E+08,  7.498549191587219E+08, -9.205497913126051E+06,
2451020.905532408, A.D. 1998-Jul-26 09:43:58.0000,  1.330801134247375E+08,  7.501041281104661E+08, -9.326602208110213E+06,
2451021.905532408, A.D. 1998-Jul-27 09:43:58.0000,  1.319647802882499E+08,  7.503516561957046E+08, -9.447685576830119E+06,
2451022.905532408, A.D. 1998-Jul-28 09:43:58.0000,  1.308491502883738E+08,  7.505975031933031E+08, -9.568747752314150E+06,
2451023.905532408, A.D. 1998-Jul-29 09:43:58.0000,  1.297332259849685E+08,  7.508416688862457E+08, -9.689788467752069E+06,
2451024.905532408, A.D. 1998-Jul-30 09:43:58.0000,  1.286170099376245E+08,  7.510841530616333E+08, -9.810807456494898E+06,
2451025.905532408, A.D. 1998-Jul-31 09:43:58.0000,  1.275005047056485E+08,  7.513249555106819E+08, -9.931804452055186E+06,
2451026.905532408, A.D. 1998-Aug-01 09:43:58.0000,  1.263837128480493E+08,  7.515640760287192E+08, -1.005277918810704E+07,
2451027.905532408, A.D. 1998-Aug-02 09:43:58.0000,  1.252666369235225E+08,  7.518015144151812E+08, -1.017373139848641E+07,
2451028.905532408, A.D. 1998-Aug-03 09:43:58.0000,  1.241492794904355E+08,  7.520372704736072E+08, -1.029466081719097E+07,
2451029.905532408, A.D. 1998-Aug-04 09:43:58.0000,  1.230316431068135E+08,  7.522713440116330E+08, -1.041556717838100E+07,
2451030.905532408, A.D. 1998-Aug-05 09:43:58.0000,  1.219137303303230E+08,  7.525037348409852E+08, -1.053645021637931E+07,
2451031.905532408, A.D. 1998-Aug-06 09:43:58.0000,  1.207955437182578E+08,  7.527344427774724E+08, -1.065730966567215E+07,
2451032.905532408, A.D. 1998-Aug-07 09:43:58.0000,  1.196770858275241E+08,  7.529634676409752E+08, -1.077814526090932E+07,
2451033.905532408, A.D. 1998-Aug-08 09:43:58.0000,  1.185583592146265E+08,  7.531908092554351E+08, -1.089895673690537E+07,
2451034.905532408, A.D. 1998-Aug-09 09:43:58.0000,  1.174393664356532E+08,  7.534164674488422E+08, -1.101974382864046E+07,
2451035.905532408, A.D. 1998-Aug-10 09:43:58.0000,  1.163201100462637E+08,  7.536404420532197E+08, -1.114050627126122E+07,
2451036.905532408, A.D. 1998-Aug-11 09:43:58.0000,  1.152005926016757E+08,  7.538627329046084E+08, -1.126124380008256E+07,
2451037.905532408, A.D. 1998-Aug-12 09:43:58.0000,  1.140808166566541E+08,  7.540833398430469E+08, -1.138195615058866E+07,
2451038.905532408, A.D. 1998-Aug-13 09:43:58.0000,  1.129607847655020E+08,  7.543022627125511E+08, -1.150264305843559E+07,
2451039.905532408, A.D. 1998-Aug-14 09:43:58.0000,  1.118404994820528E+08,  7.545195013610917E+08, -1.162330425945327E+07,
2451040.905532408, A.D. 1998-Aug-15 09:43:58.0000,  1.107199633596658E+08,  7.547350556405675E+08, -1.174393948964822E+07,
2451041.905532408, A.D. 1998-Aug-16 09:43:58.0000,  1.095991789512247E+08,  7.549489254067777E+08, -1.186454848520699E+07,
2451042.905532408, A.D. 1998-Aug-17 09:43:58.0000,  1.084781488091407E+08,  7.551611105193919E+08, -1.198513098250002E+07,
2451043.905532408, A.D. 1998-Aug-18 09:43:58.0000,  1.073568754853607E+08,  7.553716108419173E+08, -1.210568671808553E+07,
2451044.905532408, A.D. 1998-Aug-19 09:43:58.0000,  1.062353615313814E+08,  7.555804262416662E+08, -1.222621542871523E+07,
2451045.905532408, A.D. 1998-Aug-20 09:43:58.0000,  1.051136094982708E+08,  7.557875565897204E+08, -1.234671685134009E+07,
2451046.905532408, A.D. 1998-Aug-21 09:43:58.0000,  1.039916219366988E+08,  7.559930017608986E+08, -1.246719072311640E+07,
2451047.905532408, A.D. 1998-Aug-22 09:43:58.0000,  1.028694013969770E+08,  7.561967616337242E+08, -1.258763678141335E+07,
2451048.905532408, A.D. 1998-Aug-23 09:43:58.0000,  1.017469504291094E+08,  7.563988360903993E+08, -1.270805476382113E+07,
2451049.905532408, A.D. 1998-Aug-24 09:43:58.0000,  1.006242715828545E+08,  7.565992250167842E+08, -1.282844440815860E+07,
2451050.905532408, A.D. 1998-Aug-25 09:43:58.0000,  9.950136740779907E+07,  7.567979283023885E+08, -1.294880545248228E+07,
2451051.905532408, A.D. 1998-Aug-26 09:43:58.0000,  9.837824045344272E+07,  7.569949458403773E+08, -1.306913763509423E+07,
2451052.905532408, A.D. 1998-Aug-27 09:43:58.0000,  9.725489326929083E+07,  7.571902775275953E+08, -1.318944069454974E+07,
2451053.905532408, A.D. 1998-Aug-28 09:43:58.0000,  9.613132840495296E+07,  7.573839232646151E+08, -1.330971436966342E+07,
2451054.905532408, A.D. 1998-Aug-29 09:43:58.0000,  9.500754841024099E+07,  7.575758829558134E+08, -1.342995839951262E+07,
2451055.905532408, A.D. 1998-Aug-30 09:43:58.0000,  9.388355583526002E+07,  7.577661565094773E+08, -1.355017252343833E+07,
2451056.905532408, A.D. 1998-Aug-31 09:43:58.0000,  9.275935323048258E+07,  7.579547438379399E+08, -1.367035648104131E+07,
2451057.905532408, A.D. 1998-Sep-01 09:43:58.0000,  9.163494314679585E+07,  7.581416448577479E+08, -1.379051001217404E+07,
2451058.905532408, A.D. 1998-Sep-02 09:43:58.0000,  9.051032813551286E+07,  7.583268594898485E+08, -1.391063285692734E+07,
2451059.905532408, A.D. 1998-Sep-03 09:43:58.0000,  8.938551074833779E+07,  7.585103876597928E+08, -1.403072475561109E+07,
2451060.905532408, A.D. 1998-Sep-04 09:43:58.0000,  8.826049353727838E+07,  7.586922292979352E+08, -1.415078544873095E+07,
2451061.905532408, A.D. 1998-Sep-05 09:43:58.0000,  8.713527905450766E+07,  7.588723843396193E+08, -1.427081467696139E+07,
2451062.905532408, A.D. 1998-Sep-06 09:43:58.0000,  8.600986985217661E+07,  7.590508527253304E+08, -1.439081218111661E+07,
2451063.905532408, A.D. 1998-Sep-07 09:43:58.0000,  8.488426848218878E+07,  7.592276344008006E+08, -1.451077770212221E+07,
2451064.905532408, A.D. 1998-Sep-08 09:43:58.0000,  8.375847749595201E+07,  7.594027293170582E+08, -1.463071098098901E+07,
2451065.905532408, A.D. 1998-Sep-09 09:43:58.0000,  8.263249944412588E+07,  7.595761374304141E+08, -1.475061175879183E+07,
2451066.905532408, A.D. 1998-Sep-10 09:43:58.0000,  8.150633687638204E+07,  7.597478587023925E+08, -1.487047977665409E+07,
2451067.905532408, A.D. 1998-Sep-11 09:43:58.0000,  8.037999234119390E+07,  7.599178930996091E+08, -1.499031477573863E+07,
2451068.905532408, A.D. 1998-Sep-12 09:43:58.0000,  7.925346838566567E+07,  7.600862405936129E+08, -1.511011649724641E+07,
2451069.905532408, A.D. 1998-Sep-13 09:43:58.0000,  7.812676755540854E+07,  7.602529011607027E+08, -1.522988468242022E+07,
2451070.905532408, A.D. 1998-Sep-14 09:43:58.0000,  7.699989239446415E+07,  7.604178747817376E+08, -1.534961907255408E+07,
2451071.905532408, A.D. 1998-Sep-15 09:43:58.0000,  7.587284544527256E+07,  7.605811614419519E+08, -1.546931940900609E+07,
2451072.905532408, A.D. 1998-Sep-16 09:43:58.0000,  7.474562924867605E+07,  7.607427611307837E+08, -1.558898543321347E+07,
2451073.905532408, A.D. 1998-Sep-17 09:43:58.0000,  7.361824634395294E+07,  7.609026738417230E+08, -1.570861688670868E+07,
2451074.905532408, A.D. 1998-Sep-18 09:43:58.0000,  7.249069926887240E+07,  7.610608995721869E+08, -1.582821351113525E+07,
2451075.905532408, A.D. 1998-Sep-19 09:43:58.0000,  7.136299055976108E+07,  7.612174383234178E+08, -1.594777504826304E+07,
2451076.905532408, A.D. 1998-Sep-20 09:43:58.0000,  7.023512275157635E+07,  7.613722901004052E+08, -1.606730124000186E+07,
2451077.905532408, A.D. 1998-Sep-21 09:43:58.0000,  6.910709837798019E+07,  7.615254549118294E+08, -1.618679182841319E+07,
2451078.905532408, A.D. 1998-Sep-22 09:43:58.0000,  6.797891997141036E+07,  7.616769327700227E+08, -1.630624655572084E+07,
2451079.905532408, A.D. 1998-Sep-23 09:43:58.0000,  6.685059006314579E+07,  7.618267236909467E+08, -1.642566516431960E+07,
2451080.905532408, A.D. 1998-Sep-24 09:43:58.0000,  6.572211118336528E+07,  7.619748276941783E+08, -1.654504739678138E+07,
2451081.905532408, A.D. 1998-Sep-25 09:43:58.0000,  6.459348586119851E+07,  7.621212448029091E+08, -1.666439299586216E+07,
2451082.905532408, A.D. 1998-Sep-26 09:43:58.0000,  6.346471662476943E+07,  7.622659750439448E+08, -1.678370170450449E+07,
2451083.905532408, A.D. 1998-Sep-27 09:43:58.0000,  6.233580600123239E+07,  7.624090184477162E+08, -1.690297326584244E+07,
2451084.905532408, A.D. 1998-Sep-28 09:43:58.0000,  6.120675651680139E+07,  7.625503750482867E+08, -1.702220742320281E+07,
2451085.905532408, A.D. 1998-Sep-29 09:43:58.0000,  6.007757069677336E+07,  7.626900448833649E+08, -1.714140392010772E+07,
2451086.905532408, A.D. 1998-Sep-30 09:43:58.0000,  5.894825106554606E+07,  7.628280279943169E+08, -1.726056250027511E+07,
2451087.905532408, A.D. 1998-Oct-01 09:43:58.0000,  5.781880014663149E+07,  7.629643244261775E+08, -1.737968290761992E+07,
2451088.905532408, A.D. 1998-Oct-02 09:43:58.0000,  5.668922046266508E+07,  7.630989342276620E+08, -1.749876488625446E+07,
2451089.905532408, A.D. 1998-Oct-03 09:43:58.0000,  5.555951453541190E+07,  7.632318574511775E+08, -1.761780818048853E+07,
2451090.905532408, A.D. 1998-Oct-04 09:43:58.0000,  5.442968488576996E+07,  7.633630941528306E+08, -1.773681253482917E+07,
2451091.905532408, A.D. 1998-Oct-05 09:43:58.0000,  5.329973403377112E+07,  7.634926443924377E+08, -1.785577769398138E+07,
2451092.905532408, A.D. 1998-Oct-06 09:43:58.0000,  5.216966449858038E+07,  7.636205082335303E+08, -1.797470340284705E+07,
2451093.905532408, A.D. 1998-Oct-07 09:43:58.0000,  5.103947879849344E+07,  7.637466857433616E+08, -1.809358940652546E+07,
2451094.905532408, A.D. 1998-Oct-08 09:43:58.0000,  4.990917945093316E+07,  7.638711769929111E+08, -1.821243545031264E+07,
2451095.905532408, A.D. 1998-Oct-09 09:43:58.0000,  4.877876897244492E+07,  7.639939820568875E+08, -1.833124127970102E+07,
2451096.905532408, A.D. 1998-Oct-10 09:43:58.0000,  4.764824987869143E+07,  7.641151010137315E+08, -1.845000664037979E+07,
2451097.905532408, A.D. 1998-Oct-11 09:43:58.0000,  4.651762468444663E+07,  7.642345339456167E+08, -1.856873127823400E+07,
2451098.905532408, A.D. 1998-Oct-12 09:43:58.0000,  4.538689590358945E+07,  7.643522809384514E+08, -1.868741493934503E+07,
2451099.905532408, A.D. 1998-Oct-13 09:43:58.0000,  4.425606604909690E+07,  7.644683420818752E+08, -1.880605736998996E+07,
2451100.905532408, A.D. 1998-Oct-14 09:43:58.0000,  4.312513763303712E+07,  7.645827174692615E+08, -1.892465831664187E+07,
2451101.905532408, A.D. 1998-Oct-15 09:43:58.0000,  4.199411316656214E+07,  7.646954071977121E+08, -1.904321752596951E+07,
2451102.905532408, A.D. 1998-Oct-16 09:43:58.0000,  4.086299515990046E+07,  7.648064113680573E+08, -1.916173474483714E+07,
2451103.905532408, A.D. 1998-Oct-17 09:43:58.0000,  3.973178612234956E+07,  7.649157300848502E+08, -1.928020972030509E+07,
2451104.905532408, A.D. 1998-Oct-18 09:43:58.0000,  3.860048856226839E+07,  7.650233634563650E+08, -1.939864219962943E+07,
2451105.905532408, A.D. 1998-Oct-19 09:43:58.0000,  3.746910498706967E+07,  7.651293115945907E+08, -1.951703193026182E+07,
2451106.905532408, A.D. 1998-Oct-20 09:43:58.0000,  3.633763790321232E+07,  7.652335746152273E+08, -1.963537865985024E+07,
2451107.905532408, A.D. 1998-Oct-21 09:43:58.0000,  3.520608981619372E+07,  7.653361526376799E+08, -1.975368213623905E+07,
2451108.905532408, A.D. 1998-Oct-22 09:43:58.0000,  3.407446323054209E+07,  7.654370457850525E+08, -1.987194210746849E+07,
2451109.905532408, A.D. 1998-Oct-23 09:43:58.0000,  3.294276064980873E+07,  7.655362541841420E+08, -1.999015832177588E+07,
2451110.905532408, A.D. 1998-Oct-24 09:43:58.0000,  3.181098457656035E+07,  7.656337779654306E+08, -2.010833052759549E+07,
2451111.905532408, A.D. 1998-Oct-25 09:43:58.0000,  3.067913751237131E+07,  7.657296172630789E+08, -2.022645847355875E+07,
2451112.905532408, A.D. 1998-Oct-26 09:43:58.0000,  2.954722195781599E+07,  7.658237722149167E+08, -2.034454190849471E+07,
2451113.905532408, A.D. 1998-Oct-27 09:43:58.0000,  2.841524041246110E+07,  7.659162429624354E+08, -2.046258058143061E+07,
2451114.905532408, A.D. 1998-Oct-28 09:43:58.0000,  2.728319537485793E+07,  7.660070296507789E+08, -2.058057424159253E+07,
2451115.905532408, A.D. 1998-Oct-29 09:43:58.0000,  2.615108934253480E+07,  7.660961324287317E+08, -2.069852263840535E+07,
2451116.905532408, A.D. 1998-Oct-30 09:43:58.0000,  2.501892481198948E+07,  7.661835514487102E+08, -2.081642552149376E+07,
2451117.905532408, A.D. 1998-Oct-31 09:43:58.0000,  2.388670427868164E+07,  7.662692868667502E+08, -2.093428264068311E+07,
2451118.905532408, A.D. 1998-Nov-01 09:43:58.0000,  2.275443023702568E+07,  7.663533388424945E+08, -2.105209374599984E+07,
2451119.905532408, A.D. 1998-Nov-02 09:43:58.0000,  2.162210518038358E+07,  7.664357075391786E+08, -2.116985858767241E+07,
2451120.905532408, A.D. 1998-Nov-03 09:43:58.0000,  2.048973160105811E+07,  7.665163931236178E+08, -2.128757691613266E+07,
2451121.905532408, A.D. 1998-Nov-04 09:43:58.0000,  1.935731199028653E+07,  7.665953957661890E+08, -2.140524848201680E+07,
2451122.905532408, A.D. 1998-Nov-05 09:43:58.0000,  1.822484883823477E+07,  7.666727156408148E+08, -2.152287303616610E+07,
2451123.905532408, A.D. 1998-Nov-06 09:43:58.0000,  1.709234463399249E+07,  7.667483529249440E+08, -2.164045032962969E+07,
2451124.905532408, A.D. 1998-Nov-07 09:43:58.0000,  1.595980186556914E+07,  7.668223077995313E+08, -2.175798011366540E+07,
2451125.905532408, A.D. 1998-Nov-08 09:43:58.0000,  1.482722301989130E+07,  7.668945804490142E+08, -2.187546213974196E+07,
2451126.905532408, A.D. 1998-Nov-09 09:43:58.0000,  1.369461058280189E+07,  7.669651710612882E+08, -2.199289615954152E+07,
2451127.905532408, A.D. 1998-Nov-10 09:43:58.0000,  1.256196703906138E+07,  7.670340798276817E+08, -2.211028192496261E+07,
2451128.905532408, A.D. 1998-Nov-11 09:43:58.0000,  1.142929487235202E+07,  7.671013069429249E+08, -2.222761918812257E+07,
2451129.905532408, A.D. 1998-Nov-12 09:43:58.0000,  1.029659656528534E+07,  7.671668526051210E+08, -2.234490770136225E+07,
2451130.905532408, A.D. 1998-Nov-13 09:43:58.0000,  9.163874599413760E+06,  7.672307170157127E+08, -2.246214721724957E+07,
2451131.905532408, A.D. 1998-Nov-14 09:43:58.0000,  8.031131455249066E+06,  7.672929003794460E+08, -2.257933748858440E+07,
2451132.905532408, A.D. 1998-Nov-15 09:43:58.0000,  6.898369612283558E+06,  7.673534029043369E+08, -2.269647826840448E+07,
2451133.905532408, A.D. 1998-Nov-16 09:43:58.0000,  5.765591549022470E+06,  7.674122248016346E+08, -2.281356930999136E+07,
2451134.905532408, A.D. 1998-Nov-17 09:43:58.0000,  4.632799743023002E+06,  7.674693662857856E+08, -2.293061036687750E+07,
2451135.905532408, A.D. 1998-Nov-18 09:43:58.0000,  3.499996670943568E+06,  7.675248275744011E+08, -2.304760119285372E+07,
2451136.905532408, A.D. 1998-Nov-19 09:43:58.0000,  2.367184808603764E+06,  7.675786088882313E+08, -2.316454154197803E+07,
2451137.905532408, A.D. 1998-Nov-20 09:43:58.0000,  1.234366631056099E+06,  7.676307104511416E+08, -2.328143116858354E+07,
2451138.905532408, A.D. 1998-Nov-21 09:43:58.0000,  1.015446126689261E+05,  7.676811324901066E+08, -2.339826982728794E+07,
2451139.905532408, A.D. 1998-Nov-22 09:43:58.0000, -1.031278772780568E+06,  7.677298752352145E+08, -2.351505727300206E+07,
2451140.905532408, A.D. 1998-Nov-23 09:43:58.0000, -2.164101052002936E+06,  7.677769389196925E+08, -2.363179326093718E+07,
2451141.905532408, A.D. 1998-Nov-24 09:43:58.0000, -3.296919752089736E+06,  7.678223237799566E+08, -2.374847754661229E+07,
2451142.905532408, A.D. 1998-Nov-25 09:43:58.0000, -4.429732400406870E+06,  7.678660300556881E+08, -2.386510988585719E+07,
2451143.905532408, A.D. 1998-Nov-26 09:43:58.0000, -5.562536524495227E+06,  7.679080579899420E+08, -2.398169003481367E+07,
2451144.905532408, A.D. 1998-Nov-27 09:43:58.0000, -6.695329651988062E+06,  7.679484078292851E+08, -2.409821774993274E+07,
2451145.905532408, A.D. 1998-Nov-28 09:43:58.0000, -7.828109310555737E+06,  7.679870798239641E+08, -2.421469278796557E+07,
2451146.905532408, A.D. 1998-Nov-29 09:43:58.0000, -8.960873027887976E+06,  7.680240742280971E+08, -2.433111490595096E+07,
2451147.905532408, A.D. 1998-Nov-30 09:43:58.0000, -1.009361833172200E+07,  7.680593912998751E+08, -2.444748386119637E+07,
2451148.905532408, A.D. 1998-Dec-01 09:43:58.0000, -1.122634274992217E+07,  7.680930313017659E+08, -2.456379941125423E+07,
2451149.905532408, A.D. 1998-Dec-02 09:43:58.0000, -1.235904381061184E+07,  7.681249945007013E+08, -2.468006131389591E+07,
2451150.905532408, A.D. 1998-Dec-03 09:43:58.0000, -1.349171904235410E+07,  7.681552811682286E+08, -2.479626932708266E+07,
2451151.905532408, A.D. 1998-Dec-04 09:43:58.0000, -1.462436597437052E+07,  7.681838915806186E+08, -2.491242320893750E+07,
2451152.905532408, A.D. 1998-Dec-05 09:43:58.0000, -1.575698213678077E+07,  7.682108260189142E+08, -2.502852271771958E+07,
2451153.905532408, A.D. 1998-Dec-06 09:43:58.0000, -1.688956506084717E+07,  7.682360847689199E+08, -2.514456761180350E+07,
2451154.905532408, A.D. 1998-Dec-07 09:43:58.0000, -1.802211227920683E+07,  7.682596681211324E+08, -2.526055764966413E+07,
2451155.905532408, A.D. 1998-Dec-08 09:43:58.0000, -1.915462132607276E+07,  7.682815763706201E+08, -2.537649258986852E+07,
2451156.905532408, A.D. 1998-Dec-09 09:43:58.0000, -2.028708973739579E+07,  7.683018098168685E+08, -2.549237219107416E+07,
2451157.905532408, A.D. 1998-Dec-10 09:43:58.0000, -2.141951505097941E+07,  7.683203687636001E+08, -2.560819621203396E+07,
2451158.905532408, A.D. 1998-Dec-11 09:43:58.0000, -2.255189480654760E+07,  7.683372535185889E+08, -2.572396441160545E+07,
2451159.905532408, A.D. 1998-Dec-12 09:43:58.0000, -2.368422654576896E+07,  7.683524643934777E+08, -2.583967654876441E+07,
2451160.905532408, A.D. 1998-Dec-13 09:43:58.0000, -2.481650781224435E+07,  7.683660017036132E+08, -2.595533238262004E+07,
2451161.905532408, A.D. 1998-Dec-14 09:43:58.0000, -2.594873615146549E+07,  7.683778657678999E+08, -2.607093167243096E+07,
2451162.905532408, A.D. 1998-Dec-15 09:43:58.0000, -2.708090911075350E+07,  7.683880569086781E+08, -2.618647417762166E+07,
2451163.905532408, A.D. 1998-Dec-16 09:43:58.0000, -2.821302423918521E+07,  7.683965754516290E+08, -2.630195965779743E+07,
2451164.905532408, A.D. 1998-Dec-17 09:43:58.0000, -2.934507908751334E+07,  7.684034217257025E+08, -2.641738787275884E+07,
2451165.905532408, A.D. 1998-Dec-18 09:43:58.0000, -3.047707120808673E+07,  7.684085960630654E+08, -2.653275858251297E+07,
2451166.905532408, A.D. 1998-Dec-19 09:43:58.0000, -3.160899815477347E+07,  7.684120987990693E+08, -2.664807154728428E+07,
2451167.905532408, A.D. 1998-Dec-20 09:43:58.0000, -3.274085748288972E+07,  7.684139302722318E+08, -2.676332652752319E+07,
2451168.905532408, A.D. 1998-Dec-21 09:43:58.0000, -3.387264674913570E+07,  7.684140908242310E+08, -2.687852328391317E+07,
2451169.905532408, A.D. 1998-Dec-22 09:43:58.0000, -3.500436351153960E+07,  7.684125807999065E+08, -2.699366157737592E+07,
2451170.905532408, A.D. 1998-Dec-23 09:43:58.0000, -3.613600532940919E+07,  7.684094005472693E+08, -2.710874116907638E+07,
2451171.905532408, A.D. 1998-Dec-24 09:43:58.0000, -3.726756976329094E+07,  7.684045504175143E+08, -2.722376182042545E+07,
2451172.905532408, A.D. 1998-Dec-25 09:43:58.0000, -3.839905437493610E+07,  7.683980307650360E+08, -2.733872329308254E+07,
2451173.905532408, A.D. 1998-Dec-26 09:43:58.0000, -3.953045672727298E+07,  7.683898419474471E+08, -2.745362534895816E+07,
2451174.905532408, A.D. 1998-Dec-27 09:43:58.0000, -4.066177438438478E+07,  7.683799843255948E+08, -2.756846775021356E+07,
2451175.905532408, A.D. 1998-Dec-28 09:43:58.0000, -4.179300491149224E+07,  7.683684582635802E+08, -2.768325025926301E+07,
2451176.905532408, A.D. 1998-Dec-29 09:43:58.0000, -4.292414587494030E+07,  7.683552641287758E+08, -2.779797263877341E+07,
2451177.905532408, A.D. 1998-Dec-30 09:43:58.0000, -4.405519484218838E+07,  7.683404022918407E+08, -2.791263465166470E+07,
2451178.905532408, A.D. 1998-Dec-31 09:43:58.0000, -4.518614938180345E+07,  7.683238731267377E+08, -2.802723606110996E+07,
2451179.905532408, A.D. 1999-Jan-01 09:43:58.0000, -4.631700706345574E+07,  7.683056770107476E+08, -2.814177663053501E+07,
2451180.905532408, A.D. 1999-Jan-02 09:43:58.0000, -4.744776545791645E+07,  7.682858143244816E+08, -2.825625612361851E+07,
2451181.905532408, A.D. 1999-Jan-03 09:43:58.0000, -4.857842213705707E+07,  7.682642854518942E+08, -2.837067430429158E+07,
2451182.905532408, A.D. 1999-Jan-04 09:43:58.0000, -4.970897467385025E+07,  7.682410907802938E+08, -2.848503093673739E+07,
2451183.905532408, A.D. 1999-Jan-05 09:43:58.0000, -5.083942064237179E+07,  7.682162307003527E+08, -2.859932578539100E+07,
2451184.905532408, A.D. 1999-Jan-06 09:43:58.0000, -5.196975761780360E+07,  7.681897056061159E+08, -2.871355861493894E+07,
2451185.905532408, A.D. 1999-Jan-07 09:43:58.0000, -5.309998317643744E+07,  7.681615158950086E+08, -2.882772919031894E+07,
2451186.905532408, A.D. 1999-Jan-08 09:43:58.0000, -5.423009489567940E+07,  7.681316619678428E+08, -2.894183727671966E+07,
2451187.905532408, A.D. 1999-Jan-09 09:43:58.0000, -5.536009035405485E+07,  7.681001442288250E+08, -2.905588263958046E+07,
2451188.905532408, A.D. 1999-Jan-10 09:43:58.0000, -5.648996713121397E+07,  7.680669630855591E+08, -2.916986504459110E+07,
2451189.905532408, A.D. 1999-Jan-11 09:43:58.0000, -5.761972280793755E+07,  7.680321189490527E+08, -2.928378425769120E+07,
2451190.905532408, A.D. 1999-Jan-12 09:43:58.0000, -5.874935496614321E+07,  7.679956122337195E+08, -2.939764004507065E+07,
2451191.905532408, A.D. 1999-Jan-13 09:43:58.0000, -5.987886118889203E+07,  7.679574433573838E+08, -2.951143217316923E+07,
2451192.905532408, A.D. 1999-Jan-14 09:43:58.0000, -6.100823906039518E+07,  7.679176127412825E+08, -2.962516040867597E+07,
2451193.905532408, A.D. 1999-Jan-15 09:43:58.0000, -6.213748616602109E+07,  7.678761208100665E+08, -2.973882451852977E+07,
2451194.905532408, A.D. 1999-Jan-16 09:43:58.0000, -6.326660009230267E+07,  7.678329679918032E+08, -2.985242426991889E+07,
2451195.905532408, A.D. 1999-Jan-17 09:43:58.0000, -6.439557842694476E+07,  7.677881547179763E+08, -2.996595943028069E+07,
2451196.905532408, A.D. 1999-Jan-18 09:43:58.0000, -6.552441875883182E+07,  7.677416814234878E+08, -3.007942976730248E+07,
2451197.905532408, A.D. 1999-Jan-19 09:43:58.0000, -6.665311867803602E+07,  7.676935485466552E+08, -3.019283504892021E+07,
2451198.905532408, A.D. 1999-Jan-20 09:43:58.0000, -6.778167577582495E+07,  7.676437565292132E+08, -3.030617504331943E+07,
2451199.905532408, A.D. 1999-Jan-21 09:43:58.0000, -6.891008764467017E+07,  7.675923058163110E+08, -3.041944951893535E+07,
2451200.905532408, A.D. 1999-Jan-22 09:43:58.0000, -7.003835187825556E+07,  7.675391968565106E+08, -3.053265824445224E+07,
2451201.905532408, A.D. 1999-Jan-23 09:43:58.0000, -7.116646607148594E+07,  7.674844301017851E+08, -3.064580098880416E+07,
2451202.905532408, A.D. 1999-Jan-24 09:43:58.0000, -7.229442782049584E+07,  7.674280060075133E+08, -3.075887752117488E+07,
2451203.905532408, A.D. 1999-Jan-25 09:43:58.0000, -7.342223472265847E+07,  7.673699250324780E+08, -3.087188761099827E+07,
2451204.905532408, A.D. 1999-Jan-26 09:43:58.0000, -7.454988437659460E+07,  7.673101876388592E+08, -3.098483102795815E+07,
2451205.905532408, A.D. 1999-Jan-27 09:43:58.0000, -7.567737438218179E+07,  7.672487942922304E+08, -3.109770754198954E+07,
2451206.905532408, A.D. 1999-Jan-28 09:43:58.0000, -7.680470234056340E+07,  7.671857454615492E+08, -3.121051692327747E+07,
2451207.905532408, A.D. 1999-Jan-29 09:43:58.0000, -7.793186585415770E+07,  7.671210416191517E+08, -3.132325894225946E+07,
2451208.905532408, A.D. 1999-Jan-30 09:43:58.0000, -7.905886252666672E+07,  7.670546832407416E+08, -3.143593336962470E+07,
2451209.905532408, A.D. 1999-Jan-31 09:43:58.0000, -8.018568996308486E+07,  7.669866708053813E+08, -3.154853997631550E+07,
2451210.905532408, A.D. 1999-Feb-01 09:43:58.0000, -8.131234576970716E+07,  7.669170047954785E+08, -3.166107853352776E+07,
2451211.905532408, A.D. 1999-Feb-02 09:43:58.0000, -8.243882755413663E+07,  7.668456856967732E+08, -3.177354881271294E+07,
2451212.905532408, A.D. 1999-Feb-03 09:43:58.0000, -8.356513292529151E+07,  7.667727139983225E+08, -3.188595058557838E+07,
2451213.905532408, A.D. 1999-Feb-04 09:43:58.0000, -8.469125949340993E+07,  7.666980901924816E+08, -3.199828362408945E+07,
2451214.905532408, A.D. 1999-Feb-05 09:43:58.0000, -8.581720487005433E+07,  7.666218147748865E+08, -3.211054770047176E+07,
2451215.905532408, A.D. 1999-Feb-06 09:43:58.0000, -8.694296666811316E+07,  7.665438882444298E+08, -3.222274258721289E+07,
2451216.905532408, A.D. 1999-Feb-07 09:43:58.0000, -8.806854250179985E+07,  7.664643111032387E+08, -3.233486805706555E+07,
2451217.905532408, A.D. 1999-Feb-08 09:43:58.0000, -8.919392998664886E+07,  7.663830838566477E+08, -3.244692388305074E+07,
2451218.905532408, A.D. 1999-Feb-09 09:43:58.0000, -9.031912673950703E+07,  7.663002070131699E+08, -3.255890983846116E+07,
2451219.905532408, A.D. 1999-Feb-10 09:43:58.0000, -9.144413037852018E+07,  7.662156810844678E+08, -3.267082569686651E+07,
2451220.905532408, A.D. 1999-Feb-11 09:43:58.0000, -9.256893852311336E+07,  7.661295065853215E+08, -3.278267123211765E+07,
2451221.905532408, A.D. 1999-Feb-12 09:43:58.0000, -9.369354879396383E+07,  7.660416840335968E+08, -3.289444621835250E+07,
2451222.905532408, A.D. 1999-Feb-13 09:43:58.0000, -9.481795881296542E+07,  7.659522139502140E+08, -3.300615043000337E+07,
2451223.905532408, A.D. 1999-Feb-14 09:43:58.0000, -9.594216620318317E+07,  7.658610968591200E+08, -3.311778364180294E+07,
2451224.905532408, A.D. 1999-Feb-15 09:43:58.0000, -9.706616858879749E+07,  7.657683332872636E+08, -3.322934562879291E+07,
2451225.905532408, A.D. 1999-Feb-16 09:43:58.0000, -9.818996359503676E+07,  7.656739237645808E+08, -3.334083616633195E+07,
2451226.905532408, A.D. 1999-Feb-17 09:43:58.0000, -9.931354884809828E+07,  7.655778688239875E+08, -3.345225503010362E+07,
2451227.905532408, A.D. 1999-Feb-18 09:43:58.0000, -1.004369219750596E+08,  7.654801690013912E+08, -3.356360199612558E+07,
2451228.905532408, A.D. 1999-Feb-19 09:43:58.0000, -1.015600806037802E+08,  7.653808248357192E+08, -3.367487684075528E+07,
2451229.905532408, A.D. 1999-Feb-20 09:43:58.0000, -1.026830223627997E+08,  7.652798368689727E+08, -3.378607934069699E+07,
2451230.905532408, A.D. 1999-Feb-21 09:43:58.0000, -1.038057448812357E+08,  7.651772056463070E+08, -3.389720927300459E+07,
2451231.905532408, A.D. 1999-Feb-22 09:43:58.0000, -1.049282457886897E+08,  7.650729317161435E+08, -3.400826641508198E+07,
2451232.905532408, A.D. 1999-Feb-23 09:43:58.0000, -1.060505227151715E+08,  7.649670156303120E+08, -3.411925054467881E+07,
2451233.905532408, A.D. 1999-Feb-24 09:43:58.0000, -1.071725732910500E+08,  7.648594579442219E+08, -3.423016143988180E+07,
2451234.905532408, A.D. 1999-Feb-25 09:43:58.0000, -1.082943951470417E+08,  7.647502592170558E+08, -3.434099887910098E+07,
2451235.905532408, A.D. 1999-Feb-26 09:43:58.0000, -1.094159859142452E+08,  7.646394200119762E+08, -3.445176264104998E+07,
2451236.905532408, A.D. 1999-Feb-27 09:43:58.0000, -1.105373432242297E+08,  7.645269408963282E+08, -3.456245250472179E+07,
2451237.905532408, A.D. 1999-Feb-28 09:43:58.0000, -1.116584647091733E+08,  7.644128224418283E+08, -3.467306824936178E+07,
2451238.905532408, A.D. 1999-Mar-01 09:43:58.0000, -1.127793480020507E+08,  7.642970652247180E+08, -3.478360965443841E+07,
2451239.905532408, A.D. 1999-Mar-02 09:43:58.0000, -1.138999907368583E+08,  7.641796698258706E+08, -3.489407649961409E+07,
2451240.905532408, A.D. 1999-Mar-03 09:43:58.0000, -1.150203905488610E+08,  7.640606368308405E+08, -3.500446856472003E+07,
2451241.905532408, A.D. 1999-Mar-04 09:43:58.0000, -1.161405450748426E+08,  7.639399668298492E+08, -3.511478562973413E+07,
2451242.905532408, A.D. 1999-Mar-05 09:43:58.0000, -1.172604519533419E+08,  7.638176604177183E+08, -3.522502747476566E+07,
2451243.905532408, A.D. 1999-Mar-06 09:43:58.0000, -1.183801088248596E+08,  7.636937181937481E+08, -3.533519388004732E+07,
2451244.905532408, A.D. 1999-Mar-07 09:43:58.0000, -1.194995133320247E+08,  7.635681407615616E+08, -3.544528462593266E+07,
2451245.905532408, A.D. 1999-Mar-08 09:43:58.0000, -1.206186631197141E+08,  7.634409287289252E+08, -3.555529949290034E+07,
2451246.905532408, A.D. 1999-Mar-09 09:43:58.0000, -1.217375558351251E+08,  7.633120827075630E+08, -3.566523826156405E+07,
2451247.905532408, A.D. 1999-Mar-10 09:43:58.0000, -1.228561891278041E+08,  7.631816033129767E+08, -3.577510071268424E+07,
2451248.905532408, A.D. 1999-Mar-11 09:43:58.0000, -1.239745606496396E+08,  7.630494911642786E+08, -3.588488662718344E+07,
2451249.905532408, A.D. 1999-Mar-12 09:43:58.0000, -1.250926680548268E+08,  7.629157468840470E+08, -3.599459578616193E+07,
2451250.905532408, A.D. 1999-Mar-13 09:43:58.0000, -1.262105089998108E+08,  7.627803710982062E+08, -3.610422797091314E+07,
2451251.905532408, A.D. 1999-Mar-14 09:43:58.0000, -1.273280811432195E+08,  7.626433644359294E+08, -3.621378296293819E+07,
2451252.905532408, A.D. 1999-Mar-15 09:43:58.0000, -1.284453821457904E+08,  7.625047275295683E+08, -3.632326054395929E+07,
2451253.905532408, A.D. 1999-Mar-16 09:43:58.0000, -1.295624096702962E+08,  7.623644610146004E+08, -3.643266049593130E+07,
2451254.905532408, A.D. 1999-Mar-17 09:43:58.0000, -1.306791613814752E+08,  7.622225655295957E+08, -3.654198260105076E+07,
2451255.905532408, A.D. 1999-Mar-18 09:43:58.0000, -1.317956349459659E+08,  7.620790417161982E+08, -3.665122664176500E+07,
2451256.905532408, A.D. 1999-Mar-19 09:43:58.0000, -1.329118280322501E+08,  7.619338902191178E+08, -3.676039240077728E+07,
2451257.905532408, A.D. 1999-Mar-20 09:43:58.0000, -1.340277383106031E+08,  7.617871116861315E+08, -3.686947966105312E+07,
2451258.905532408, A.D. 1999-Mar-21 09:43:58.0000, -1.351433634530515E+08,  7.616387067680905E+08, -3.697848820582300E+07,
2451259.905532408, A.D. 1999-Mar-22 09:43:58.0000, -1.362587011333391E+08,  7.614886761189306E+08, -3.708741781858525E+07,
2451260.905532408, A.D. 1999-Mar-23 09:43:58.0000, -1.373737490268992E+08,  7.613370203956872E+08, -3.719626828310883E+07,
2451261.905532408, A.D. 1999-Mar-24 09:43:58.0000, -1.384885048108334E+08,  7.611837402585093E+08, -3.730503938343313E+07,
2451262.905532408, A.D. 1999-Mar-25 09:43:58.0000, -1.396029661638953E+08,  7.610288363706746E+08, -3.741373090386951E+07,
2451263.905532408, A.D. 1999-Mar-26 09:43:58.0000, -1.407171307664798E+08,  7.608723093986063E+08, -3.752234262900153E+07,
2451264.905532408, A.D. 1999-Mar-27 09:43:58.0000, -1.418309963006156E+08,  7.607141600118854E+08, -3.763087434368423E+07,
2451265.905532408, A.D. 1999-Mar-28 09:43:58.0000, -1.429445604499616E+08,  7.605543888832659E+08, -3.773932583304456E+07,
2451266.905532408, A.D. 1999-Mar-29 09:43:58.0000, -1.440578208998058E+08,  7.603929966886855E+08, -3.784769688248026E+07,
2451267.905532408, A.D. 1999-Mar-30 09:43:58.0000, -1.451707753370672E+08,  7.602299841072779E+08, -3.795598727765951E+07,
2451268.905532408, A.D. 1999-Mar-31 09:43:58.0000, -1.462834214502993E+08,  7.600653518213804E+08, -3.806419680452004E+07,
2451269.905532408, A.D. 1999-Apr-01 09:43:58.0000, -1.473957569296946E+08,  7.598991005165435E+08, -3.817232524926844E+07,
2451270.905532408, A.D. 1999-Apr-02 09:43:58.0000, -1.485077794670918E+08,  7.597312308815373E+08, -3.828037239837965E+07,
2451271.905532408, A.D. 1999-Apr-03 09:43:58.0000, -1.496194867559829E+08,  7.595617436083560E+08, -3.838833803859535E+07,
2451272.905532408, A.D. 1999-Apr-04 09:43:58.0000, -1.507308764915217E+08,  7.593906393922226E+08, -3.849622195692420E+07,
2451273.905532408, A.D. 1999-Apr-05 09:43:58.0000, -1.518419463705329E+08,  7.592179189315925E+08, -3.860402394063997E+07,
2451274.905532408, A.D. 1999-Apr-06 09:43:58.0000, -1.529526940915217E+08,  7.590435829281539E+08, -3.871174377728197E+07,
2451275.905532408, A.D. 1999-Apr-07 09:43:58.0000, -1.540631173546837E+08,  7.588676320868301E+08, -3.881938125465310E+07,
2451276.905532408, A.D. 1999-Apr-08 09:43:58.0000, -1.551732138619157E+08,  7.586900671157792E+08, -3.892693616082028E+07,
2451277.905532408, A.D. 1999-Apr-09 09:43:58.0000, -1.562829813168263E+08,  7.585108887263913E+08, -3.903440828411284E+07,
2451278.905532408, A.D. 1999-Apr-10 09:43:58.0000, -1.573924174247465E+08,  7.583300976332895E+08, -3.914179741312271E+07,
2451279.905532408, A.D. 1999-Apr-11 09:43:58.0000, -1.585015198927411E+08,  7.581476945543242E+08, -3.924910333670300E+07,
2451280.905532408, A.D. 1999-Apr-12 09:43:58.0000, -1.596102864296200E+08,  7.579636802105719E+08, -3.935632584396827E+07,
2451281.905532408, A.D. 1999-Apr-13 09:43:58.0000, -1.607187147459491E+08,  7.577780553263301E+08, -3.946346472429344E+07,
2451282.905532408, A.D. 1999-Apr-14 09:43:58.0000, -1.618268025540623E+08,  7.575908206291111E+08, -3.957051976731336E+07,
2451283.905532408, A.D. 1999-Apr-15 09:43:58.0000, -1.629345475680724E+08,  7.574019768496391E+08, -3.967749076292321E+07,
2451284.905532408, A.D. 1999-Apr-16 09:43:58.0000, -1.640419475038827E+08,  7.572115247218410E+08, -3.978437750127649E+07,
2451285.905532408, A.D. 1999-Apr-17 09:43:58.0000, -1.651490000791989E+08,  7.570194649828410E+08, -3.989117977278614E+07,
2451286.905532408, A.D. 1999-Apr-18 09:43:58.0000, -1.662557030135401E+08,  7.568257983729522E+08, -3.999789736812374E+07,
2451287.905532408, A.D. 1999-Apr-19 09:43:58.0000, -1.673620540282507E+08,  7.566305256356686E+08, -4.010453007821903E+07,
2451288.905532408, A.D. 1999-Apr-20 09:43:58.0000, -1.684680508465120E+08,  7.564336475176547E+08, -4.021107769425958E+07,
2451289.905532408, A.D. 1999-Apr-21 09:43:58.0000, -1.695736911933535E+08,  7.562351647687370E+08, -4.031754000769129E+07,
2451290.905532408, A.D. 1999-Apr-22 09:43:58.0000, -1.706789727956644E+08,  7.560350781418917E+08, -4.042391681021768E+07,
2451291.905532408, A.D. 1999-Apr-23 09:43:58.0000, -1.717838933822051E+08,  7.558333883932346E+08, -4.053020789380008E+07,
2451292.905532408, A.D. 1999-Apr-24 09:43:58.0000, -1.728884506836185E+08,  7.556300962820063E+08, -4.063641305065739E+07,
2451293.905532408, A.D. 1999-Apr-25 09:43:58.0000, -1.739926424324414E+08,  7.554252025705601E+08, -4.074253207326657E+07,
2451294.905532408, A.D. 1999-Apr-26 09:43:58.0000, -1.750964663631152E+08,  7.552187080243466E+08, -4.084856475436255E+07,
2451295.905532408, A.D. 1999-Apr-27 09:43:58.0000, -1.761999202119964E+08,  7.550106134118980E+08, -4.095451088693881E+07,
2451296.905532408, A.D. 1999-Apr-28 09:43:58.0000, -1.773030017173678E+08,  7.548009195048101E+08, -4.106037026424754E+07,
2451297.905532408, A.D. 1999-Apr-29 09:43:58.0000, -1.784057086194474E+08,  7.545896270777234E+08, -4.116614267980030E+07,
2451298.905532408, A.D. 1999-Apr-30 09:43:58.0000, -1.795080386603983E+08,  7.543767369083037E+08, -4.127182792736894E+07,
2451299.905532408, A.D. 1999-May-01 09:43:58.0000, -1.806099895843363E+08,  7.541622497772188E+08, -4.137742580098650E+07,
2451300.905532408, A.D. 1999-May-02 09:43:58.0000, -1.817115591373381E+08,  7.539461664681151E+08, -4.148293609494853E+07,
2451301.905532408, A.D. 1999-May-03 09:43:58.0000, -1.828127450674458E+08,  7.537284877675908E+08, -4.158835860381439E+07,
2451302.905532408, A.D. 1999-May-04 09:43:58.0000, -1.839135451246719E+08,  7.535092144651686E+08, -4.169369312240940E+07,
2451303.905532408, A.D. 1999-May-05 09:43:58.0000, -1.850139570610003E+08,  7.532883473532639E+08, -4.179893944582662E+07,
2451304.905532408, A.D. 1999-May-06 09:43:58.0000, -1.861139786303848E+08,  7.530658872271532E+08, -4.190409736943021E+07,
2451305.905532408, A.D. 1999-May-07 09:43:58.0000, -1.872136075887447E+08,  7.528418348849386E+08, -4.200916668885803E+07,
2451306.905532408, A.D. 1999-May-08 09:43:58.0000, -1.883128416939547E+08,  7.526161911275100E+08, -4.211414720002580E+07,
2451307.905532408, A.D. 1999-May-09 09:43:58.0000, -1.894116787058306E+08,  7.523889567585069E+08, -4.221903869913122E+07,
2451308.905532408, A.D. 1999-May-10 09:43:58.0000, -1.905101163861075E+08,  7.521601325842781E+08, -4.232384098265925E+07,
2451309.905532408, A.D. 1999-May-11 09:43:58.0000, -1.916081524984112E+08,  7.519297194138409E+08, -4.242855384738782E+07,
2451310.905532408, A.D. 1999-May-12 09:43:58.0000, -1.927057848082202E+08,  7.516977180588410E+08, -4.253317709039426E+07,
2451311.905532408, A.D. 1999-May-13 09:43:58.0000, -1.938030110828181E+08,  7.514641293335160E+08, -4.263771050906298E+07,
2451312.905532408, A.D. 1999-May-14 09:43:58.0000, -1.948998290912347E+08,  7.512289540546628E+08, -4.274215390109274E+07,
2451313.905532408, A.D. 1999-May-15 09:43:58.0000, -1.959962366041758E+08,  7.509921930416125E+08, -4.284650706450522E+07,
2451314.905532408, A.D. 1999-May-16 09:43:58.0000, -1.970922313939408E+08,  7.507538471162179E+08, -4.295076979765368E+07,
2451315.905532408, A.D. 1999-May-17 09:43:58.0000, -1.981878112343311E+08,  7.505139171028538E+08, -4.305494189923051E+07,
2451316.905532408, A.D. 1999-May-18 09:43:58.0000, -1.992829739005475E+08,  7.502724038284400E+08, -4.315902316827521E+07,
2451317.905532408, A.D. 1999-May-19 09:43:58.0000, -2.003777171690839E+08,  7.500293081224848E+08, -4.326301340417969E+07,
2451318.905532408, A.D. 1999-May-20 09:43:58.0000, -2.014720388176234E+08,  7.497846308171608E+08, -4.336691240669191E+07,
2451319.905532408, A.D. 1999-May-21 09:43:58.0000, -2.025659366249399E+08,  7.495383727474074E+08, -4.347071997591642E+07,
2451320.905532408, A.D. 1999-May-22 09:43:58.0000, -2.036594083708174E+08,  7.492905347510664E+08, -4.357443591230994E+07,
2451321.905532408, A.D. 1999-May-23 09:43:58.0000, -2.047524518359981E+08,  7.490411176690456E+08, -4.367806001667267E+07,
2451322.905532408, A.D. 1999-May-24 09:43:58.0000, -2.058450648021671E+08,  7.487901223455054E+08, -4.378159209013450E+07,
2451323.905532408, A.D. 1999-May-25 09:43:58.0000, -2.069372450519854E+08,  7.485375496280550E+08, -4.388503193413535E+07,
2451324.905532408, A.D. 1999-May-26 09:43:58.0000, -2.080289903691710E+08,  7.482834003679516E+08, -4.398837935040149E+07,
2451325.905532408, A.D. 1999-May-27 09:43:58.0000, -2.091202985386356E+08,  7.480276754202770E+08, -4.409163414091817E+07,
2451326.905532408, A.D. 1999-May-28 09:43:58.0000, -2.102111673466674E+08,  7.477703756440833E+08, -4.419479610790062E+07,
2451327.905532408, A.D. 1999-May-29 09:43:58.0000, -2.113015945811517E+08,  7.475115019024904E+08, -4.429786505376574E+07,
2451328.905532408, A.D. 1999-May-30 09:43:58.0000, -2.123915780318105E+08,  7.472510550627255E+08, -4.440084078110668E+07,
2451329.905532408, A.D. 1999-May-31 09:43:58.0000, -2.134811154904471E+08,  7.469890359961029E+08, -4.450372309267136E+07,
2451330.905532408, A.D. 1999-Jun-01 09:43:58.0000, -2.145702047511750E+08,  7.467254455779439E+08, -4.460651179134810E+07,
2451331.905532408, A.D. 1999-Jun-02 09:43:58.0000, -2.156588436106167E+08,  7.464602846874499E+08, -4.470920668015769E+07,
2451332.905532408, A.D. 1999-Jun-03 09:43:58.0000, -2.167470298680614E+08,  7.461935542075384E+08, -4.481180756225160E+07,
2451333.905532408, A.D. 1999-Jun-04 09:43:58.0000, -2.178347613255762E+08,  7.459252550246558E+08, -4.491431424091652E+07,
2451334.905532408, A.D. 1999-Jun-05 09:43:58.0000, -2.189220357880693E+08,  7.456553880285867E+08, -4.501672651958483E+07,
2451335.905532408, A.D. 1999-Jun-06 09:43:58.0000, -2.200088510633103E+08,  7.453839541122667E+08, -4.511904420184714E+07,
2451336.905532408, A.D. 1999-Jun-07 09:43:58.0000, -2.210952049619143E+08,  7.451109541716096E+08, -4.522126709146738E+07,
2451337.905532408, A.D. 1999-Jun-08 09:43:58.0000, -2.221810952972969E+08,  7.448363891053603E+08, -4.532339499239916E+07,
2451338.905532408, A.D. 1999-Jun-09 09:43:58.0000, -2.232665198856105E+08,  7.445602598149666E+08, -4.542542770880190E+07,
2451339.905532408, A.D. 1999-Jun-10 09:43:58.0000, -2.243514765456671E+08,  7.442825672044796E+08, -4.552736504505473E+07,
2451340.905532408, A.D. 1999-Jun-11 09:43:58.0000, -2.254359630988569E+08,  7.440033121804782E+08, -4.562920680577162E+07,
2451341.905532408, A.D. 1999-Jun-12 09:43:58.0000, -2.265199773690658E+08,  7.437224956520114E+08, -4.573095279581141E+07,
2451342.905532408, A.D. 1999-Jun-13 09:43:58.0000, -2.276035171825965E+08,  7.434401185305626E+08, -4.583260282028955E+07,
2451343.905532408, A.D. 1999-Jun-14 09:43:58.0000, -2.286865803680953E+08,  7.431561817300242E+08, -4.593415668458495E+07,
2451344.905532408, A.D. 1999-Jun-15 09:43:58.0000, -2.297691647564853E+08,  7.428706861666890E+08, -4.603561419434839E+07,
2451345.905532408, A.D. 1999-Jun-16 09:43:58.0000, -2.308512681809087E+08,  7.425836327592438E+08, -4.613697515550616E+07,
2451346.905532408, A.D. 1999-Jun-17 09:43:58.0000, -2.319328884766746E+08,  7.422950224287753E+08, -4.623823937426531E+07,
2451347.905532408, A.D. 1999-Jun-18 09:43:58.0000, -2.330140234812171E+08,  7.420048560987773E+08, -4.633940665711671E+07,
2451348.905532408, A.D. 1999-Jun-19 09:43:58.0000, -2.340946710340570E+08,  7.417131346951605E+08, -4.644047681083679E+07,
2451349.905532408, A.D. 1999-Jun-20 09:43:58.0000, -2.351748289767720E+08,  7.414198591462647E+08, -4.654144964248970E+07,
2451350.905532408, A.D. 1999-Jun-21 09:43:58.0000, -2.362544951529705E+08,  7.411250303828713E+08, -4.664232495942783E+07,
2451351.905532408, A.D. 1999-Jun-22 09:43:58.0000, -2.373336674082720E+08,  7.408286493382165E+08, -4.674310256929290E+07,
2451352.905532408, A.D. 1999-Jun-23 09:43:58.0000, -2.384123435902890E+08,  7.405307169480035E+08, -4.684378228001642E+07,
2451353.905532408, A.D. 1999-Jun-24 09:43:58.0000, -2.394905215486145E+08,  7.402312341504122E+08, -4.694436389981887E+07,
2451354.905532408, A.D. 1999-Jun-25 09:43:58.0000, -2.405681991348108E+08,  7.399302018861113E+08, -4.704484723721075E+07,
2451355.905532408, A.D. 1999-Jun-26 09:43:58.0000, -2.416453742024012E+08,  7.396276210982668E+08, -4.714523210099179E+07,
2451356.905532408, A.D. 1999-Jun-27 09:43:58.0000, -2.427220446068641E+08,  7.393234927325503E+08, -4.724551830025053E+07,
2451357.905532408, A.D. 1999-Jun-28 09:43:58.0000, -2.437982082056273E+08,  7.390178177371458E+08, -4.734570564436424E+07,
2451358.905532408, A.D. 1999-Jun-29 09:43:58.0000, -2.448738628580653E+08,  7.387105970627561E+08, -4.744579394299856E+07,
2451359.905532408, A.D. 1999-Jun-30 09:43:58.0000, -2.459490064254963E+08,  7.384018316626070E+08, -4.754578300610721E+07,
2451360.905532408, A.D. 1999-Jul-01 09:43:58.0000, -2.470236367711809E+08,  7.380915224924520E+08, -4.764567264393112E+07,
2451361.905532408, A.D. 1999-Jul-02 09:43:58.0000, -2.480977517603208E+08,  7.377796705105751E+08, -4.774546266699883E+07,
2451362.905532408, A.D. 1999-Jul-03 09:43:58.0000, -2.491713492600589E+08,  7.374662766777922E+08, -4.784515288612550E+07,
2451363.905532408, A.D. 1999-Jul-04 09:43:58.0000, -2.502444271394790E+08,  7.371513419574540E+08, -4.794474311241305E+07,
2451364.905532408, A.D. 1999-Jul-05 09:43:58.0000, -2.513169832696064E+08,  7.368348673154460E+08, -4.804423315724969E+07,
2451365.905532408, A.D. 1999-Jul-06 09:43:58.0000, -2.523890155234089E+08,  7.365168537201880E+08, -4.814362283230981E+07,
2451366.905532408, A.D. 1999-Jul-07 09:43:58.0000, -2.534605217757975E+08,  7.361973021426347E+08, -4.824291194955349E+07,
2451367.905532408, A.D. 1999-Jul-08 09:43:58.0000, -2.545314999036278E+08,  7.358762135562742E+08, -4.834210032122675E+07,
2451368.905532408, A.D. 1999-Jul-09 09:43:58.0000, -2.556019477857016E+08,  7.355535889371256E+08, -4.844118775986069E+07,
2451369.905532408, A.D. 1999-Jul-10 09:43:58.0000, -2.566718633027680E+08,  7.352294292637384E+08, -4.854017407827243E+07,
2451370.905532408, A.D. 1999-Jul-11 09:43:58.0000, -2.577412443375255E+08,  7.349037355171891E+08, -4.863905908956417E+07,
2451371.905532408, A.D. 1999-Jul-12 09:43:58.0000, -2.588100887746238E+08,  7.345765086810782E+08, -4.873784260712337E+07,
2451372.905532408, A.D. 1999-Jul-13 09:43:58.0000, -2.598783945006661E+08,  7.342477497415268E+08, -4.883652444462290E+07,
2451373.905532408, A.D. 1999-Jul-14 09:43:58.0000, -2.609461594042107E+08,  7.339174596871734E+08, -4.893510441602090E+07,
2451374.905532408, A.D. 1999-Jul-15 09:43:58.0000, -2.620133813757732E+08,  7.335856395091679E+08, -4.903358233556065E+07,
2451375.905532408, A.D. 1999-Jul-16 09:43:58.0000, -2.630800583078297E+08,  7.332522902011687E+08, -4.913195801777112E+07,
2451376.905532408, A.D. 1999-Jul-17 09:43:58.0000, -2.641461880948181E+08,  7.329174127593358E+08, -4.923023127746671E+07,
2451377.905532408, A.D. 1999-Jul-18 09:43:58.0000, -2.652117686331413E+08,  7.325810081823252E+08, -4.932840192974731E+07,
2451378.905532408, A.D. 1999-Jul-19 09:43:58.0000, -2.662767978211702E+08,  7.322430774712838E+08, -4.942646978999916E+07,
2451379.905532408, A.D. 1999-Jul-20 09:43:58.0000, -2.673412735592455E+08,  7.319036216298397E+08, -4.952443467389429E+07,
2451380.905532408, A.D. 1999-Jul-21 09:43:58.0000, -2.684051937496811E+08,  7.315626416640965E+08, -4.962229639739129E+07,
2451381.905532408, A.D. 1999-Jul-22 09:43:58.0000, -2.694685562967665E+08,  7.312201385826230E+08, -4.972005477673581E+07,
2451382.905532408, A.D. 1999-Jul-23 09:43:58.0000, -2.705313591067699E+08,  7.308761133964448E+08, -4.981770962846079E+07,
2451383.905532408, A.D. 1999-Jul-24 09:43:58.0000, -2.715936000879403E+08,  7.305305671190323E+08, -4.991526076938716E+07,
2451384.905532408, A.D. 1999-Jul-25 09:43:58.0000, -2.726552771505101E+08,  7.301835007662904E+08, -5.001270801662448E+07,
2451385.905532408, A.D. 1999-Jul-26 09:43:58.0000, -2.737163882066970E+08,  7.298349153565437E+08, -5.011005118757200E+07,
2451386.905532408, A.D. 1999-Jul-27 09:43:58.0000, -2.747769311707060E+08,  7.294848119105234E+08, -5.020729009991917E+07,
2451387.905532408, A.D. 1999-Jul-28 09:43:58.0000, -2.758369039587291E+08,  7.291331914513508E+08, -5.030442457164773E+07,
2451388.905532408, A.D. 1999-Jul-29 09:43:58.0000, -2.768963044889466E+08,  7.287800550045184E+08, -5.040145442103219E+07,
2451389.905532408, A.D. 1999-Jul-30 09:43:58.0000, -2.779551306815245E+08,  7.284254035978723E+08, -5.049837946664211E+07,
2451390.905532408, A.D. 1999-Jul-31 09:43:58.0000, -2.790133804586117E+08,  7.280692382615886E+08, -5.059519952734432E+07,
2451391.905532408, A.D. 1999-Aug-01 09:43:58.0000, -2.800710517443354E+08,  7.277115600281506E+08, -5.069191442230475E+07,
2451392.905532408, A.D. 1999-Aug-02 09:43:58.0000, -2.811281424647921E+08,  7.273523699323224E+08, -5.078852397099173E+07,
2451393.905532408, A.D. 1999-Aug-03 09:43:58.0000, -2.821846505480369E+08,  7.269916690111216E+08, -5.088502799317938E+07,
2451394.905532408, A.D. 1999-Aug-04 09:43:58.0000, -2.832405739240673E+08,  7.266294583037884E+08, -5.098142630895111E+07,
2451395.905532408, A.D. 1999-Aug-05 09:43:58.0000, -2.842959105248025E+08,  7.262657388517542E+08, -5.107771873870474E+07,
2451396.905532408, A.D. 1999-Aug-06 09:43:58.0000, -2.853506582840560E+08,  7.259005116986092E+08, -5.117390510315713E+07,
2451397.905532408, A.D. 1999-Aug-07 09:43:58.0000, -2.864048151375010E+08,  7.255337778900691E+08, -5.126998522335073E+07,
2451398.905532408, A.D. 1999-Aug-08 09:43:58.0000, -2.874583790226267E+08,  7.251655384739436E+08, -5.136595892065957E+07,
2451399.905532408, A.D. 1999-Aug-09 09:43:58.0000, -2.885113478786855E+08,  7.247957945001060E+08, -5.146182601679707E+07,
2451400.905532408, A.D. 1999-Aug-10 09:43:58.0000, -2.895637196466288E+08,  7.244245470204701E+08, -5.155758633382362E+07,
2451401.905532408, A.D. 1999-Aug-11 09:43:58.0000, -2.906154922690318E+08,  7.240517970889738E+08, -5.165323969415522E+07,
2451402.905532408, A.D. 1999-Aug-12 09:43:58.0000, -2.916666636900066E+08,  7.236775457615732E+08, -5.174878592057180E+07,
2451403.905532408, A.D. 1999-Aug-13 09:43:58.0000, -2.927172318551051E+08,  7.233017940962538E+08, -5.184422483622497E+07,
2451404.905532408, A.D. 1999-Aug-14 09:43:58.0000, -2.937671947112126E+08,  7.229245431530602E+08, -5.193955626464629E+07,
2451405.905532408, A.D. 1999-Aug-15 09:43:58.0000, -2.948165502064396E+08,  7.225457939941514E+08, -5.203478002975193E+07,
2451406.905532408, A.D. 1999-Aug-16 09:43:58.0000, -2.958652962900113E+08,  7.221655476838832E+08, -5.212989595584664E+07,
2451407.905532408, A.D. 1999-Aug-17 09:43:58.0000, -2.969134309121679E+08,  7.217838052889211E+08, -5.222490386762357E+07,
2451408.905532408, A.D. 1999-Aug-18 09:43:58.0000, -2.979609520240816E+08,  7.214005678783861E+08, -5.231980359016049E+07,
2451409.905532408, A.D. 1999-Aug-19 09:43:58.0000, -2.990078575778028E+08,  7.210158365240260E+08, -5.241459494891012E+07,
2451410.905532408, A.D. 1999-Aug-20 09:43:58.0000, -3.000541455262432E+08,  7.206296123004119E+08, -5.250927776968652E+07,
2451411.905532408, A.D. 1999-Aug-21 09:43:58.0000, -3.010998138232063E+08,  7.202418962851448E+08, -5.260385187864524E+07,
2451412.905532408, A.D. 1999-Aug-22 09:43:58.0000, -3.021448604234707E+08,  7.198526895590590E+08, -5.269831710225880E+07,
2451413.905532408, A.D. 1999-Aug-23 09:43:58.0000, -3.031892832829247E+08,  7.194619932064104E+08, -5.279267326729000E+07,
2451414.905532408, A.D. 1999-Aug-24 09:43:58.0000, -3.042330803587492E+08,  7.190698083150278E+08, -5.288692020076209E+07,
2451415.905532408, A.D. 1999-Aug-25 09:43:58.0000, -3.052762496096361E+08,  7.186761359764187E+08, -5.298105772993073E+07,
2451416.905532408, A.D. 1999-Aug-26 09:43:58.0000, -3.063187889960289E+08,  7.182809772858144E+08, -5.307508568225825E+07,
2451417.905532408, A.D. 1999-Aug-27 09:43:58.0000, -3.073606964803655E+08,  7.178843333421562E+08, -5.316900388539249E+07,
2451418.905532408, A.D. 1999-Aug-28 09:43:58.0000, -3.084019700273046E+08,  7.174862052480247E+08, -5.326281216715226E+07,
2451419.905532408, A.D. 1999-Aug-29 09:43:58.0000, -3.094426076039237E+08,  7.170865941095191E+08, -5.335651035551918E+07,
2451420.905532408, A.D. 1999-Aug-30 09:43:58.0000, -3.104826071798752E+08,  7.166855010361000E+08, -5.345009827863619E+07,
2451421.905532408, A.D. 1999-Aug-31 09:43:58.0000, -3.115219667274948E+08,  7.162829271404123E+08, -5.354357576481229E+07,
2451422.905532408, A.D. 1999-Sep-01 09:43:58.0000, -3.125606842218651E+08,  7.158788735381012E+08, -5.363694264253238E+07,
2451423.905532408, A.D. 1999-Sep-02 09:43:58.0000, -3.135987576408331E+08,  7.154733413476347E+08, -5.373019874046916E+07,
2451424.905532408, A.D. 1999-Sep-03 09:43:58.0000, -3.146361849649957E+08,  7.150663316901417E+08, -5.382334388749969E+07,
2451425.905532408, A.D. 1999-Sep-04 09:43:58.0000, -3.156729641776534E+08,  7.146578456892700E+08, -5.391637791271996E+07,
2451426.905532408, A.D. 1999-Sep-05 09:43:58.0000, -3.167090932647469E+08,  7.142478844710714E+08, -5.400930064546087E+07,
2451427.905532408, A.D. 1999-Sep-06 09:43:58.0000, -3.177445702147815E+08,  7.138364491639090E+08, -5.410211191530311E+07,
2451428.905532408, A.D. 1999-Sep-07 09:43:58.0000, -3.187793930187467E+08,  7.134235408983908E+08, -5.419481155208981E+07,
2451429.905532408, A.D. 1999-Sep-08 09:43:58.0000, -3.198135596700352E+08,  7.130091608073219E+08, -5.428739938593835E+07,
2451430.905532408, A.D. 1999-Sep-09 09:43:58.0000, -3.208470681643656E+08,  7.125933100256757E+08, -5.437987524724999E+07,
2451431.905532408, A.D. 1999-Sep-10 09:43:58.0000, -3.218799164997113E+08,  7.121759896905794E+08, -5.447223896671787E+07,
2451432.905532408, A.D. 1999-Sep-11 09:43:58.0000, -3.229121026762369E+08,  7.117572009413112E+08, -5.456449037533349E+07,
2451433.905532408, A.D. 1999-Sep-12 09:43:58.0000, -3.239436246962414E+08,  7.113369449193040E+08, -5.465662930439112E+07,
2451434.905532408, A.D. 1999-Sep-13 09:43:58.0000, -3.249744805641110E+08,  7.109152227681587E+08, -5.474865558549252E+07,
2451435.905532408, A.D. 1999-Sep-14 09:43:58.0000, -3.260046682862776E+08,  7.104920356336590E+08, -5.484056905054879E+07,
2451436.905532408, A.D. 1999-Sep-15 09:43:58.0000, -3.270341858711852E+08,  7.100673846637884E+08, -5.493236953178242E+07,
2451437.905532408, A.D. 1999-Sep-16 09:43:58.0000, -3.280630313292633E+08,  7.096412710087526E+08, -5.502405686172897E+07,
2451438.905532408, A.D. 1999-Sep-17 09:43:58.0000, -3.290912026729035E+08,  7.092136958209968E+08, -5.511563087323722E+07,
2451439.905532408, A.D. 1999-Sep-18 09:43:58.0000, -3.301186979164435E+08,  7.087846602552269E+08, -5.520709139946944E+07,
2451440.905532408, A.D. 1999-Sep-19 09:43:58.0000, -3.311455150761536E+08,  7.083541654684298E+08, -5.529843827390167E+07,
2451441.905532408, A.D. 1999-Sep-20 09:43:58.0000, -3.321716521702269E+08,  7.079222126198902E+08, -5.538967133032289E+07,
2451442.905532408, A.D. 1999-Sep-21 09:43:58.0000, -3.331971072187733E+08,  7.074888028712089E+08, -5.548079040283477E+07,
2451443.905532408, A.D. 1999-Sep-22 09:43:58.0000, -3.342218782438149E+08,  7.070539373863189E+08, -5.557179532585102E+07,
2451444.905532408, A.D. 1999-Sep-23 09:43:58.0000, -3.352459632692839E+08,  7.066176173315003E+08, -5.566268593409643E+07,
2451445.905532408, A.D. 1999-Sep-24 09:43:58.0000, -3.362693603210229E+08,  7.061798438753940E+08, -5.575346206260645E+07,
2451446.905532408, A.D. 1999-Sep-25 09:43:58.0000, -3.372920674267855E+08,  7.057406181890143E+08, -5.584412354672617E+07,
2451447.905532408, A.D. 1999-Sep-26 09:43:58.0000, -3.383140826162391E+08,  7.052999414457597E+08, -5.593467022210920E+07,
2451448.905532408, A.D. 1999-Sep-27 09:43:58.0000, -3.393354039209682E+08,  7.048578148214241E+08, -5.602510192471740E+07,
2451449.905532408, A.D. 1999-Sep-28 09:43:58.0000, -3.403560293744785E+08,  7.044142394942056E+08, -5.611541849081969E+07,
2451450.905532408, A.D. 1999-Sep-29 09:43:58.0000, -3.413759570122015E+08,  7.039692166447140E+08, -5.620561975699112E+07,
2451451.905532408, A.D. 1999-Sep-30 09:43:58.0000, -3.423951848715014E+08,  7.035227474559792E+08, -5.629570556011254E+07,
2451452.905532408, A.D. 1999-Oct-01 09:43:58.0000, -3.434137109916800E+08,  7.030748331134573E+08, -5.638567573736945E+07,
2451453.905532408, A.D. 1999-Oct-02 09:43:58.0000, -3.444315334139833E+08,  7.026254748050357E+08, -5.647553012625119E+07,
2451454.905532408, A.D. 1999-Oct-03 09:43:58.0000, -3.454486501816090E+08,  7.021746737210391E+08, -5.656526856455064E+07,
2451455.905532408, A.D. 1999-Oct-04 09:43:58.0000, -3.464650593397137E+08,  7.017224310542325E+08, -5.665489089036298E+07,
2451456.905532408, A.D. 1999-Oct-05 09:43:58.0000, -3.474807589354198E+08,  7.012687479998257E+08, -5.674439694208574E+07,
2451457.905532408, A.D. 1999-Oct-06 09:43:58.0000, -3.484957470178245E+08,  7.008136257554759E+08, -5.683378655841747E+07,
2451458.905532408, A.D. 1999-Oct-07 09:43:58.0000, -3.495100216380073E+08,  7.003570655212896E+08, -5.692305957835746E+07,
2451459.905532408, A.D. 1999-Oct-08 09:43:58.0000, -3.505235808490384E+08,  6.998990684998250E+08, -5.701221584120518E+07,
2451460.905532408, A.D. 1999-Oct-09 09:43:58.0000, -3.515364227059877E+08,  6.994396358960917E+08, -5.710125518655953E+07,
2451461.905532408, A.D. 1999-Oct-10 09:43:58.0000, -3.525485452659336E+08,  6.989787689175522E+08, -5.719017745431852E+07,
2451462.905532408, A.D. 1999-Oct-11 09:43:58.0000, -3.535599465879720E+08,  6.985164687741215E+08, -5.727898248467889E+07,
2451463.905532408, A.D. 1999-Oct-12 09:43:58.0000, -3.545706247332258E+08,  6.980527366781653E+08, -5.736767011813515E+07,
2451464.905532408, A.D. 1999-Oct-13 09:43:58.0000, -3.555805777648547E+08,  6.975875738444991E+08, -5.745624019547972E+07,
2451465.905532408, A.D. 1999-Oct-14 09:43:58.0000, -3.565898037480646E+08,  6.971209814903852E+08, -5.754469255780205E+07,
2451466.905532408, A.D. 1999-Oct-15 09:43:58.0000, -3.575983007501177E+08,  6.966529608355305E+08, -5.763302704648876E+07,
2451467.905532408, A.D. 1999-Oct-16 09:43:58.0000, -3.586060668403432E+08,  6.961835131020813E+08, -5.772124350322318E+07,
2451468.905532408, A.D. 1999-Oct-17 09:43:58.0000, -3.596131000901463E+08,  6.957126395146189E+08, -5.780934176998475E+07,
2451469.905532408, A.D. 1999-Oct-18 09:43:58.0000, -3.606193985730198E+08,  6.952403413001529E+08, -5.789732168904948E+07,
2451470.905532408, A.D. 1999-Oct-19 09:43:58.0000, -3.616249603645539E+08,  6.947666196881155E+08, -5.798518310298967E+07,
2451471.905532408, A.D. 1999-Oct-20 09:43:58.0000, -3.626297835424467E+08,  6.942914759103515E+08, -5.807292585467368E+07,
2451472.905532408, A.D. 1999-Oct-21 09:43:58.0000, -3.636338661865140E+08,  6.938149112011095E+08, -5.816054978726649E+07,
2451473.905532408, A.D. 1999-Oct-22 09:43:58.0000, -3.646372063786993E+08,  6.933369267970302E+08, -5.824805474422964E+07,
2451474.905532408, A.D. 1999-Oct-23 09:43:58.0000, -3.656398022030839E+08,  6.928575239371341E+08, -5.833544056932217E+07,
2451475.905532408, A.D. 1999-Oct-24 09:43:58.0000, -3.666416517458948E+08,  6.923767038628063E+08, -5.842270710660064E+07,
2451476.905532408, A.D. 1999-Oct-25 09:43:58.0000, -3.676427530955129E+08,  6.918944678177801E+08, -5.850985420042080E+07,
2451477.905532408, A.D. 1999-Oct-26 09:43:58.0000, -3.686431043424801E+08,  6.914108170481187E+08, -5.859688169543830E+07,
2451478.905532408, A.D. 1999-Oct-27 09:43:58.0000, -3.696427035795034E+08,  6.909257528021932E+08, -5.868378943660992E+07,
2451479.905532408, A.D. 1999-Oct-28 09:43:58.0000, -3.706415489014584E+08,  6.904392763306611E+08, -5.877057726919648E+07,
2451480.905532408, A.D. 1999-Oct-29 09:43:58.0000, -3.716396384053890E+08,  6.899513888864386E+08, -5.885724503876412E+07,
2451481.905532408, A.D. 1999-Oct-30 09:43:58.0000, -3.726369701905043E+08,  6.894620917246746E+08, -5.894379259118789E+07,
2451482.905532408, A.D. 1999-Oct-31 09:43:58.0000, -3.736335423581711E+08,  6.889713861027197E+08, -5.903021977265468E+07,
2451483.905532408, A.D. 1999-Nov-01 09:43:58.0000, -3.746293530119004E+08,  6.884792732800934E+08, -5.911652642966738E+07,
2451484.905532408, A.D. 1999-Nov-02 09:43:58.0000, -3.756244002573286E+08,  6.879857545184524E+08, -5.920271240904969E+07,
2451485.905532408, A.D. 1999-Nov-03 09:43:58.0000, -3.766186822021911E+08,  6.874908310815560E+08, -5.928877755795166E+07,
2451486.905532408, A.D. 1999-Nov-04 09:43:58.0000, -3.776121969562857E+08,  6.869945042352328E+08, -5.937472172385544E+07,
2451487.905532408, A.D. 1999-Nov-05 09:43:58.0000, -3.786049426314288E+08,  6.864967752473516E+08, -5.946054475458252E+07,
2451488.905532408, A.D. 1999-Nov-06 09:43:58.0000, -3.795969173413985E+08,  6.859976453877947E+08, -5.954624649830073E+07,
2451489.905532408, A.D. 1999-Nov-07 09:43:58.0000, -3.805881192018666E+08,  6.854971159284408E+08, -5.963182680353278E+07,
2451490.905532408, A.D. 1999-Nov-08 09:43:58.0000, -3.815785463303203E+08,  6.849951881431583E+08, -5.971728551916349E+07,
2451491.905532408, A.D. 1999-Nov-09 09:43:58.0000, -3.825681968459731E+08,  6.844918633078135E+08, -5.980262249444759E+07,
2451492.905532408, A.D. 1999-Nov-10 09:43:58.0000, -3.835570688696665E+08,  6.839871427003009E+08, -5.988783757901695E+07,
2451493.905532408, A.D. 1999-Nov-11 09:43:58.0000, -3.845451605237668E+08,  6.834810276005936E+08, -5.997293062288523E+07,
2451494.905532408, A.D. 1999-Nov-12 09:43:58.0000, -3.855324699320669E+08,  6.829735192908258E+08, -6.005790147645104E+07,
2451495.905532408, A.D. 1999-Nov-13 09:43:58.0000, -3.865189952196925E+08,  6.824646190554045E+08, -6.014274999049720E+07,
2451496.905532408, A.D. 1999-Nov-14 09:43:58.0000, -3.875047345130277E+08,  6.819543281811491E+08, -6.022747601618624E+07,
2451497.905532408, A.D. 1999-Nov-15 09:43:58.0000, -3.884896859396700E+08,  6.814426479574649E+08, -6.031207940505069E+07,
2451498.905532408, A.D. 1999-Nov-16 09:43:58.0000, -3.894738476284226E+08,  6.809295796765317E+08, -6.039656000897789E+07,
2451499.905532408, A.D. 1999-Nov-17 09:43:58.0000, -3.904572177093342E+08,  6.804151246335101E+08, -6.048091768019065E+07,
2451500.905532408, A.D. 1999-Nov-18 09:43:58.0000, -3.914397943137910E+08,  6.798992841267384E+08, -6.056515227122149E+07,
2451501.905532408, A.D. 1999-Nov-19 09:43:58.0000, -3.924215755746599E+08,  6.793820594579166E+08, -6.064926363488564E+07,
2451502.905532408, A.D. 1999-Nov-20 09:43:58.0000, -3.934025596264799E+08,  6.788634519322511E+08, -6.073325162425077E+07,
2451503.905532408, A.D. 1999-Nov-21 09:43:58.0000, -3.943827446056899E+08,  6.783434628585534E+08, -6.081711609260890E+07,
2451504.905532408, A.D. 1999-Nov-22 09:43:58.0000, -3.953621286508751E+08,  6.778220935492800E+08, -6.090085689344981E+07,
2451505.905532408, A.D. 1999-Nov-23 09:43:58.0000, -3.963407099030157E+08,  6.772993453205109E+08, -6.098447388044050E+07,
2451506.905532408, A.D. 1999-Nov-24 09:43:58.0000, -3.973184865057223E+08,  6.767752194918703E+08, -6.106796690740967E+07,
2451507.905532408, A.D. 1999-Nov-25 09:43:58.0000, -3.982954566054364E+08,  6.762497173863999E+08, -6.115133582834014E+07,
2451508.905532408, A.D. 1999-Nov-26 09:43:58.0000, -3.992716183515931E+08,  6.757228403303945E+08, -6.123458049736658E+07,
2451509.905532408, A.D. 1999-Nov-27 09:43:58.0000, -4.002469698967336E+08,  6.751945896532190E+08, -6.131770076878074E+07,
2451510.905532408, A.D. 1999-Nov-28 09:43:58.0000, -4.012215093965732E+08,  6.746649666871177E+08, -6.140069649704039E+07,
2451511.905532408, A.D. 1999-Nov-29 09:43:58.0000, -4.021952350100251E+08,  6.741339727670304E+08, -6.148356753678232E+07,
2451512.905532408, A.D. 1999-Nov-30 09:43:58.0000, -4.031681448991880E+08,  6.736016092304231E+08, -6.156631374283677E+07,
2451513.905532408, A.D. 1999-Dec-01 09:43:58.0000, -4.041402372293068E+08,  6.730678774171432E+08, -6.164893497024328E+07,
2451514.905532408, A.D. 1999-Dec-02 09:43:58.0000, -4.051115101687131E+08,  6.725327786692942E+08, -6.173143107426581E+07,
2451515.905532408, A.D. 1999-Dec-03 09:43:58.0000, -4.060819618887547E+08,  6.719963143311397E+08, -6.181380191040736E+07,
2451516.905532408, A.D. 1999-Dec-04 09:43:58.0000, -4.070515905637197E+08,  6.714584857490278E+08, -6.189604733442250E+07,
2451517.905532408, A.D. 1999-Dec-05 09:43:58.0000, -4.080203943707609E+08,  6.709192942713382E+08, -6.197816720232874E+07,
2451518.905532408, A.D. 1999-Dec-06 09:43:58.0000, -4.089883714898226E+08,  6.703787412484447E+08, -6.206016137041610E+07,
2451519.905532408, A.D. 1999-Dec-07 09:43:58.0000, -4.099555201035741E+08,  6.698368280326945E+08, -6.214202969525483E+07,
2451520.905532408, A.D. 1999-Dec-08 09:43:58.0000, -4.109218383973508E+08,  6.692935559783955E+08, -6.222377203370124E+07,
2451521.905532408, A.D. 1999-Dec-09 09:43:58.0000, -4.118873245591010E+08,  6.687489264418153E+08, -6.230538824290282E+07,
2451522.905532408, A.D. 1999-Dec-10 09:43:58.0000, -4.128519767793425E+08,  6.682029407811825E+08, -6.238687818030179E+07,
2451523.905532408, A.D. 1999-Dec-11 09:43:58.0000, -4.138157932511253E+08,  6.676556003566959E+08, -6.246824170363748E+07,
2451524.905532408, A.D. 1999-Dec-12 09:43:58.0000, -4.147787721700010E+08,  6.671069065305330E+08, -6.254947867094830E+07,
2451525.905532408, A.D. 1999-Dec-13 09:43:58.0000, -4.157409117339986E+08,  6.665568606668606E+08, -6.263058894057277E+07,
2451526.905532408, A.D. 1999-Dec-14 09:43:58.0000, -4.167022101436053E+08,  6.660054641318473E+08, -6.271157237114987E+07,
2451527.905532408, A.D. 1999-Dec-15 09:43:58.0000, -4.176626656017518E+08,  6.654527182936735E+08, -6.279242882161948E+07,
2451528.905532408, A.D. 1999-Dec-16 09:43:58.0000, -4.186222763138016E+08,  6.648986245225430E+08, -6.287315815122196E+07,
2451529.905532408, A.D. 1999-Dec-17 09:43:58.0000, -4.195810404875435E+08,  6.643431841906900E+08, -6.295376021949801E+07,
2451530.905532408, A.D. 1999-Dec-18 09:43:58.0000, -4.205389563331860E+08,  6.637863986723907E+08, -6.303423488628799E+07,
2451531.905532408, A.D. 1999-Dec-19 09:43:58.0000, -4.214960220633560E+08,  6.632282693439674E+08, -6.311458201173139E+07,
2451532.905532408, A.D. 1999-Dec-20 09:43:58.0000, -4.224522358930966E+08,  6.626687975837953E+08, -6.319480145626590E+07,
2451533.905532408, A.D. 1999-Dec-21 09:43:58.0000, -4.234075960398685E+08,  6.621079847723069E+08, -6.327489308062702E+07,
2451534.905532408, A.D. 1999-Dec-22 09:43:58.0000, -4.243621007235516E+08,  6.615458322919943E+08, -6.335485674584657E+07,
2451535.905532408, A.D. 1999-Dec-23 09:43:58.0000, -4.253157481664475E+08,  6.609823415274124E+08, -6.343469231325284E+07,
2451536.905532408, A.D. 1999-Dec-24 09:43:58.0000, -4.262685365932834E+08,  6.604175138651789E+08, -6.351439964446941E+07,
2451537.905532408, A.D. 1999-Dec-25 09:43:58.0000, -4.272204642312155E+08,  6.598513506939734E+08, -6.359397860141397E+07,
2451538.905532408, A.D. 1999-Dec-26 09:43:58.0000, -4.281715293098342E+08,  6.592838534045378E+08, -6.367342904629844E+07,
2451539.905532408, A.D. 1999-Dec-27 09:43:58.0000, -4.291217300611686E+08,  6.587150233896726E+08, -6.375275084162784E+07,
2451540.905532408, A.D. 1999-Dec-28 09:43:58.0000, -4.300710647196912E+08,  6.581448620442344E+08, -6.383194385019955E+07,
2451541.905532408, A.D. 1999-Dec-29 09:43:58.0000, -4.310195315223234E+08,  6.575733707651327E+08, -6.391100793510318E+07,
2451542.905532408, A.D. 1999-Dec-30 09:43:58.0000, -4.319671287084410E+08,  6.570005509513242E+08, -6.398994295971954E+07,
