JDTDB,Calendar Date (TDB),X,Y,Z,
2450821.576712963, A.D. 1998-Jan-08 01:50:28.0000, -4.257994659475008E+08, -3.074182452256769E+08,  6.503672322503253E+07,
2450822.576712963, A.D. 1998-Jan-09 01:50:28.0000, -4.249710329329650E+08, -3.085912520202961E+08,  6.491992052667783E+07,
2450823.576712963, A.D. 1998-Jan-10 01:50:28.0000, -4.241397595736493E+08, -3.097621954297863E+08,  6.480268380174717E+07,
2450824.576712963, A.D. 1998-Jan-11 01:50:28.0000, -4.233056514666873E+08, -3.109310676558782E+08,  6.468501384099968E+07,
2450825.576712963, A.D. 1998-Jan-12 01:50:28.0000, -4.224687142342290E+08, -3.120978609189206E+08,  6.456691143899997E+07,
2450826.576712963, A.D. 1998-Jan-13 01:50:28.0000, -4.216289535233603E+08, -3.132625674579650E+08,  6.444837739410757E+07,
2450827.576712963, A.D. 1998-Jan-14 01:50:28.0000, -4.207863750060230E+08, -3.144251795308539E+08,  6.432941250846765E+07,
2450828.576712963, A.D. 1998-Jan-15 01:50:28.0000, -4.199409843789381E+08, -3.155856894143074E+08,  6.421001758800044E+07,
2450829.576712963, A.D. 1998-Jan-16 01:50:28.0000, -4.190927873635284E+08, -3.167440894040123E+08,  6.409019344239140E+07,
2450830.576712963, A.D. 1998-Jan-17 01:50:28.0000, -4.182417897058436E+08, -3.179003718147118E+08,  6.396994088508105E+07,
2450831.576712963, A.D. 1998-Jan-18 01:50:28.0000, -4.173879971764853E+08, -3.190545289802958E+08,  6.384926073325486E+07,
2450832.576712963, A.D. 1998-Jan-19 01:50:28.0000, -4.165314155705330E+08, -3.202065532538930E+08,  6.372815380783321E+07,
2450833.576712963, A.D. 1998-Jan-20 01:50:28.0000, -4.156720507074695E+08, -3.213564370079625E+08,  6.360662093346071E+07,
2450834.576712963, A.D. 1998-Jan-21 01:50:28.0000, -4.148099084311066E+08, -3.225041726343868E+08,  6.348466293849605E+07,
2450835.576712963, A.D. 1998-Jan-22 01:50:28.0000, -4.139449946095119E+08, -3.236497525445663E+08,  6.336228065500139E+07,
2450836.576712963, A.D. 1998-Jan-23 01:50:28.0000, -4.130773151349338E+08, -3.247931691695120E+08,  6.323947491873160E+07,
2450837.576712963, A.D. 1998-Jan-24 01:50:28.0000, -4.122068759237272E+08, -3.259344149599414E+08,  6.311624656912369E+07,
2450838.576712963, A.D. 1998-Jan-25 01:50:28.0000, -4.113336829162792E+08, -3.270734823863735E+08,  6.299259644928581E+07,
2450839.576712963, A.D. 1998-Jan-26 01:50:28.0000, -4.104577420769332E+08, -3.282103639392236E+08,  6.286852540598632E+07,
2450840.576712963, A.D. 1998-Jan-27 01:50:28.0000, -4.095790593939142E+08, -3.293450521289001E+08,  6.274403428964262E+07,
2450841.576712963, A.D. 1998-Jan-28 01:50:28.0000, -4.086976408792529E+08, -3.304775394858999E+08,  6.261912395431003E+07,
2450842.576712963, A.D. 1998-Jan-29 01:50:28.0000, -4.078134925687087E+08, -3.316078185609056E+08,  6.249379525767030E+07,
2450843.576712963, A.D. 1998-Jan-30 01:50:28.0000, -4.069266205216942E+08, -3.327358819248818E+08,  6.236804906102049E+07,
2450844.576712963, A.D. 1998-Jan-31 01:50:28.0000, -4.060370308211967E+08, -3.338617221691723E+08,  6.224188622926094E+07,
2450845.576712963, A.D. 1998-Feb-01 01:50:28.0000, -4.051447295737020E+08, -3.349853319055973E+08,  6.211530763088407E+07,
2450846.576712963, A.D. 1998-Feb-02 01:50:28.0000, -4.042497229091149E+08, -3.361067037665508E+08,  6.198831413796228E+07,
2450847.576712963, A.D. 1998-Feb-03 01:50:28.0000, -4.033520169806817E+08, -3.372258304050982E+08,  6.186090662613617E+07,
2450848.576712963, A.D. 1998-Feb-04 01:50:28.0000, -4.024516179649107E+08, -3.383427044950748E+08,  6.173308597460251E+07,
2450849.576712963, A.D. 1998-Feb-05 01:50:28.0000, -4.015485320614925E+08, -3.394573187311833E+08,  6.160485306610209E+07,
2450850.576712963, A.D. 1998-Feb-06 01:50:28.0000, -4.006427654932204E+08, -3.405696658290929E+08,  6.147620878690752E+07,
2450851.576712963, A.D. 1998-Feb-07 01:50:28.0000, -3.997343245059095E+08, -3.416797385255380E+08,  6.134715402681075E+07,
2450852.576712963, A.D. 1998-Feb-08 01:50:28.0000, -3.988232153683157E+08, -3.427875295784175E+08,  6.121768967911050E+07,
2450853.576712963, A.D. 1998-Feb-09 01:50:28.0000, -3.979094443720540E+08, -3.438930317668952E+08,  6.108781664059982E+07,
2450854.576712963, A.D. 1998-Feb-10 01:50:28.0000, -3.969930178315161E+08, -3.449962378914993E+08,  6.095753581155285E+07,
2450855.576712963, A.D. 1998-Feb-11 01:50:28.0000, -3.960739420837875E+08, -3.460971407742242E+08,  6.082684809571233E+07,
2450856.576712963, A.D. 1998-Feb-12 01:50:28.0000, -3.951522234885638E+08, -3.471957332586320E+08,  6.069575440027584E+07,
2450857.576712963, A.D. 1998-Feb-13 01:50:28.0000, -3.942278684280655E+08, -3.482920082099556E+08,  6.056425563588291E+07,
2450858.576712963, A.D. 1998-Feb-14 01:50:28.0000, -3.933008833069531E+08, -3.493859585152020E+08,  6.043235271660104E+07,
2450859.576712963, A.D. 1998-Feb-15 01:50:28.0000, -3.923712745522399E+08, -3.504775770832574E+08,  6.030004655991192E+07,
2450860.576712963, A.D. 1998-Feb-16 01:50:28.0000, -3.914390486132033E+08, -3.515668568449936E+08,  6.016733808669722E+07,
2450861.576712963, A.D. 1998-Feb-17 01:50:28.0000, -3.905042119612955E+08, -3.526537907533755E+08,  6.003422822122429E+07,
2450862.576712963, A.D. 1998-Feb-18 01:50:28.0000, -3.895667710900507E+08, -3.537383717835701E+08,  5.990071789113083E+07,
2450863.576712963, A.D. 1998-Feb-19 01:50:28.0000, -3.886267325149913E+08, -3.548205929330580E+08,  5.976680802741002E+07,
2450864.576712963, A.D. 1998-Feb-20 01:50:28.0000, -3.876841027735298E+08, -3.559004472217454E+08,  5.963249956439438E+07,
2450865.576712963, A.D. 1998-Feb-21 01:50:28.0000, -3.867388884248673E+08, -3.569779276920789E+08,  5.949779343973970E+07,
2450866.576712963, A.D. 1998-Feb-22 01:50:28.0000, -3.857910960498887E+08, -3.580530274091615E+08,  5.936269059440802E+07,
2450867.576712963, A.D. 1998-Feb-23 01:50:28.0000, -3.848407322510505E+08, -3.591257394608704E+08,  5.922719197264995E+07,
2450868.576712963, A.D. 1998-Feb-24 01:50:28.0000, -3.838878036522643E+08, -3.601960569579745E+08,  5.909129852198641E+07,
2450869.576712963, A.D. 1998-Feb-25 01:50:28.0000, -3.829323168987718E+08, -3.612639730342547E+08,  5.895501119318978E+07,
2450870.576712963, A.D. 1998-Feb-26 01:50:28.0000, -3.819742786570112E+08, -3.623294808466207E+08,  5.881833094026364E+07,
2450871.576712963, A.D. 1998-Feb-27 01:50:28.0000, -3.810136956144738E+08, -3.633925735752269E+08,  5.868125872042237E+07,
2450872.576712963, A.D. 1998-Feb-28 01:50:28.0000, -3.800505744795504E+08, -3.644532444235845E+08,  5.854379549406968E+07,
2450873.576712963, A.D. 1998-Mar-01 01:50:28.0000, -3.790849219813649E+08, -3.655114866186662E+08,  5.840594222477680E+07,
2450874.576712963, A.D. 1998-Mar-02 01:50:28.0000, -3.781167448695967E+08, -3.665672934110004E+08,  5.826769987925997E+07,
2450875.576712963, A.D. 1998-Mar-03 01:50:28.0000, -3.771460499142913E+08, -3.676206580747537E+08,  5.812906942735855E+07,
2450876.576712963, A.D. 1998-Mar-04 01:50:28.0000, -3.761728439056599E+08, -3.686715739077922E+08,  5.799005184201258E+07,
2450877.576712963, A.D. 1998-Mar-05 01:50:28.0000, -3.751971336538730E+08, -3.697200342317224E+08,  5.785064809924254E+07,
2450878.576712963, A.D. 1998-Mar-06 01:50:28.0000, -3.742189259888504E+08, -3.707660323919057E+08,  5.771085917813042E+07,
2450879.576712963, A.D. 1998-Mar-07 01:50:28.0000, -3.732382277600563E+08, -3.718095617574409E+08,  5.757068606080350E+07,
2450880.576712963, A.D. 1998-Mar-08 01:50:28.0000, -3.722550458363048E+08, -3.728506157211164E+08,  5.743012973242217E+07,
2450881.576712963, A.D. 1998-Mar-09 01:50:28.0000, -3.712693871055914E+08, -3.738891876993313E+08,  5.728919118117207E+07,
2450882.576712963, A.D. 1998-Mar-10 01:50:28.0000, -3.702812584749512E+08, -3.749252711319900E+08,  5.714787139826091E+07,
2450883.576712963, A.D. 1998-Mar-11 01:50:28.0000, -3.692906668703644E+08, -3.759588594823775E+08,  5.700617137792102E+07,
2450884.576712963, A.D. 1998-Mar-12 01:50:28.0000, -3.682976192367092E+08, -3.769899462370319E+08,  5.686409211741702E+07,
2450885.576712963, A.D. 1998-Mar-13 01:50:28.0000, -3.673021225377675E+08, -3.780185249056232E+08,  5.672163461705686E+07,
2450886.576712963, A.D. 1998-Mar-14 01:50:28.0000, -3.663041837562802E+08, -3.790445890208582E+08,  5.657879988020606E+07,
2450887.576712963, A.D. 1998-Mar-15 01:50:28.0000, -3.653038098940449E+08, -3.800681321384267E+08,  5.643558891330139E+07,
2450888.576712963, A.D. 1998-Mar-16 01:50:28.0000, -3.643010079720429E+08, -3.810891478370012E+08,  5.629200272586420E+07,
2450889.576712963, A.D. 1998-Mar-17 01:50:28.0000, -3.632957850305781E+08, -3.821076297182938E+08,  5.614804233050849E+07,
2450890.576712963, A.D. 1998-Mar-18 01:50:28.0000, -3.622881481294082E+08, -3.831235714071754E+08,  5.600370874294454E+07,
2450891.576712963, A.D. 1998-Mar-19 01:50:28.0000, -3.612781043478526E+08, -3.841369665518450E+08,  5.585900298197529E+07,
2450892.576712963, A.D. 1998-Mar-20 01:50:28.0000, -3.602656607848645E+08, -3.851478088240443E+08,  5.571392606948596E+07,
2450893.576712963, A.D. 1998-Mar-21 01:50:28.0000, -3.592508245590566E+08, -3.861560919192997E+08,  5.556847903042756E+07,
2450894.576712963, A.D. 1998-Mar-22 01:50:28.0000, -3.582336028086804E+08, -3.871618095571755E+08,  5.542266289279406E+07,
2450895.576712963, A.D. 1998-Mar-23 01:50:28.0000, -3.572140026915574E+08, -3.881649554815292E+08,  5.527647868759622E+07,
2450896.576712963, A.D. 1998-Mar-24 01:50:28.0000, -3.561920313849720E+08, -3.891655234607519E+08,  5.512992744883192E+07,
2450897.576712963, A.D. 1998-Mar-25 01:50:28.0000, -3.551676960855317E+08, -3.901635072879937E+08,  5.498301021345539E+07,
2450898.576712963, A.D. 1998-Mar-26 01:50:28.0000, -3.541410040090009E+08, -3.911589007813605E+08,  5.483572802134599E+07,
2450899.576712963, A.D. 1998-Mar-27 01:50:28.0000, -3.531119623901211E+08, -3.921516977840874E+08,  5.468808191527753E+07,
2450900.576712963, A.D. 1998-Mar-28 01:50:28.0000, -3.520805784824217E+08, -3.931418921646875E+08,  5.454007294088866E+07,
2450901.576712963, A.D. 1998-Mar-29 01:50:28.0000, -3.510468595580277E+08, -3.941294778170761E+08,  5.439170214665535E+07,
2450902.576712963, A.D. 1998-Mar-30 01:50:28.0000, -3.500108129074686E+08, -3.951144486606763E+08,  5.424297058386409E+07,
2450903.576712963, A.D. 1998-Mar-31 01:50:28.0000, -3.489724458394924E+08, -3.960967986405061E+08,  5.409387930658780E+07,
2450904.576712963, A.D. 1998-Apr-01 01:50:28.0000, -3.479317656808853E+08, -3.970765217272541E+08,  5.394442937166280E+07,
2450905.576712963, A.D. 1998-Apr-02 01:50:28.0000, -3.468887797762989E+08, -3.980536119173424E+08,  5.379462183866742E+07,
2450906.576712963, A.D. 1998-Apr-03 01:50:28.0000, -3.458434954880847E+08, -3.990280632329829E+08,  5.364445776990154E+07,
2450907.576712963, A.D. 1998-Apr-04 01:50:28.0000, -3.447959201961364E+08, -3.999998697222275E+08,  5.349393823036781E+07,
2450908.576712963, A.D. 1998-Apr-05 01:50:28.0000, -3.437460612977383E+08, -4.009690254590140E+08,  5.334306428775342E+07,
2450909.576712963, A.D. 1998-Apr-06 01:50:28.0000, -3.426939262074206E+08, -4.019355245432094E+08,  5.319183701241231E+07,
2450910.576712963, A.D. 1998-Apr-07 01:50:28.0000, -3.416395223568199E+08, -4.028993611006517E+08,  5.304025747734845E+07,
2450911.576712963, A.D. 1998-Apr-08 01:50:28.0000, -3.405828571945440E+08, -4.038605292831909E+08,  5.288832675819939E+07,
2450912.576712963, A.D. 1998-Apr-09 01:50:28.0000, -3.395239381860416E+08, -4.048190232687291E+08,  5.273604593321992E+07,
2450913.576712963, A.D. 1998-Apr-10 01:50:28.0000, -3.384627728134750E+08, -4.057748372612614E+08,  5.258341608326629E+07,
2450914.576712963, A.D. 1998-Apr-11 01:50:28.0000, -3.373993685755957E+08, -4.067279654909170E+08,  5.243043829178020E+07,
2450915.576712963, A.D. 1998-Apr-12 01:50:28.0000, -3.363337329876221E+08, -4.076784022140002E+08,  5.227711364477348E+07,
2450916.576712963, A.D. 1998-Apr-13 01:50:28.0000, -3.352658735811193E+08, -4.086261417130321E+08,  5.212344323081222E+07,
2450917.576712963, A.D. 1998-Apr-14 01:50:28.0000, -3.341957979038813E+08, -4.095711782967934E+08,  5.196942814100127E+07,
2450918.576712963, A.D. 1998-Apr-15 01:50:28.0000, -3.331235135198125E+08, -4.105135063003672E+08,  5.181506946896867E+07,
2450919.576712963, A.D. 1998-Apr-16 01:50:28.0000, -3.320490280088122E+08, -4.114531200851818E+08,  5.166036831085014E+07,
2450920.576712963, A.D. 1998-Apr-17 01:50:28.0000, -3.309723489666589E+08, -4.123900140390553E+08,  5.150532576527335E+07,
2450921.576712963, A.D. 1998-Apr-18 01:50:28.0000, -3.298934840048947E+08, -4.133241825762388E+08,  5.134994293334220E+07,
2450922.576712963, A.D. 1998-Apr-19 01:50:28.0000, -3.288124407507116E+08, -4.142556201374614E+08,  5.119422091862148E+07,
2450923.576712963, A.D. 1998-Apr-20 01:50:28.0000, -3.277292268468367E+08, -4.151843211899741E+08,  5.103816082712053E+07,
2450924.576712963, A.D. 1998-Apr-21 01:50:28.0000, -3.266438499514189E+08, -4.161102802275954E+08,  5.088176376727785E+07,
2450925.576712963, A.D. 1998-Apr-22 01:50:28.0000, -3.255563177379141E+08, -4.170334917707547E+08,  5.072503084994504E+07,
2450926.576712963, A.D. 1998-Apr-23 01:50:28.0000, -3.244666378949726E+08, -4.179539503665386E+08,  5.056796318837084E+07,
2450927.576712963, A.D. 1998-Apr-24 01:50:28.0000, -3.233748181263255E+08, -4.188716505887347E+08,  5.041056189818512E+07,
2450928.576712963, A.D. 1998-Apr-25 01:50:28.0000, -3.222808661506703E+08, -4.197865870378762E+08,  5.025282809738301E+07,
2450929.576712963, A.D. 1998-Apr-26 01:50:28.0000, -3.211847897015585E+08, -4.206987543412871E+08,  5.009476290630834E+07,
2450930.576712963, A.D. 1998-Apr-27 01:50:28.0000, -3.200865965272816E+08, -4.216081471531264E+08,  4.993636744763784E+07,
2450931.576712963, A.D. 1998-Apr-28 01:50:28.0000, -3.189862943907577E+08, -4.225147601544322E+08,  4.977764284636477E+07,
2450932.576712963, A.D. 1998-Apr-29 01:50:28.0000, -3.178838910694185E+08, -4.234185880531664E+08,  4.961859022978254E+07,
2450933.576712963, A.D. 1998-Apr-30 01:50:28.0000, -3.167793943550954E+08, -4.243196255842586E+08,  4.945921072746845E+07,
2450934.576712963, A.D. 1998-May-01 01:50:28.0000, -3.156728120539064E+08, -4.252178675096495E+08,  4.929950547126719E+07,
2450935.576712963, A.D. 1998-May-02 01:50:28.0000, -3.145641519861425E+08, -4.261133086183358E+08,  4.913947559527443E+07,
2450936.576712963, A.D. 1998-May-03 01:50:28.0000, -3.134534219861544E+08, -4.270059437264127E+08,  4.897912223582016E+07,
2450937.576712963, A.D. 1998-May-04 01:50:28.0000, -3.123406299022390E+08, -4.278957676771181E+08,  4.881844653145225E+07,
2450938.576712963, A.D. 1998-May-05 01:50:28.0000, -3.112257835965261E+08, -4.287827753408768E+08,  4.865744962291966E+07,
2450939.576712963, A.D. 1998-May-06 01:50:28.0000, -3.101088909448651E+08, -4.296669616153429E+08,  4.849613265315579E+07,
2450940.576712963, A.D. 1998-May-07 01:50:28.0000, -3.089899598367108E+08, -4.305483214254448E+08,  4.833449676726148E+07,
2450941.576712963, A.D. 1998-May-08 01:50:28.0000, -3.078689981750109E+08, -4.314268497234284E+08,  4.817254311248818E+07,
2450942.576712963, A.D. 1998-May-09 01:50:28.0000, -3.067460138760914E+08, -4.323025414889014E+08,  4.801027283822118E+07,
2450943.576712963, A.D. 1998-May-10 01:50:28.0000, -3.056210148695434E+08, -4.331753917288781E+08,  4.784768709596197E+07,
2450944.576712963, A.D. 1998-May-11 01:50:28.0000, -3.044940090981085E+08, -4.340453954778244E+08,  4.768478703931147E+07,
2450945.576712963, A.D. 1998-May-12 01:50:28.0000, -3.033650045175650E+08, -4.349125477977033E+08,  4.752157382395227E+07,
2450946.576712963, A.D. 1998-May-13 01:50:28.0000, -3.022340090966125E+08, -4.357768437780213E+08,  4.735804860763131E+07,
2450947.576712963, A.D. 1998-May-14 01:50:28.0000, -3.011010308167560E+08, -4.366382785358765E+08,  4.719421255014187E+07,
2450948.576712963, A.D. 1998-May-15 01:50:28.0000, -2.999660776721903E+08, -4.374968472160053E+08,  4.703006681330562E+07,
2450949.576712963, A.D. 1998-May-16 01:50:28.0000, -2.988291576696816E+08, -4.383525449908337E+08,  4.686561256095451E+07,
2450950.576712963, A.D. 1998-May-17 01:50:28.0000, -2.976902788284488E+08, -4.392053670605272E+08,  4.670085095891188E+07,
2450951.576712963, A.D. 1998-May-18 01:50:28.0000, -2.965494491800416E+08, -4.400553086530434E+08,  4.653578317497358E+07,
2450952.576712963, A.D. 1998-May-19 01:50:28.0000, -2.954066767682175E+08, -4.409023650241861E+08,  4.637041037888867E+07,
2450953.576712963, A.D. 1998-May-20 01:50:28.0000, -2.942619696488149E+08, -4.417465314576601E+08,  4.620473374233943E+07,
2450954.576712963, A.D. 1998-May-21 01:50:28.0000, -2.931153358896218E+08, -4.425878032651290E+08,  4.603875443892102E+07,
2450955.576712963, A.D. 1998-May-22 01:50:28.0000, -2.919667835702410E+08, -4.434261757862722E+08,  4.587247364412026E+07,
2450956.576712963, A.D. 1998-May-23 01:50:28.0000, -2.908163207819480E+08, -4.442616443888450E+08,  4.570589253529418E+07,
2450957.576712963, A.D. 1998-May-24 01:50:28.0000, -2.896639556275434E+08, -4.450942044687366E+08,  4.553901229164755E+07,
2450958.576712963, A.D. 1998-May-25 01:50:28.0000, -2.885096962211961E+08, -4.459238514500287E+08,  4.537183409420963E+07,
2450959.576712963, A.D. 1998-May-26 01:50:28.0000, -2.873535506882774E+08, -4.467505807850509E+08,  4.520435912581043E+07,
2450960.576712963, A.D. 1998-May-27 01:50:28.0000, -2.861955271651855E+08, -4.475743879544318E+08,  4.503658857105620E+07,
2450961.576712963, A.D. 1998-May-28 01:50:28.0000, -2.850356337991582E+08, -4.483952684671431E+08,  4.486852361630428E+07,
2450962.576712963, A.D. 1998-May-29 01:50:28.0000, -2.838738787480730E+08, -4.492132178605343E+08,  4.470016544963804E+07,
2450963.576712963, A.D. 1998-May-30 01:50:28.0000, -2.827102701802392E+08, -4.500282317003513E+08,  4.453151526084138E+07,
2450964.576712963, A.D. 1998-May-31 01:50:28.0000, -2.815448162741771E+08, -4.508403055807394E+08,  4.436257424137428E+07,
2450965.576712963, A.D. 1998-Jun-01 01:50:28.0000, -2.803775252183922E+08, -4.516494351242216E+08,  4.419334358434898E+07,
2450966.576712963, A.D. 1998-Jun-02 01:50:28.0000, -2.792084052111478E+08, -4.524556159816501E+08,  4.402382448450884E+07,
2450967.576712963, A.D. 1998-Jun-03 01:50:28.0000, -2.780374644602425E+08, -4.532588438321283E+08,  4.385401813820945E+07,
2450968.576712963, A.D. 1998-Jun-04 01:50:28.0000, -2.768647111827989E+08, -4.540591143829011E+08,  4.368392574340376E+07,
2450969.576712963, A.D. 1998-Jun-05 01:50:28.0000, -2.756901536050775E+08, -4.548564233692126E+08,  4.351354849963172E+07,
2450970.576712963, A.D. 1998-Jun-06 01:50:28.0000, -2.745137999623235E+08, -4.556507665541402E+08,  4.334288760801499E+07,
2450971.576712963, A.D. 1998-Jun-07 01:50:28.0000, -2.733356584986563E+08, -4.564421397284086E+08,  4.317194427125722E+07,
2450972.576712963, A.D. 1998-Jun-08 01:50:28.0000, -2.721557374670091E+08, -4.572305387101999E+08,  4.300071969364910E+07,
2450973.576712963, A.D. 1998-Jun-09 01:50:28.0000, -2.709740451291214E+08, -4.580159593449728E+08,  4.282921508107743E+07,
2450974.576712963, A.D. 1998-Jun-10 01:50:28.0000, -2.697905897555821E+08, -4.587983975053071E+08,  4.265743164103684E+07,
2450975.576712963, A.D. 1998-Jun-11 01:50:28.0000, -2.686053796259155E+08, -4.595778490907903E+08,  4.248537058264175E+07,
2450976.576712963, A.D. 1998-Jun-12 01:50:28.0000, -2.674184230286965E+08, -4.603543100279561E+08,  4.231303311663681E+07,
2450977.576712963, A.D. 1998-Jun-13 01:50:28.0000, -2.662297282616751E+08, -4.611277762702851E+08,  4.214042045540315E+07,
2450978.576712963, A.D. 1998-Jun-14 01:50:28.0000, -2.650393036318974E+08, -4.618982437982614E+08,  4.196753381295966E+07,
2450979.576712963, A.D. 1998-Jun-15 01:50:28.0000, -2.638471574558015E+08, -4.626657086194846E+08,  4.179437440495706E+07,
2450980.576712963, A.D. 1998-Jun-16 01:50:28.0000, -2.626532980592763E+08, -4.634301667688230E+08,  4.162094344866566E+07,
2450981.576712963, A.D. 1998-Jun-17 01:50:28.0000, -2.614577337776771E+08, -4.641916143085949E+08,  4.144724216295645E+07,
2450982.576712963, A.D. 1998-Jun-18 01:50:28.0000, -2.602604729557925E+08, -4.649500473287619E+08,  4.127327176827669E+07,
2450983.576712963, A.D. 1998-Jun-19 01:50:28.0000, -2.590615239477668E+08, -4.657054619471217E+08,  4.109903348662165E+07,
2450984.576712963, A.D. 1998-Jun-20 01:50:28.0000, -2.578608951169827E+08, -4.664578543094895E+08,  4.092452854150340E+07,
2450985.576712963, A.D. 1998-Jun-21 01:50:28.0000, -2.566585948359118E+08, -4.672072205898586E+08,  4.074975815791827E+07,
2450986.576712963, A.D. 1998-Jun-22 01:50:28.0000, -2.554546314859417E+08, -4.679535569905375E+08,  4.057472356231391E+07,
2450987.576712963, A.D. 1998-Jun-23 01:50:28.0000, -2.542490134571888E+08, -4.686968597422631E+08,  4.039942598255759E+07,
2450988.576712963, A.D. 1998-Jun-24 01:50:28.0000, -2.530417491483018E+08, -4.694371251042853E+08,  4.022386664790478E+07,
2450989.576712963, A.D. 1998-Jun-25 01:50:28.0000, -2.518328469662638E+08, -4.701743493644328E+08,  4.004804678897038E+07,
2450990.576712963, A.D. 1998-Jun-26 01:50:28.0000, -2.506223153261968E+08, -4.709085288391555E+08,  3.987196763770092E+07,
2450991.576712963, A.D. 1998-Jun-27 01:50:28.0000, -2.494101626511698E+08, -4.716396598735530E+08,  3.969563042734897E+07,
2450992.576712963, A.D. 1998-Jun-28 01:50:28.0000, -2.481963973720156E+08, -4.723677388413886E+08,  3.951903639244908E+07,
2450993.576712963, A.D. 1998-Jun-29 01:50:28.0000, -2.469810279271532E+08, -4.730927621450918E+08,  3.934218676879507E+07,
2450994.576712963, A.D. 1998-Jun-30 01:50:28.0000, -2.457640627624209E+08, -4.738147262157556E+08,  3.916508279341915E+07,
2450995.576712963, A.D. 1998-Jul-01 01:50:28.0000, -2.445455103309144E+08, -4.745336275131259E+08,  3.898772570457140E+07,
2450996.576712963, A.D. 1998-Jul-02 01:50:28.0000, -2.433253790928341E+08, -4.752494625255883E+08,  3.881011674170095E+07,
2450997.576712963, A.D. 1998-Jul-03 01:50:28.0000, -2.421036775153386E+08, -4.759622277701516E+08,  3.863225714543739E+07,
2450998.576712963, A.D. 1998-Jul-04 01:50:28.0000, -2.408804140724040E+08, -4.766719197924303E+08,  3.845414815757304E+07,
2450999.576712963, A.D. 1998-Jul-05 01:50:28.0000, -2.396555972446884E+08, -4.773785351666267E+08,  3.827579102104580E+07,
2451000.576712963, A.D. 1998-Jul-06 01:50:28.0000, -2.384292355194011E+08, -4.780820704955119E+08,  3.809718697992206E+07,
2451001.576712963, A.D. 1998-Jul-07 01:50:28.0000, -2.372013373901757E+08, -4.787825224104083E+08,  3.791833727938023E+07,
2451002.576712963, A.D. 1998-Jul-08 01:50:28.0000, -2.359719113569464E+08, -4.794798875711714E+08,  3.773924316569427E+07,
2451003.576712963, A.D. 1998-Jul-09 01:50:28.0000, -2.347409659258273E+08, -4.801741626661730E+08,  3.755990588621762E+07,
2451004.576712963, A.D. 1998-Jul-10 01:50:28.0000, -2.335085096089937E+08, -4.808653444122847E+08,  3.738032668936685E+07,
2451005.576712963, A.D. 1998-Jul-11 01:50:28.0000, -2.322745509245659E+08, -4.815534295548624E+08,  3.720050682460570E+07,
2451006.576712963, A.D. 1998-Jul-12 01:50:28.0000, -2.310390983964947E+08, -4.822384148677309E+08,  3.702044754242939E+07,
2451007.576712963, A.D. 1998-Jul-13 01:50:28.0000, -2.298021605544476E+08, -4.829202971531699E+08,  3.684015009434834E+07,
2451008.576712963, A.D. 1998-Jul-14 01:50:28.0000, -2.285637459336970E+08, -4.835990732419009E+08,  3.665961573287237E+07,
2451009.576712963, A.D. 1998-Jul-15 01:50:28.0000, -2.273238630750094E+08, -4.842747399930725E+08,  3.647884571149489E+07,
2451010.576712963, A.D. 1998-Jul-16 01:50:28.0000, -2.260825205245349E+08, -4.849472942942491E+08,  3.629784128467679E+07,
2451011.576712963, A.D. 1998-Jul-17 01:50:28.0000, -2.248397268336981E+08, -4.856167330613978E+08,  3.611660370783097E+07,
2451012.576712963, A.D. 1998-Jul-18 01:50:28.0000, -2.235954905590893E+08, -4.862830532388768E+08,  3.593513423730570E+07,
2451013.576712963, A.D. 1998-Jul-19 01:50:28.0000, -2.223498202623568E+08, -4.869462517994236E+08,  3.575343413036931E+07,
2451014.576712963, A.D. 1998-Jul-20 01:50:28.0000, -2.211027245100989E+08, -4.876063257441439E+08,  3.557150464519420E+07,
2451015.576712963, A.D. 1998-Jul-21 01:50:28.0000, -2.198542118737573E+08, -4.882632721024997E+08,  3.538934704084063E+07,
2451016.576712963, A.D. 1998-Jul-22 01:50:28.0000, -2.186042909295101E+08, -4.889170879322993E+08,  3.520696257724071E+07,
2451017.576712963, A.D. 1998-Jul-23 01:50:28.0000, -2.173529702581664E+08, -4.895677703196853E+08,  3.502435251518294E+07,
2451018.576712963, A.D. 1998-Jul-24 01:50:28.0000, -2.161002584450599E+08, -4.902153163791249E+08,  3.484151811629573E+07,
2451019.576712963, A.D. 1998-Jul-25 01:50:28.0000, -2.148461640799440E+08, -4.908597232533988E+08,  3.465846064303160E+07,
2451020.576712963, A.D. 1998-Jul-26 01:50:28.0000, -2.135906957568871E+08, -4.915009881135902E+08,  3.447518135865110E+07,
2451021.576712963, A.D. 1998-Jul-27 01:50:28.0000, -2.123338620741671E+08, -4.921391081590757E+08,  3.429168152720708E+07,
2451022.576712963, A.D. 1998-Jul-28 01:50:28.0000, -2.110756716341685E+08, -4.927740806175137E+08,  3.410796241352823E+07,
2451023.576712963, A.D. 1998-Jul-29 01:50:28.0000, -2.098161330432780E+08, -4.934059027448349E+08,  3.392402528320345E+07,
2451024.576712963, A.D. 1998-Jul-30 01:50:28.0000, -2.085552549117812E+08, -4.940345718252324E+08,  3.373987140256551E+07,
2451025.576712963, A.D. 1998-Jul-31 01:50:28.0000, -2.072930458537591E+08, -4.946600851711520E+08,  3.355550203867525E+07,
2451026.576712963, A.D. 1998-Aug-01 01:50:28.0000, -2.060295144869861E+08, -4.952824401232822E+08,  3.337091845930514E+07,
2451027.576712963, A.D. 1998-Aug-02 01:50:28.0000, -2.047646694328269E+08, -4.959016340505459E+08,  3.318612193292359E+07,
2451028.576712963, A.D. 1998-Aug-03 01:50:28.0000, -2.034985193161350E+08, -4.965176643500910E+08,  3.300111372867835E+07,
2451029.576712963, A.D. 1998-Aug-04 01:50:28.0000, -2.022310727651502E+08, -4.971305284472825E+08,  3.281589511638069E+07,
2451030.576712963, A.D. 1998-Aug-05 01:50:28.0000, -2.009623384113974E+08, -4.977402237956946E+08,  3.263046736648890E+07,
2451031.576712963, A.D. 1998-Aug-06 01:50:28.0000, -1.996923248895846E+08, -4.983467478771039E+08,  3.244483175009200E+07,
2451032.576712963, A.D. 1998-Aug-07 01:50:28.0000, -1.984210408375021E+08, -4.989500982014832E+08,  3.225898953889346E+07,
2451033.576712963, A.D. 1998-Aug-08 01:50:28.0000, -1.971484948959204E+08, -4.995502723069960E+08,  3.207294200519446E+07,
2451034.576712963, A.D. 1998-Aug-09 01:50:28.0000, -1.958746957084886E+08, -5.001472677599925E+08,  3.188669042187729E+07,
2451035.576712963, A.D. 1998-Aug-10 01:50:28.0000, -1.945996519216324E+08, -5.007410821550059E+08,  3.170023606238866E+07,
2451036.576712963, A.D. 1998-Aug-11 01:50:28.0000, -1.933233721844514E+08, -5.013317131147522E+08,  3.151358020072260E+07,
2451037.576712963, A.D. 1998-Aug-12 01:50:28.0000, -1.920458651486150E+08, -5.019191582901290E+08,  3.132672411140320E+07,
2451038.576712963, A.D. 1998-Aug-13 01:50:28.0000, -1.907671394682582E+08, -5.025034153602171E+08,  3.113966906946689E+07,
2451039.576712963, A.D. 1998-Aug-14 01:50:28.0000, -1.894872037998744E+08, -5.030844820322844E+08,  3.095241635044503E+07,
2451040.576712963, A.D. 1998-Aug-15 01:50:28.0000, -1.882060668022065E+08, -5.036623560417907E+08,  3.076496723034522E+07,
2451041.576712963, A.D. 1998-Aug-16 01:50:28.0000, -1.869237371361355E+08, -5.042370351523953E+08,  3.057732298563281E+07,
2451042.576712963, A.D. 1998-Aug-17 01:50:28.0000, -1.856402234645643E+08, -5.048085171559650E+08,  3.038948489321181E+07,
2451043.576712963, A.D. 1998-Aug-18 01:50:28.0000, -1.843555344522981E+08, -5.053767998725857E+08,  3.020145423040491E+07,
2451044.576712963, A.D. 1998-Aug-19 01:50:28.0000, -1.830696787659184E+08, -5.059418811505727E+08,  3.001323227493307E+07,
2451045.576712963, A.D. 1998-Aug-20 01:50:28.0000, -1.817826650736503E+08, -5.065037588664840E+08,  2.982482030489469E+07,
2451046.576712963, A.D. 1998-Aug-21 01:50:28.0000, -1.804945020452225E+08, -5.070624309251305E+08,  2.963621959874383E+07,
2451047.576712963, A.D. 1998-Aug-22 01:50:28.0000, -1.792051983517174E+08, -5.076178952595856E+08,  2.944743143526733E+07,
2451048.576712963, A.D. 1998-Aug-23 01:50:28.0000, -1.779147626654112E+08, -5.081701498311903E+08,  2.925845709356236E+07,
2451049.576712963, A.D. 1998-Aug-24 01:50:28.0000, -1.766232036596037E+08, -5.087191926295511E+08,  2.906929785301253E+07,
2451050.576712963, A.D. 1998-Aug-25 01:50:28.0000, -1.753305300084355E+08, -5.092650216725288E+08,  2.887995499326411E+07,
2451051.576712963, A.D. 1998-Aug-26 01:50:28.0000, -1.740367503866954E+08, -5.098076350062125E+08,  2.869042979420251E+07,
2451052.576712963, A.D. 1998-Aug-27 01:50:28.0000, -1.727418734696178E+08, -5.103470307048761E+08,  2.850072353592896E+07,
2451053.576712963, A.D. 1998-Aug-28 01:50:28.0000, -1.714459079326746E+08, -5.108832068709125E+08,  2.831083749873909E+07,
2451054.576712963, A.D. 1998-Aug-29 01:50:28.0000, -1.701488624513650E+08, -5.114161616347399E+08,  2.812077296310285E+07,
2451055.576712963, A.D. 1998-Aug-30 01:50:28.0000, -1.688507457010099E+08, -5.119458931546797E+08,  2.793053120964766E+07,
2451056.576712963, A.D. 1998-Aug-31 01:50:28.0000, -1.675515663565611E+08, -5.124723996168010E+08,  2.774011351914549E+07,
2451057.576712963, A.D. 1998-Sep-01 01:50:28.0000, -1.662513330924334E+08, -5.129956792347362E+08,  2.754952117250419E+07,
2451058.576712963, A.D. 1998-Sep-02 01:50:28.0000, -1.649500545823707E+08, -5.135157302494714E+08,  2.735875545076448E+07,
2451059.576712963, A.D. 1998-Sep-03 01:50:28.0000, -1.636477394993543E+08, -5.140325509291168E+08,  2.716781763510174E+07,
2451060.576712963, A.D. 1998-Sep-04 01:50:28.0000, -1.623443965155637E+08, -5.145461395686759E+08,  2.697670900683349E+07,
2451061.576712963, A.D. 1998-Sep-05 01:50:28.0000, -1.610400343023892E+08, -5.150564944898227E+08,  2.678543084743014E+07,
2451062.576712963, A.D. 1998-Sep-06 01:50:28.0000, -1.597346615304948E+08, -5.155636140407068E+08,  2.659398443852881E+07,
2451063.576712963, A.D. 1998-Sep-07 01:50:28.0000, -1.584282868699236E+08, -5.160674965957993E+08,  2.640237106194708E+07,
2451064.576712963, A.D. 1998-Sep-08 01:50:28.0000, -1.571209189902322E+08, -5.165681405557946E+08,  2.621059199969530E+07,
2451065.576712963, A.D. 1998-Sep-09 01:50:28.0000, -1.558125665606365E+08, -5.170655443475676E+08,  2.601864853398481E+07,
2451066.576712963, A.D. 1998-Sep-10 01:50:28.0000, -1.545032382501479E+08, -5.175597064241984E+08,  2.582654194723088E+07,
2451067.576712963, A.D. 1998-Sep-11 01:50:28.0000, -1.531929427276888E+08, -5.180506252650414E+08,  2.563427352204877E+07,
2451068.576712963, A.D. 1998-Sep-12 01:50:28.0000, -1.518816886621691E+08, -5.185382993758413E+08,  2.544184454124305E+07,
2451069.576712963, A.D. 1998-Sep-13 01:50:28.0000, -1.505694847225196E+08, -5.190227272888752E+08,  2.524925628779092E+07,
2451070.576712963, A.D. 1998-Sep-14 01:50:28.0000, -1.492563395776764E+08, -5.195039075631083E+08,  2.505651004481956E+07,
2451071.576712963, A.D. 1998-Sep-15 01:50:28.0000, -1.479422618965209E+08, -5.199818387843467E+08,  2.486360709557977E+07,
2451072.576712963, A.D. 1998-Sep-16 01:50:28.0000, -1.466272603477809E+08, -5.204565195653788E+08,  2.467054872341725E+07,
2451073.576712963, A.D. 1998-Sep-17 01:50:28.0000, -1.453113435998995E+08, -5.209279485460999E+08,  2.447733621174160E+07,
2451074.576712963, A.D. 1998-Sep-18 01:50:28.0000, -1.439945203208807E+08, -5.213961243936083E+08,  2.428397084399623E+07,
2451075.576712963, A.D. 1998-Sep-19 01:50:28.0000, -1.426767991781203E+08, -5.218610458022802E+08,  2.409045390362829E+07,
2451076.576712963, A.D. 1998-Sep-20 01:50:28.0000, -1.413581888382304E+08, -5.223227114938171E+08,  2.389678667406023E+07,
2451077.576712963, A.D. 1998-Sep-21 01:50:28.0000, -1.400386979668590E+08, -5.227811202172720E+08,  2.370297043866238E+07,
2451078.576712963, A.D. 1998-Sep-22 01:50:28.0000, -1.387183352285143E+08, -5.232362707490566E+08,  2.350900648072854E+07,
2451079.576712963, A.D. 1998-Sep-23 01:50:28.0000, -1.373971092863926E+08, -5.236881618929306E+08,  2.331489608345178E+07,
2451080.576712963, A.D. 1998-Sep-24 01:50:28.0000, -1.360750288022138E+08, -5.241367924799796E+08,  2.312064052990344E+07,
2451081.576712963, A.D. 1998-Sep-25 01:50:28.0000, -1.347521024360642E+08, -5.245821613685812E+08,  2.292624110301235E+07,
2451082.576712963, A.D. 1998-Sep-26 01:50:28.0000, -1.334283388462476E+08, -5.250242674443655E+08,  2.273169908554646E+07,
2451083.576712963, A.D. 1998-Sep-27 01:50:28.0000, -1.321037466891442E+08, -5.254631096201689E+08,  2.253701576009482E+07,
2451084.576712963, A.D. 1998-Sep-28 01:50:28.0000, -1.307783346190763E+08, -5.258986868359845E+08,  2.234219240905097E+07,
2451085.576712963, A.D. 1998-Sep-29 01:50:28.0000, -1.294521112881813E+08, -5.263309980589109E+08,  2.214723031459704E+07,
2451086.576712963, A.D. 1998-Sep-30 01:50:28.0000, -1.281250853462903E+08, -5.267600422830986E+08,  2.195213075868815E+07,
2451087.576712963, A.D. 1998-Oct-01 01:50:28.0000, -1.267972654408116E+08, -5.271858185296974E+08,  2.175689502303806E+07,
2451088.576712963, A.D. 1998-Oct-02 01:50:28.0000, -1.254686602166190E+08, -5.276083258468025E+08,  2.156152438910407E+07,
2451089.576712963, A.D. 1998-Oct-03 01:50:28.0000, -1.241392783159442E+08, -5.280275633094018E+08,  2.136602013807353E+07,
2451090.576712963, A.D. 1998-Oct-04 01:50:28.0000, -1.228091283782716E+08, -5.284435300193231E+08,  2.117038355084953E+07,
2451091.576712963, A.D. 1998-Oct-05 01:50:28.0000, -1.214782190402369E+08, -5.288562251051836E+08,  2.097461590803748E+07,
2451092.576712963, A.D. 1998-Oct-06 01:50:28.0000, -1.201465589355272E+08, -5.292656477223380E+08,  2.077871848993126E+07,
2451093.576712963, A.D. 1998-Oct-07 01:50:28.0000, -1.188141566947836E+08, -5.296717970528299E+08,  2.058269257650000E+07,
2451094.576712963, A.D. 1998-Oct-08 01:50:28.0000, -1.174810209455050E+08, -5.300746723053421E+08,  2.038653944737449E+07,
2451095.576712963, A.D. 1998-Oct-09 01:50:28.0000, -1.161471603119539E+08, -5.304742727151481E+08,  2.019026038183388E+07,
2451096.576712963, A.D. 1998-Oct-10 01:50:28.0000, -1.148125834150629E+08, -5.308705975440652E+08,  1.999385665879250E+07,
2451097.576712963, A.D. 1998-Oct-11 01:50:28.0000, -1.134772988723420E+08, -5.312636460804081E+08,  1.979732955678636E+07,
2451098.576712963, A.D. 1998-Oct-12 01:50:28.0000, -1.121413152977876E+08, -5.316534176389412E+08,  1.960068035396007E+07,
2451099.576712963, A.D. 1998-Oct-13 01:50:28.0000, -1.108046413017913E+08, -5.320399115608343E+08,  1.940391032805339E+07,
2451100.576712963, A.D. 1998-Oct-14 01:50:28.0000, -1.094672854910499E+08, -5.324231272136165E+08,  1.920702075638825E+07,
2451101.576712963, A.D. 1998-Oct-15 01:50:28.0000, -1.081292564684760E+08, -5.328030639911317E+08,  1.901001291585535E+07,
2451102.576712963, A.D. 1998-Oct-16 01:50:28.0000, -1.067905628331087E+08, -5.331797213134937E+08,  1.881288808290091E+07,
2451103.576712963, A.D. 1998-Oct-17 01:50:28.0000, -1.054512131800252E+08, -5.335530986270421E+08,  1.861564753351358E+07,
2451104.576712963, A.D. 1998-Oct-18 01:50:28.0000, -1.041112161002526E+08, -5.339231954042987E+08,  1.841829254321119E+07,
2451105.576712963, A.D. 1998-Oct-19 01:50:28.0000, -1.027705801806799E+08, -5.342900111439227E+08,  1.822082438702747E+07,
2451106.576712963, A.D. 1998-Oct-20 01:50:28.0000, -1.014293140039714E+08, -5.346535453706682E+08,  1.802324433949903E+07,
2451107.576712963, A.D. 1998-Oct-21 01:50:28.0000, -1.000874261484787E+08, -5.350137976353396E+08,  1.782555367465210E+07,
2451108.576712963, A.D. 1998-Oct-22 01:50:28.0000, -9.874492518815516E+07, -5.353707675147493E+08,  1.762775366598907E+07,
2451109.576712963, A.D. 1998-Oct-23 01:50:28.0000, -9.740181969246902E+07, -5.357244546116741E+08,  1.742984558647606E+07,
2451110.576712963, A.D. 1998-Oct-24 01:50:28.0000, -9.605811822631776E+07, -5.360748585548123E+08,  1.723183070852900E+07,
2451111.576712963, A.D. 1998-Oct-25 01:50:28.0000, -9.471382934994268E+07, -5.364219789987409E+08,  1.703371030400100E+07,
2451112.576712963, A.D. 1998-Oct-26 01:50:28.0000, -9.336896161884388E+07, -5.367658156238729E+08,  1.683548564416876E+07,
2451113.576712963, A.D. 1998-Oct-27 01:50:28.0000, -9.202352358369483E+07, -5.371063681364154E+08,  1.663715799972001E+07,
2451114.576712963, A.D. 1998-Oct-28 01:50:28.0000, -9.067752379025914E+07, -5.374436362683271E+08,  1.643872864073983E+07,
2451115.576712963, A.D. 1998-Oct-29 01:50:28.0000, -8.933097077930555E+07, -5.377776197772769E+08,  1.624019883669782E+07,
2451116.576712963, A.D. 1998-Oct-30 01:50:28.0000, -8.798387308652449E+07, -5.381083184466023E+08,  1.604156985643476E+07,
2451117.576712963, A.D. 1998-Oct-31 01:50:28.0000, -8.663623924244456E+07, -5.384357320852691E+08,  1.584284296814948E+07,
2451118.576712963, A.D. 1998-Nov-01 01:50:28.0000, -8.528807777234966E+07, -5.387598605278304E+08,  1.564401943938592E+07,
2451119.576712963, A.D. 1998-Nov-02 01:50:28.0000, -8.393939719619440E+07, -5.390807036343882E+08,  1.544510053701922E+07,
2451120.576712963, A.D. 1998-Nov-03 01:50:28.0000, -8.259020602852352E+07, -5.393982612905531E+08,  1.524608752724278E+07,
2451121.576712963, A.D. 1998-Nov-04 01:50:28.0000, -8.124051277838720E+07, -5.397125334074078E+08,  1.504698167555490E+07,
2451122.576712963, A.D. 1998-Nov-05 01:50:28.0000, -7.989032594925843E+07, -5.400235199214698E+08,  1.484778424674514E+07,
2451123.576712963, A.D. 1998-Nov-06 01:50:28.0000, -7.853965403894949E+07, -5.403312207946558E+08,  1.464849650488052E+07,
2451124.576712963, A.D. 1998-Nov-07 01:50:28.0000, -7.718850553952803E+07, -5.406356360142471E+08,  1.444911971329159E+07,
2451125.576712963, A.D. 1998-Nov-08 01:50:28.0000, -7.583688893723153E+07, -5.409367655928593E+08,  1.424965513455886E+07,
2451126.576712963, A.D. 1998-Nov-09 01:50:28.0000, -7.448481271238245E+07, -5.412346095684073E+08,  1.405010403049782E+07,
2451127.576712963, A.D. 1998-Nov-10 01:50:28.0000, -7.313228533929953E+07, -5.415291680040789E+08,  1.385046766214466E+07,
2451128.576712963, A.D. 1998-Nov-11 01:50:28.0000, -7.177931528620809E+07, -5.418204409883068E+08,  1.365074728974143E+07,
2451129.576712963, A.D. 1998-Nov-12 01:50:28.0000, -7.042591101514734E+07, -5.421084286347423E+08,  1.345094417272002E+07,
2451130.576712963, A.D. 1998-Nov-13 01:50:28.0000, -6.907208098187383E+07, -5.423931310822328E+08,  1.325105956968692E+07,
2451131.576712963, A.D. 1998-Nov-14 01:50:28.0000, -6.771783363576061E+07, -5.426745484947987E+08,  1.305109473840648E+07,
2451132.576712963, A.D. 1998-Nov-15 01:50:28.0000, -6.636317741969079E+07, -5.429526810616114E+08,  1.285105093578357E+07,
2451133.576712963, A.D. 1998-Nov-16 01:50:28.0000, -6.500812076994436E+07, -5.432275289969743E+08,  1.265092941784641E+07,
2451134.576712963, A.D. 1998-Nov-17 01:50:28.0000, -6.365267211607724E+07, -5.434990925402995E+08,  1.245073143972778E+07,
2451135.576712963, A.D. 1998-Nov-18 01:50:28.0000, -6.229683988079130E+07, -5.437673719560848E+08,  1.225045825564626E+07,
2451136.576712963, A.D. 1998-Nov-19 01:50:28.0000, -6.094063247979412E+07, -5.440323675338852E+08,  1.205011111888617E+07,
2451137.576712963, A.D. 1998-Nov-20 01:50:28.0000, -5.958405832164898E+07, -5.442940795882781E+08,  1.184969128177822E+07,
2451138.576712963, A.D. 1998-Nov-21 01:50:28.0000, -5.822712580761050E+07, -5.445525084588181E+08,  1.164919999567831E+07,
2451139.576712963, A.D. 1998-Nov-22 01:50:28.0000, -5.686984333145440E+07, -5.448076545099785E+08,  1.144863851094827E+07,
2451140.576712963, A.D. 1998-Nov-23 01:50:28.0000, -5.551221927929406E+07, -5.450595181310732E+08,  1.124800807693571E+07,
2451141.576712963, A.D. 1998-Nov-24 01:50:28.0000, -5.415426202939273E+07, -5.453080997361573E+08,  1.104730994195628E+07,
2451142.576712963, A.D. 1998-Nov-25 01:50:28.0000, -5.279597995197509E+07, -5.455533997638992E+08,  1.084654535327733E+07,
2451143.576712963, A.D. 1998-Nov-26 01:50:28.0000, -5.143738140904348E+07, -5.457954186774247E+08,  1.064571555710480E+07,
2451144.576712963, A.D. 1998-Nov-27 01:50:28.0000, -5.007847475420825E+07, -5.460341569641274E+08,  1.044482179857394E+07,
2451145.576712963, A.D. 1998-Nov-28 01:50:28.0000, -4.871926833254210E+07, -5.462696151354504E+08,  1.024386532174486E+07,
2451146.576712963, A.D. 1998-Nov-29 01:50:28.0000, -4.735977048046934E+07, -5.465017937266413E+08,  1.004284736960289E+07,
2451147.576712963, A.D. 1998-Nov-30 01:50:28.0000, -4.599998952569886E+07, -5.467306932964914E+08,  9.841769184064597E+06,
2451148.576712963, A.D. 1998-Dec-01 01:50:28.0000, -4.463993378720737E+07, -5.469563144270699E+08,  9.640632005989075E+06,
2451149.576712963, A.D. 1998-Dec-02 01:50:28.0000, -4.327961157527631E+07, -5.471786577234690E+08,  9.439437075192660E+06,
2451150.576712963, A.D. 1998-Dec-03 01:50:28.0000, -4.191903119157847E+07, -5.473977238135769E+08,  9.238185630466461E+06,
2451151.576712963, A.D. 1998-Dec-04 01:50:28.0000, -4.055820092930860E+07, -5.476135133478925E+08,  9.036878909594089E+06,
2451152.576712963, A.D. 1998-Dec-05 01:50:28.0000, -3.919712907334092E+07, -5.478260269993941E+08,  8.835518149367660E+06,
2451153.576712963, A.D. 1998-Dec-06 01:50:28.0000, -3.783582390039628E+07, -5.480352654634686E+08,  8.634104585599780E+06,
2451154.576712963, A.D. 1998-Dec-07 01:50:28.0000, -3.647429367920487E+07, -5.482412294578995E+08,  8.432639453130335E+06,
2451155.576712963, A.D. 1998-Dec-08 01:50:28.0000, -3.511254667064214E+07, -5.484439197229091E+08,  8.231123985826015E+06,
2451156.576712963, A.D. 1998-Dec-09 01:50:28.0000, -3.375059112782899E+07, -5.486433370212409E+08,  8.029559416573733E+06,
2451157.576712963, A.D. 1998-Dec-10 01:50:28.0000, -3.238843529618697E+07, -5.488394821382686E+08,  7.827946977267474E+06,
2451158.576712963, A.D. 1998-Dec-11 01:50:28.0000, -3.102608741344666E+07, -5.490323558821195E+08,  7.626287898789912E+06,
2451159.576712963, A.D. 1998-Dec-12 01:50:28.0000, -2.966355570961009E+07, -5.492219590837921E+08,  7.424583410989404E+06,
2451160.576712963, A.D. 1998-Dec-13 01:50:28.0000, -2.830084840687667E+07, -5.494082925972688E+08,  7.222834742655843E+06,
2451161.576712963, A.D. 1998-Dec-14 01:50:28.0000, -2.693797371953554E+07, -5.495913572996013E+08,  7.021043121493757E+06,
2451162.576712963, A.D. 1998-Dec-15 01:50:28.0000, -2.557493985383663E+07, -5.497711540909765E+08,  6.819209774095923E+06,
2451163.576712963, A.D. 1998-Dec-16 01:50:28.0000, -2.421175500784703E+07, -5.499476838947563E+08,  6.617335925917834E+06,
2451164.576712963, A.D. 1998-Dec-17 01:50:28.0000, -2.284842737129998E+07, -5.501209476574920E+08,  6.415422801253349E+06,
2451165.576712963, A.D. 1998-Dec-18 01:50:28.0000, -2.148496512544231E+07, -5.502909463489175E+08,  6.213471623211890E+06,
2451166.576712963, A.D. 1998-Dec-19 01:50:28.0000, -2.012137644288431E+07, -5.504576809619222E+08,  6.011483613697618E+06,
2451167.576712963, A.D. 1998-Dec-20 01:50:28.0000, -1.875766948745492E+07, -5.506211525125082E+08,  5.809459993390530E+06,
2451168.576712963, A.D. 1998-Dec-21 01:50:28.0000, -1.739385241406419E+07, -5.507813620397356E+08,  5.607401981728792E+06,
2451169.576712963, A.D. 1998-Dec-22 01:50:28.0000, -1.602993336857386E+07, -5.509383106056554E+08,  5.405310796893358E+06,
2451170.576712963, A.D. 1998-Dec-23 01:50:28.0000, -1.466592048767598E+07, -5.510919992952383E+08,  5.203187655793011E+06,
2451171.576712963, A.D. 1998-Dec-24 01:50:28.0000, -1.330182189877976E+07, -5.512424292162955E+08,  5.001033774051547E+06,
2451172.576712963, A.D. 1998-Dec-25 01:50:28.0000, -1.193764571990580E+07, -5.513896014993981E+08,  4.798850365995258E+06,
2451173.576712963, A.D. 1998-Dec-26 01:50:28.0000, -1.057340005958729E+07, -5.515335172977931E+08,  4.596638644641250E+06,
2451174.576712963, A.D. 1998-Dec-27 01:50:28.0000, -9.209093016777327E+06, -5.516741777873191E+08,  4.394399821686924E+06,
2451175.576712963, A.D. 1998-Dec-28 01:50:28.0000, -7.844732680761609E+06, -5.518115841663213E+08,  4.192135107499272E+06,
2451176.576712963, A.D. 1998-Dec-29 01:50:28.0000, -6.480327131075938E+06, -5.519457376555667E+08,  3.989845711105615E+06,
2451177.576712963, A.D. 1998-Dec-30 01:50:28.0000, -5.115884437427724E+06, -5.520766394981602E+08,  3.787532840182990E+06,
2451178.576712963, A.D. 1998-Dec-31 01:50:28.0000, -3.751412659621061E+06, -5.522042909594618E+08,  3.585197701049954E+06,
2451179.576712963, A.D. 1999-Jan-01 01:50:28.0000, -2.386919847484794E+06, -5.523286933270035E+08,  3.382841498656571E+06,
2451180.576712963, A.D. 1999-Jan-02 01:50:28.0000, -1.022414040803230E+06, -5.524498479104081E+08,  3.180465436576009E+06,
2451181.576712963, A.D. 1999-Jan-03 01:50:28.0000,  3.420967307510665E+05, -5.525677560413097E+08,  2.978070716995388E+06,
2451182.576712963, A.D. 1999-Jan-04 01:50:28.0000,  1.706604447682431E+06, -5.526824190732739E+08,  2.775658540707290E+06,
2451183.576712963, A.D. 1999-Jan-05 01:50:28.0000,  3.071101100735679E+06, -5.527938383817197E+08,  2.573230107100755E+06,
2451184.576712963, A.D. 1999-Jan-06 01:50:28.0000,  4.435578690958234E+06, -5.529020153638426E+08,  2.370786614153117E+06,
2451185.576712963, A.D. 1999-Jan-07 01:50:28.0000,  5.800029229761048E+06, -5.530069514385372E+08,  2.168329258421034E+06,
2451186.576712963, A.D. 1999-Jan-08 01:50:28.0000,  7.164444738978234E+06, -5.531086480463229E+08,  1.965859235032320E+06,
2451187.576712963, A.D. 1999-Jan-09 01:50:28.0000,  8.528817250926044E+06, -5.532071066492678E+08,  1.763377737677097E+06,
2451188.576712963, A.D. 1999-Jan-10 01:50:28.0000,  9.893138808460589E+06, -5.533023287309154E+08,  1.560885958599806E+06,
2451189.576712963, A.D. 1999-Jan-11 01:50:28.0000,  1.125740146503494E+07, -5.533943157962104E+08,  1.358385088590473E+06,
2451190.576712963, A.D. 1999-Jan-12 01:50:28.0000,  1.262159728475542E+07, -5.534830693714263E+08,  1.155876316976219E+06,
2451191.576712963, A.D. 1999-Jan-13 01:50:28.0000,  1.398571834243712E+07, -5.535685910040917E+08,  9.533608316134214E+05,
2451192.576712963, A.D. 1999-Jan-14 01:50:28.0000,  1.534975672365886E+07, -5.536508822629198E+08,  7.508398188788593E+05,
2451193.576712963, A.D. 1999-Jan-15 01:50:28.0000,  1.671370452481735E+07, -5.537299447377360E+08,  5.483144636618197E+05,
2451194.576712963, A.D. 1999-Jan-16 01:50:28.0000,  1.807755385318082E+07, -5.538057800394069E+08,  3.457859493554831E+05,
2451195.576712963, A.D. 1999-Jan-17 01:50:28.0000,  1.944129682694199E+07, -5.538783897997696E+08,  1.432554578489661E+05,
2451196.576712963, A.D. 1999-Jan-18 01:50:28.0000,  2.080492557527043E+07, -5.539477756715615E+08, -5.927583048102260E+04,
2451197.576712963, A.D. 1999-Jan-19 01:50:28.0000,  2.216843223836435E+07, -5.540139393283508E+08, -2.618067367781401E+05,
2451198.576712963, A.D. 1999-Jan-20 01:50:28.0000,  2.353180896750171E+07, -5.540768824644663E+08, -4.643360837150216E+05,
2451199.576712963, A.D. 1999-Jan-21 01:50:28.0000,  2.489504792509089E+07, -5.541366067949296E+08, -6.668626955007911E+05,
2451200.576712963, A.D. 1999-Jan-22 01:50:28.0000,  2.625814128472063E+07, -5.541931140553856E+08, -8.693853978897631E+05,
2451201.576712963, A.D. 1999-Jan-23 01:50:28.0000,  2.762108123120952E+07, -5.542464060020349E+08, -1.071903018189102E+06,
2451202.576712963, A.D. 1999-Jan-24 01:50:28.0000,  2.898385996065480E+07, -5.542964844115672E+08, -1.274414385266930E+06,
2451203.576712963, A.D. 1999-Jan-25 01:50:28.0000,  3.034646968048079E+07, -5.543433510810933E+08, -1.476918329560786E+06,
2451204.576712963, A.D. 1999-Jan-26 01:50:28.0000,  3.170890260948664E+07, -5.543870078280799E+08, -1.679413683085084E+06,
2451205.576712963, A.D. 1999-Jan-27 01:50:28.0000,  3.307115097789370E+07, -5.544274564902843E+08, -1.881899279439628E+06,
2451206.576712963, A.D. 1999-Jan-28 01:50:28.0000,  3.443320702739246E+07, -5.544646989256901E+08, -2.084373953817517E+06,
2451207.576712963, A.D. 1999-Jan-29 01:50:28.0000,  3.579506301118895E+07, -5.544987370124429E+08, -2.286836543013513E+06,
2451208.576712963, A.D. 1999-Jan-30 01:50:28.0000,  3.715671119405150E+07, -5.545295726487896E+08, -2.489285885431677E+06,
2451209.576712963, A.D. 1999-Jan-31 01:50:28.0000,  3.851814385235612E+07, -5.545572077530161E+08, -2.691720821094334E+06,
2451210.576712963, A.D. 1999-Feb-01 01:50:28.0000,  3.987935327413312E+07, -5.545816442633879E+08, -2.894140191649973E+06,
2451211.576712963, A.D. 1999-Feb-02 01:50:28.0000,  4.124033175911321E+07, -5.546028841380923E+08, -3.096542840381622E+06,
2451212.576712963, A.D. 1999-Feb-03 01:50:28.0000,  4.260107161877422E+07, -5.546209293551815E+08, -3.298927612216175E+06,
2451213.576712963, A.D. 1999-Feb-04 01:50:28.0000,  4.396156517638847E+07, -5.546357819125180E+08, -3.501293353732347E+06,
2451214.576712963, A.D. 1999-Feb-05 01:50:28.0000,  4.532180476707118E+07, -5.546474438277229E+08, -3.703638913170457E+06,
2451215.576712963, A.D. 1999-Feb-06 01:50:28.0000,  4.668178273783049E+07, -5.546559171381235E+08, -3.905963140441507E+06,
2451216.576712963, A.D. 1999-Feb-07 01:50:28.0000,  4.804149144761940E+07, -5.546612039007069E+08, -4.108264887136966E+06,
2451217.576712963, A.D. 1999-Feb-08 01:50:28.0000,  4.940092326739073E+07, -5.546633061920720E+08, -4.310543006539166E+06,
2451218.576712963, A.D. 1999-Feb-09 01:50:28.0000,  5.076007058015513E+07, -5.546622261083871E+08, -4.512796353631467E+06,
2451219.576712963, A.D. 1999-Feb-10 01:50:28.0000,  5.211892578104389E+07, -5.546579657653464E+08, -4.715023785109878E+06,
2451220.576712963, A.D. 1999-Feb-11 01:50:28.0000,  5.347748127737729E+07, -5.546505272981296E+08, -4.917224159394801E+06,
2451221.576712963, A.D. 1999-Feb-12 01:50:28.0000,  5.483572948873895E+07, -5.546399128613614E+08, -5.119396336643010E+06,
2451222.576712963, A.D. 1999-Feb-13 01:50:28.0000,  5.619366284705849E+07, -5.546261246290712E+08, -5.321539178761363E+06,
2451223.576712963, A.D. 1999-Feb-14 01:50:28.0000,  5.755127379670300E+07, -5.546091647946503E+08, -5.523651549420029E+06,
2451224.576712963, A.D. 1999-Feb-15 01:50:28.0000,  5.890855479457836E+07, -5.545890355708059E+08, -5.725732314067155E+06,
2451225.576712963, A.D. 1999-Feb-16 01:50:28.0000,  6.026549831024148E+07, -5.545657391895065E+08, -5.927780339943409E+06,
2451226.576712963, A.D. 1999-Feb-17 01:50:28.0000,  6.162209682602360E+07, -5.545392779019208E+08, -6.129794496096820E+06,
2451227.576712963, A.D. 1999-Feb-18 01:50:28.0000,  6.297834283716435E+07, -5.545096539783393E+08, -6.331773653397888E+06,
2451228.576712963, A.D. 1999-Feb-19 01:50:28.0000,  6.433422885195426E+07, -5.544768697080808E+08, -6.533716684553474E+06,
2451229.576712963, A.D. 1999-Feb-20 01:50:28.0000,  6.568974739188346E+07, -5.544409273993744E+08, -6.735622464119405E+06,
2451230.576712963, A.D. 1999-Feb-21 01:50:28.0000,  6.704489099179100E+07, -5.544018293792156E+08, -6.937489868511260E+06,
2451231.576712963, A.D. 1999-Feb-22 01:50:28.0000,  6.839965220000866E+07, -5.543595779931929E+08, -7.139317776012331E+06,
2451232.576712963, A.D. 1999-Feb-23 01:50:28.0000,  6.975402357849009E+07, -5.543141756052825E+08, -7.341105066777021E+06,
2451233.576712963, A.D. 1999-Feb-24 01:50:28.0000,  7.110799770291547E+07, -5.542656245976133E+08, -7.542850622829795E+06,
2451234.576712963, A.D. 1999-Feb-25 01:50:28.0000,  7.246156716276103E+07, -5.542139273702090E+08, -7.744553328059554E+06,
2451235.576712963, A.D. 1999-Feb-26 01:50:28.0000,  7.381472456132632E+07, -5.541590863407091E+08, -7.946212068207532E+06,
2451236.576712963, A.D. 1999-Feb-27 01:50:28.0000,  7.516746251570763E+07, -5.541011039440926E+08, -8.147825730851054E+06,
2451237.576712963, A.D. 1999-Feb-28 01:50:28.0000,  7.651977365671977E+07, -5.540399826324095E+08, -8.349393205383003E+06,
2451238.576712963, A.D. 1999-Mar-01 01:50:28.0000,  7.787165062876791E+07, -5.539757248745410E+08, -8.550913382988721E+06,
2451239.576712963, A.D. 1999-Mar-02 01:50:28.0000,  7.922308608967614E+07, -5.539083331560040E+08, -8.752385156623274E+06,
2451240.576712963, A.D. 1999-Mar-03 01:50:28.0000,  8.057407271048957E+07, -5.538378099788091E+08, -8.953807420989662E+06,
2451241.576712963, A.D. 1999-Mar-04 01:50:28.0000,  8.192460317526336E+07, -5.537641578613802E+08, -9.155179072521895E+06,
2451242.576712963, A.D. 1999-Mar-05 01:50:28.0000,  8.327467018086566E+07, -5.536873793385336E+08, -9.356499009373188E+06,
2451243.576712963, A.D. 1999-Mar-06 01:50:28.0000,  8.462426643679893E+07, -5.536074769615088E+08, -9.557766131410688E+06,
2451244.576712963, A.D. 1999-Mar-07 01:50:28.0000,  8.597338466506149E+07, -5.535244532980417E+08, -9.758979340217143E+06,
2451245.576712963, A.D. 1999-Mar-08 01:50:28.0000,  8.732201760005346E+07, -5.534383109324665E+08, -9.960137539098889E+06,
2451246.576712963, A.D. 1999-Mar-09 01:50:28.0000,  8.867015798852806E+07, -5.533490524658240E+08, -1.016123963309917E+07,
2451247.576712963, A.D. 1999-Mar-10 01:50:28.0000,  9.001779858959238E+07, -5.532566805159779E+08, -1.036228452901495E+07,
2451248.576712963, A.D. 1999-Mar-11 01:50:28.0000,  9.136493217474125E+07, -5.531611977177093E+08, -1.056327113541675E+07,
2451249.576712963, A.D. 1999-Mar-12 01:50:28.0000,  9.271155152792431E+07, -5.530626067227982E+08, -1.076419836266971E+07,
2451250.576712963, A.D. 1999-Mar-13 01:50:28.0000,  9.405764944563621E+07, -5.529609102000781E+08, -1.096506512295461E+07,
2451251.576712963, A.D. 1999-Mar-14 01:50:28.0000,  9.540321873701952E+07, -5.528561108354672E+08, -1.116587033028775E+07,
2451252.576712963, A.D. 1999-Mar-15 01:50:28.0000,  9.674825222397552E+07, -5.527482113319755E+08, -1.136661290054047E+07,
2451253.576712963, A.D. 1999-Mar-16 01:50:28.0000,  9.809274274127643E+07, -5.526372144096894E+08, -1.156729175145566E+07,
2451254.576712963, A.D. 1999-Mar-17 01:50:28.0000,  9.943668313667497E+07, -5.525231228057382E+08, -1.176790580266386E+07,
2451255.576712963, A.D. 1999-Mar-18 01:50:28.0000,  1.007800662710086E+08, -5.524059392742436E+08, -1.196845397569656E+07,
2451256.576712963, A.D. 1999-Mar-19 01:50:28.0000,  1.021228850182962E+08, -5.522856665862586E+08, -1.216893519399801E+07,
2451257.576712963, A.D. 1999-Mar-20 01:50:28.0000,  1.034651322658276E+08, -5.521623075296960E+08, -1.236934838293609E+07,
2451258.576712963, A.D. 1999-Mar-21 01:50:28.0000,  1.048068009142438E+08, -5.520358649092495E+08, -1.256969246981087E+07,
2451259.576712963, A.D. 1999-Mar-22 01:50:28.0000,  1.061478838776101E+08, -5.519063415463122E+08, -1.276996638386291E+07,
2451260.576712963, A.D. 1999-Mar-23 01:50:28.0000,  1.074883740834813E+08, -5.517737402788889E+08, -1.297016905627981E+07,
2451261.576712963, A.D. 1999-Mar-24 01:50:28.0000,  1.088282644729603E+08, -5.516380639615103E+08, -1.317029942020273E+07,
2451262.576712963, A.D. 1999-Mar-25 01:50:28.0000,  1.101675480007509E+08, -5.514993154651433E+08, -1.337035641073182E+07,
2451263.576712963, A.D. 1999-Mar-26 01:50:28.0000,  1.115062176352047E+08, -5.513574976771035E+08, -1.357033896493128E+07,
2451264.576712963, A.D. 1999-Mar-27 01:50:28.0000,  1.128442663583638E+08, -5.512126135009680E+08, -1.377024602183366E+07,
2451265.576712963, A.D. 1999-Mar-28 01:50:28.0000,  1.141816871659996E+08, -5.510646658564876E+08, -1.397007652244467E+07,
2451266.576712963, A.D. 1999-Mar-29 01:50:28.0000,  1.155184730676480E+08, -5.509136576795028E+08, -1.416982940974683E+07,
2451267.576712963, A.D. 1999-Mar-30 01:50:28.0000,  1.168546170866417E+08, -5.507595919218590E+08, -1.436950362870336E+07,
2451268.576712963, A.D. 1999-Mar-31 01:50:28.0000,  1.181901122601399E+08, -5.506024715513240E+08, -1.456909812626219E+07,
2451269.576712963, A.D. 1999-Apr-01 01:50:28.0000,  1.195249516391566E+08, -5.504422995515066E+08, -1.476861185135937E+07,
2451270.576712963, A.D. 1999-Apr-02 01:50:28.0000,  1.208591282885863E+08, -5.502790789217774E+08, -1.496804375492233E+07,
2451271.576712963, A.D. 1999-Apr-03 01:50:28.0000,  1.221926352872288E+08, -5.501128126771894E+08, -1.516739278987405E+07,
2451272.576712963, A.D. 1999-Apr-04 01:50:28.0000,  1.235254657278124E+08, -5.499435038484014E+08, -1.536665791113576E+07,
2451273.576712963, A.D. 1999-Apr-05 01:50:28.0000,  1.248576127170159E+08, -5.497711554816020E+08, -1.556583807563078E+07,
2451274.576712963, A.D. 1999-Apr-06 01:50:28.0000,  1.261890693754902E+08, -5.495957706384344E+08, -1.576493224228767E+07,
2451275.576712963, A.D. 1999-Apr-07 01:50:28.0000,  1.275198288378787E+08, -5.494173523959234E+08, -1.596393937204367E+07,
2451276.576712963, A.D. 1999-Apr-08 01:50:28.0000,  1.288498842528365E+08, -5.492359038464017E+08, -1.616285842784795E+07,
2451277.576712963, A.D. 1999-Apr-09 01:50:28.0000,  1.301792287830502E+08, -5.490514280974387E+08, -1.636168837466523E+07,
2451278.576712963, A.D. 1999-Apr-10 01:50:28.0000,  1.315078556052561E+08, -5.488639282717700E+08, -1.656042817947841E+07,
2451279.576712963, A.D. 1999-Apr-11 01:50:28.0000,  1.328357579102581E+08, -5.486734075072269E+08, -1.675907681129259E+07,
2451280.576712963, A.D. 1999-Apr-12 01:50:28.0000,  1.341629289029452E+08, -5.484798689566674E+08, -1.695763324113804E+07,
2451281.576712963, A.D. 1999-Apr-13 01:50:28.0000,  1.354893618023089E+08, -5.482833157879083E+08, -1.715609644207335E+07,
2451282.576712963, A.D. 1999-Apr-14 01:50:28.0000,  1.368150498414592E+08, -5.480837511836569E+08, -1.735446538918892E+07,
2451283.576712963, A.D. 1999-Apr-15 01:50:28.0000,  1.381399862676418E+08, -5.478811783414450E+08, -1.755273905961001E+07,
2451284.576712963, A.D. 1999-Apr-16 01:50:28.0000,  1.394641643422529E+08, -5.476756004735620E+08, -1.775091643250033E+07,
2451285.576712963, A.D. 1999-Apr-17 01:50:28.0000,  1.407875773408558E+08, -5.474670208069907E+08, -1.794899648906469E+07,
2451286.576712963, A.D. 1999-Apr-18 01:50:28.0000,  1.421102185531950E+08, -5.472554425833420E+08, -1.814697821255308E+07,
2451287.576712963, A.D. 1999-Apr-19 01:50:28.0000,  1.434320812832119E+08, -5.470408690587910E+08, -1.834486058826289E+07,
2451288.576712963, A.D. 1999-Apr-20 01:50:28.0000,  1.447531588490587E+08, -5.468233035040146E+08, -1.854264260354292E+07,
2451289.576712963, A.D. 1999-Apr-21 01:50:28.0000,  1.460734445831130E+08, -5.466027492041290E+08, -1.874032324779636E+07,
2451290.576712963, A.D. 1999-Apr-22 01:50:28.0000,  1.473929318319914E+08, -5.463792094586284E+08, -1.893790151248404E+07,
2451291.576712963, A.D. 1999-Apr-23 01:50:28.0000,  1.487116139565634E+08, -5.461526875813247E+08, -1.913537639112777E+07,
2451292.576712963, A.D. 1999-Apr-24 01:50:28.0000,  1.500294843319641E+08, -5.459231869002882E+08, -1.933274687931317E+07,
2451293.576712963, A.D. 1999-Apr-25 01:50:28.0000,  1.513465363476087E+08, -5.456907107577890E+08, -1.953001197469386E+07,
2451294.576712963, A.D. 1999-Apr-26 01:50:28.0000,  1.526627634072041E+08, -5.454552625102400E+08, -1.972717067699400E+07,
2451295.576712963, A.D. 1999-Apr-27 01:50:28.0000,  1.539781589287629E+08, -5.452168455281410E+08, -1.992422198801211E+07,
2451296.576712963, A.D. 1999-Apr-28 01:50:28.0000,  1.552927163446160E+08, -5.449754631960242E+08, -2.012116491162461E+07,
2451297.576712963, A.D. 1999-Apr-29 01:50:28.0000,  1.566064291014255E+08, -5.447311189124005E+08, -2.031799845378926E+07,
2451298.576712963, A.D. 1999-Apr-30 01:50:28.0000,  1.579192906601987E+08, -5.444838160897088E+08, -2.051472162254909E+07,
2451299.576712963, A.D. 1999-May-01 01:50:28.0000,  1.592312944963014E+08, -5.442335581542659E+08, -2.071133342803591E+07,
2451300.576712963, A.D. 1999-May-02 01:50:28.0000,  1.605424340994732E+08, -5.439803485462185E+08, -2.090783288247490E+07,
2451301.576712963, A.D. 1999-May-03 01:50:28.0000,  1.618527029738425E+08, -5.437241907194982E+08, -2.110421900018850E+07,
2451302.576712963, A.D. 1999-May-04 01:50:28.0000,  1.631620946379440E+08, -5.434650881417767E+08, -2.130049079760134E+07,
2451303.576712963, A.D. 1999-May-05 01:50:28.0000,  1.644706026247374E+08, -5.432030442944261E+08, -2.149664729324478E+07,
2451304.576712963, A.D. 1999-May-06 01:50:28.0000,  1.657782204816290E+08, -5.429380626724778E+08, -2.169268750776258E+07,
2451305.576712963, A.D. 1999-May-07 01:50:28.0000,  1.670849417704959E+08, -5.426701467845888E+08, -2.188861046391615E+07,
2451306.576712963, A.D. 1999-May-08 01:50:28.0000,  1.683907600677142E+08, -5.423993001530052E+08, -2.208441518659151E+07,
2451307.576712963, A.D. 1999-May-09 01:50:28.0000,  1.696956689641924E+08, -5.421255263135308E+08, -2.228010070280528E+07,
2451308.576712963, A.D. 1999-May-10 01:50:28.0000,  1.709996620654099E+08, -5.418488288154963E+08, -2.247566604171276E+07,
2451309.576712963, A.D. 1999-May-11 01:50:28.0000,  1.723027329914632E+08, -5.415692112217290E+08, -2.267111023461571E+07,
2451310.576712963, A.D. 1999-May-12 01:50:28.0000,  1.736048753771195E+08, -5.412866771085229E+08, -2.286643231497121E+07,
2451311.576712963, A.D. 1999-May-13 01:50:28.0000,  1.749060828718805E+08, -5.410012300656064E+08, -2.306163131840125E+07,
2451312.576712963, A.D. 1999-May-14 01:50:28.0000,  1.762063491400554E+08, -5.407128736961064E+08, -2.325670628270262E+07,
2451313.576712963, A.D. 1999-May-15 01:50:28.0000,  1.775056678608460E+08, -5.404216116165054E+08, -2.345165624785754E+07,
2451314.576712963, A.D. 1999-May-16 01:50:28.0000,  1.788040327284440E+08, -5.401274474565896E+08, -2.364648025604451E+07,
2451315.576712963, A.D. 1999-May-17 01:50:28.0000,  1.801014374521360E+08, -5.398303848593816E+08, -2.384117735164872E+07,
2451316.576712963, A.D. 1999-May-18 01:50:28.0000,  1.813978757564214E+08, -5.395304274810572E+08, -2.403574658127189E+07,
2451317.576712963, A.D. 1999-May-19 01:50:28.0000,  1.826933413811346E+08, -5.392275789908379E+08, -2.423018699374130E+07,
2451318.576712963, A.D. 1999-May-20 01:50:28.0000,  1.839878280815677E+08, -5.389218430708576E+08, -2.442449764011586E+07,
2451319.576712963, A.D. 1999-May-21 01:50:28.0000,  1.852813296285884E+08, -5.386132234159989E+08, -2.461867757368958E+07,
2451320.576712963, A.D. 1999-May-22 01:50:28.0000,  1.865738398087433E+08, -5.383017237336990E+08, -2.481272584999162E+07,
2451321.576712963, A.D. 1999-May-23 01:50:28.0000,  1.878653524243372E+08, -5.379873477437246E+08, -2.500664152678084E+07,
2451322.576712963, A.D. 1999-May-24 01:50:28.0000,  1.891558612934766E+08, -5.376700991779244E+08, -2.520042366403544E+07,
2451323.576712963, A.D. 1999-May-25 01:50:28.0000,  1.904453602500697E+08, -5.373499817799642E+08, -2.539407132393765E+07,
2451324.576712963, A.D. 1999-May-26 01:50:28.0000,  1.917338431437758E+08, -5.370269993050581E+08, -2.558758357085255E+07,
2451325.576712963, A.D. 1999-May-27 01:50:28.0000,  1.930213038399017E+08, -5.367011555197146E+08, -2.578095947130418E+07,
2451326.576712963, A.D. 1999-May-28 01:50:28.0000,  1.943077362192479E+08, -5.363724542015092E+08, -2.597419809394854E+07,
2451327.576712963, A.D. 1999-May-29 01:50:28.0000,  1.955931341779138E+08, -5.360408991389021E+08, -2.616729850954631E+07,
2451328.576712963, A.D. 1999-May-30 01:50:28.0000,  1.968774916270752E+08, -5.357064941311092E+08, -2.636025979093823E+07,
2451329.576712963, A.D. 1999-May-31 01:50:28.0000,  1.981608024927545E+08, -5.353692429880359E+08, -2.655308101302409E+07,
2451330.576712963, A.D. 1999-Jun-01 01:50:28.0000,  1.994430607155972E+08, -5.350291495302672E+08, -2.674576125274715E+07,
2451331.576712963, A.D. 1999-Jun-02 01:50:28.0000,  2.007242602506753E+08, -5.346862175891153E+08, -2.693829958908579E+07,
2451332.576712963, A.D. 1999-Jun-03 01:50:28.0000,  2.020043950673283E+08, -5.343404510067030E+08, -2.713069510305142E+07,
2451333.576712963, A.D. 1999-Jun-04 01:50:28.0000,  2.032834591490481E+08, -5.339918536360760E+08, -2.732294687769294E+07,
2451334.576712963, A.D. 1999-Jun-05 01:50:28.0000,  2.045614464934147E+08, -5.336404293413286E+08, -2.751505399810645E+07,
2451335.576712963, A.D. 1999-Jun-06 01:50:28.0000,  2.058383511120725E+08, -5.332861819977239E+08, -2.770701555144873E+07,
2451336.576712963, A.D. 1999-Jun-07 01:50:28.0000,  2.071141670307478E+08, -5.329291154918039E+08, -2.789883062695363E+07,
2451337.576712963, A.D. 1999-Jun-08 01:50:28.0000,  2.083888882892970E+08, -5.325692337214792E+08, -2.809049831594908E+07,
2451338.576712963, A.D. 1999-Jun-09 01:50:28.0000,  2.096625089417758E+08, -5.322065405960954E+08, -2.828201771187454E+07,
2451339.576712963, A.D. 1999-Jun-10 01:50:28.0000,  2.109350230565244E+08, -5.318410400364743E+08, -2.847338791029808E+07,
2451340.576712963, A.D. 1999-Jun-11 01:50:28.0000,  2.122064247162586E+08, -5.314727359749306E+08, -2.866460800893113E+07,
2451341.576712963, A.D. 1999-Jun-12 01:50:28.0000,  2.134767080181629E+08, -5.311016323552675E+08, -2.885567710764256E+07,
2451342.576712963, A.D. 1999-Jun-13 01:50:28.0000,  2.147458670739813E+08, -5.307277331327523E+08, -2.904659430847037E+07,
2451343.576712963, A.D. 1999-Jun-14 01:50:28.0000,  2.160138960101030E+08, -5.303510422740778E+08, -2.923735871563178E+07,
2451344.576712963, A.D. 1999-Jun-15 01:50:28.0000,  2.172807889676405E+08, -5.299715637573100E+08, -2.942796943553188E+07,
2451345.576712963, A.D. 1999-Jun-16 01:50:28.0000,  2.185465401025003E+08, -5.295893015718274E+08, -2.961842557677022E+07,
2451346.576712963, A.D. 1999-Jun-17 01:50:28.0000,  2.198111435854457E+08, -5.292042597182521E+08, -2.980872625014678E+07,
2451347.576712963, A.D. 1999-Jun-18 01:50:28.0000,  2.210745936021520E+08, -5.288164422083783E+08, -2.999887056866613E+07,
2451348.576712963, A.D. 1999-Jun-19 01:50:28.0000,  2.223368843532536E+08, -5.284258530650953E+08, -3.018885764754122E+07,
2451349.576712963, A.D. 1999-Jun-20 01:50:28.0000,  2.235980100543858E+08, -5.280324963223100E+08, -3.037868660419604E+07,
2451350.576712963, A.D. 1999-Jun-21 01:50:28.0000,  2.248579649362198E+08, -5.276363760248690E+08, -3.056835655826783E+07,
2451351.576712963, A.D. 1999-Jun-22 01:50:28.0000,  2.261167432444930E+08, -5.272374962284791E+08, -3.075786663160878E+07,
2451352.576712963, A.D. 1999-Jun-23 01:50:28.0000,  2.273743392400349E+08, -5.268358609996303E+08, -3.094721594828716E+07,
2451353.576712963, A.D. 1999-Jun-24 01:50:28.0000,  2.286307471987890E+08, -5.264314744155179E+08, -3.113640363458866E+07,
2451354.576712963, A.D. 1999-Jun-25 01:50:28.0000,  2.298859614118318E+08, -5.260243405639666E+08, -3.132542881901690E+07,
2451355.576712963, A.D. 1999-Jun-26 01:50:28.0000,  2.311399761853889E+08, -5.256144635433558E+08, -3.151429063229403E+07,
2451356.576712963, A.D. 1999-Jun-27 01:50:28.0000,  2.323927858408485E+08, -5.252018474625456E+08, -3.170298820736131E+07,
2451357.576712963, A.D. 1999-Jun-28 01:50:28.0000,  2.336443847147737E+08, -5.247864964408048E+08, -3.189152067937940E+07,
2451358.576712963, A.D. 1999-Jun-29 01:50:28.0000,  2.348947671589124E+08, -5.243684146077392E+08, -3.207988718572876E+07,
2451359.576712963, A.D. 1999-Jun-30 01:50:28.0000,  2.361439275402065E+08, -5.239476061032217E+08, -3.226808686600986E+07,
2451360.576712963, A.D. 1999-Jul-01 01:50:28.0000,  2.373918602407991E+08, -5.235240750773240E+08, -3.245611886204356E+07,
2451361.576712963, A.D. 1999-Jul-02 01:50:28.0000,  2.386385596580420E+08, -5.230978256902480E+08, -3.264398231787103E+07,
2451362.576712963, A.D. 1999-Jul-03 01:50:28.0000,  2.398840202045009E+08, -5.226688621122598E+08, -3.283167637975413E+07,
2451363.576712963, A.D. 1999-Jul-04 01:50:28.0000,  2.411282363079608E+08, -5.222371885236230E+08, -3.301920019617584E+07,
2451364.576712963, A.D. 1999-Jul-05 01:50:28.0000,  2.423712024114306E+08, -5.218028091145344E+08, -3.320655291783991E+07,
2451365.576712963, A.D. 1999-Jul-06 01:50:28.0000,  2.436129129731471E+08, -5.213657280850593E+08, -3.339373369767153E+07,
2451366.576712963, A.D. 1999-Jul-07 01:50:28.0000,  2.448533624665782E+08, -5.209259496450685E+08, -3.358074169081727E+07,
2451367.576712963, A.D. 1999-Jul-08 01:50:28.0000,  2.460925453804261E+08, -5.204834780141751E+08, -3.376757605464557E+07,
2451368.576712963, A.D. 1999-Jul-09 01:50:28.0000,  2.473304562186300E+08, -5.200383174216726E+08, -3.395423594874620E+07,
2451369.576712963, A.D. 1999-Jul-10 01:50:28.0000,  2.485670895003678E+08, -5.195904721064738E+08, -3.414072053493151E+07,
2451370.576712963, A.D. 1999-Jul-11 01:50:28.0000,  2.498024397600584E+08, -5.191399463170495E+08, -3.432702897723565E+07,
2451371.576712963, A.D. 1999-Jul-12 01:50:28.0000,  2.510365015473628E+08, -5.186867443113689E+08, -3.451316044191530E+07,
2451372.576712963, A.D. 1999-Jul-13 01:50:28.0000,  2.522692694271852E+08, -5.182308703568393E+08, -3.469911409744969E+07,
2451373.576712963, A.D. 1999-Jul-14 01:50:28.0000,  2.535007379796739E+08, -5.177723287302474E+08, -3.488488911454073E+07,
2451374.576712963, A.D. 1999-Jul-15 01:50:28.0000,  2.547309018002212E+08, -5.173111237177015E+08, -3.507048466611323E+07,
2451375.576712963, A.D. 1999-Jul-16 01:50:28.0000,  2.559597554994638E+08, -5.168472596145725E+08, -3.525589992731544E+07,
2451376.576712963, A.D. 1999-Jul-17 01:50:28.0000,  2.571872937032825E+08, -5.163807407254381E+08, -3.544113407551846E+07,
2451377.576712963, A.D. 1999-Jul-18 01:50:28.0000,  2.584135110528012E+08, -5.159115713640250E+08, -3.562618629031724E+07,
2451378.576712963, A.D. 1999-Jul-19 01:50:28.0000,  2.596384022043860E+08, -5.154397558531544E+08, -3.581105575353029E+07,
2451379.576712963, A.D. 1999-Jul-20 01:50:28.0000,  2.608619618296443E+08, -5.149652985246866E+08, -3.599574164920020E+07,
2451380.576712963, A.D. 1999-Jul-21 01:50:28.0000,  2.620841846154225E+08, -5.144882037194664E+08, -3.618024316359371E+07,
2451381.576712963, A.D. 1999-Jul-22 01:50:28.0000,  2.633050652638051E+08, -5.140084757872708E+08, -3.636455948520213E+07,
2451382.576712963, A.D. 1999-Jul-23 01:50:28.0000,  2.645245984921124E+08, -5.135261190867562E+08, -3.654868980474171E+07,
2451383.576712963, A.D. 1999-Jul-24 01:50:28.0000,  2.657427790328968E+08, -5.130411379854077E+08, -3.673263331515402E+07,
2451384.576712963, A.D. 1999-Jul-25 01:50:28.0000,  2.669596016339436E+08, -5.125535368594893E+08, -3.691638921160650E+07,
2451385.576712963, A.D. 1999-Jul-26 01:50:28.0000,  2.681750610582671E+08, -5.120633200939955E+08, -3.709995669149283E+07,
2451386.576712963, A.D. 1999-Jul-27 01:50:28.0000,  2.693891520841088E+08, -5.115704920826041E+08, -3.728333495443416E+07,
2451387.576712963, A.D. 1999-Jul-28 01:50:28.0000,  2.706018695049362E+08, -5.110750572276315E+08, -3.746652320227945E+07,
2451388.576712963, A.D. 1999-Jul-29 01:50:28.0000,  2.718132081294421E+08, -5.105770199399886E+08, -3.764952063910699E+07,
2451389.576712963, A.D. 1999-Jul-30 01:50:28.0000,  2.730231627815446E+08, -5.100763846391397E+08, -3.783232647122553E+07,
2451390.576712963, A.D. 1999-Jul-31 01:50:28.0000,  2.742317283003886E+08, -5.095731557530633E+08, -3.801493990717578E+07,
2451391.576712963, A.D. 1999-Aug-01 01:50:28.0000,  2.754388995403495E+08, -5.090673377182143E+08, -3.819736015773249E+07,
2451392.576712963, A.D. 1999-Aug-02 01:50:28.0000,  2.766446713710379E+08, -5.085589349794897E+08, -3.837958643590680E+07,
2451393.576712963, A.D. 1999-Aug-03 01:50:28.0000,  2.778490386773093E+08, -5.080479519901955E+08, -3.856161795694879E+07,
2451394.576712963, A.D. 1999-Aug-04 01:50:28.0000,  2.790519963592754E+08, -5.075343932120164E+08, -3.874345393835095E+07,
2451395.576712963, A.D. 1999-Aug-05 01:50:28.0000,  2.802535393323225E+08, -5.070182631149872E+08, -3.892509359985182E+07,
2451396.576712963, A.D. 1999-Aug-06 01:50:28.0000,  2.814536625271329E+08, -5.064995661774656E+08, -3.910653616344079E+07,
2451397.576712963, A.D. 1999-Aug-07 01:50:28.0000,  2.826523608897160E+08, -5.059783068861060E+08, -3.928778085336283E+07,
2451398.576712963, A.D. 1999-Aug-08 01:50:28.0000,  2.838496293814452E+08, -5.054544897358321E+08, -3.946882689612451E+07,
2451399.576712963, A.D. 1999-Aug-09 01:50:28.0000,  2.850454629791052E+08, -5.049281192298084E+08, -3.964967352050057E+07,
2451400.576712963, A.D. 1999-Aug-10 01:50:28.0000,  2.862398566749496E+08, -5.043991998794076E+08, -3.983031995754099E+07,
2451401.576712963, A.D. 1999-Aug-11 01:50:28.0000,  2.874328054767690E+08, -5.038677362041702E+08, -4.001076544057837E+07,
2451402.576712963, A.D. 1999-Aug-12 01:50:28.0000,  2.886243044079710E+08, -5.033337327317559E+08, -4.019100920523593E+07,
2451403.576712963, A.D. 1999-Aug-13 01:50:28.0000,  2.898143485076703E+08, -5.027971939978789E+08, -4.037105048943499E+07,
2451404.576712963, A.D. 1999-Aug-14 01:50:28.0000,  2.910029328307889E+08, -5.022581245462278E+08, -4.055088853340176E+07,
2451405.576712963, A.D. 1999-Aug-15 01:50:28.0000,  2.921900524481602E+08, -5.017165289283590E+08, -4.073052257967320E+07,
2451406.576712963, A.D. 1999-Aug-16 01:50:28.0000,  2.933757024466361E+08, -5.011724117035671E+08, -4.090995187310031E+07,
2451407.576712963, A.D. 1999-Aug-17 01:50:28.0000,  2.945598779291861E+08, -5.006257774387236E+08, -4.108917566084814E+07,
2451408.576712963, A.D. 1999-Aug-18 01:50:28.0000,  2.957425740149831E+08, -5.000766307080832E+08, -4.126819319239315E+07,
2451409.576712963, A.D. 1999-Aug-19 01:50:28.0000,  2.969237858394635E+08, -4.995249760930634E+08, -4.144700371951419E+07,
2451410.576712963, A.D. 1999-Aug-20 01:50:28.0000,  2.981035085543516E+08, -4.989708181819980E+08, -4.162560649627954E+07,
2451411.576712963, A.D. 1999-Aug-21 01:50:28.0000,  2.992817373276422E+08, -4.984141615698740E+08, -4.180400077902791E+07,
2451412.576712963, A.D. 1999-Aug-22 01:50:28.0000,  3.004584673435287E+08, -4.978550108580693E+08, -4.198218582634476E+07,
2451413.576712963, A.D. 1999-Aug-23 01:50:28.0000,  3.016336938022801E+08, -4.972933706541001E+08, -4.216016089903471E+07,
2451414.576712963, A.D. 1999-Aug-24 01:50:28.0000,  3.028074119200685E+08, -4.967292455713986E+08, -4.233792526009196E+07,
2451415.576712963, A.D. 1999-Aug-25 01:50:28.0000,  3.039796169287542E+08, -4.961626402291350E+08, -4.251547817467013E+07,
2451416.576712963, A.D. 1999-Aug-26 01:50:28.0000,  3.051503040756454E+08, -4.955935592520944E+08, -4.269281891005465E+07,
2451417.576712963, A.D. 1999-Aug-27 01:50:28.0000,  3.063194686232482E+08, -4.950220072706145E+08, -4.286994673563856E+07,
2451418.576712963, A.D. 1999-Aug-28 01:50:28.0000,  3.074871058490267E+08, -4.944479889205835E+08, -4.304686092290503E+07,
2451419.576712963, A.D. 1999-Aug-29 01:50:28.0000,  3.086532110451875E+08, -4.938715088434885E+08, -4.322356074541551E+07,
2451420.576712963, A.D. 1999-Aug-30 01:50:28.0000,  3.098177795185046E+08, -4.932925716865064E+08, -4.340004547880521E+07,
2451421.576712963, A.D. 1999-Aug-31 01:50:28.0000,  3.109808065901859E+08, -4.927111821026202E+08, -4.357631440078473E+07,
2451422.576712963, A.D. 1999-Sep-01 01:50:28.0000,  3.121422875957901E+08, -4.921273447507474E+08, -4.375236679114705E+07,
2451423.576712963, A.D. 1999-Sep-02 01:50:28.0000,  3.133022178851870E+08, -4.915410642958642E+08, -4.392820193177807E+07,
2451424.576712963, A.D. 1999-Sep-03 01:50:28.0000,  3.144605928225564E+08, -4.909523454091186E+08, -4.410381910667011E+07,
2451425.576712963, A.D. 1999-Sep-04 01:50:28.0000,  3.156174077864167E+08, -4.903611927679249E+08, -4.427921760193607E+07,
2451426.576712963, A.D. 1999-Sep-05 01:50:28.0000,  3.167726581696765E+08, -4.897676110560318E+08, -4.445439670582417E+07,
2451427.576712963, A.D. 1999-Sep-06 01:50:28.0000,  3.179263393796996E+08, -4.891716049635668E+08, -4.462935570873162E+07,
2451428.576712963, A.D. 1999-Sep-07 01:50:28.0000,  3.190784468383774E+08, -4.885731791870584E+08, -4.480409390321672E+07,
2451429.576712963, A.D. 1999-Sep-08 01:50:28.0000,  3.202289759822014E+08, -4.879723384294333E+08, -4.497861058401000E+07,
2451430.576712963, A.D. 1999-Sep-09 01:50:28.0000,  3.213779222623351E+08, -4.873690873999974E+08, -4.515290504802278E+07,
2451431.576712963, A.D. 1999-Sep-10 01:50:28.0000,  3.225252811446787E+08, -4.867634308144004E+08, -4.532697659435460E+07,
2451432.576712963, A.D. 1999-Sep-11 01:50:28.0000,  3.236710481099272E+08, -4.861553733945884E+08, -4.550082452429849E+07,
2451433.576712963, A.D. 1999-Sep-12 01:50:28.0000,  3.248152186536212E+08, -4.855449198687476E+08, -4.567444814134505E+07,
2451434.576712963, A.D. 1999-Sep-13 01:50:28.0000,  3.259577882861891E+08, -4.849320749712406E+08, -4.584784675118554E+07,
2451435.576712963, A.D. 1999-Sep-14 01:50:28.0000,  3.270987525329811E+08, -4.843168434425386E+08, -4.602101966171256E+07,
2451436.576712963, A.D. 1999-Sep-15 01:50:28.0000,  3.282381069342974E+08, -4.836992300291511E+08, -4.619396618302172E+07,
2451437.576712963, A.D. 1999-Sep-16 01:50:28.0000,  3.293758470454074E+08, -4.830792394835522E+08, -4.636668562741077E+07,
2451438.576712963, A.D. 1999-Sep-17 01:50:28.0000,  3.305119684365656E+08, -4.824568765641091E+08, -4.653917730937943E+07,
2451439.576712963, A.D. 1999-Sep-18 01:50:28.0000,  3.316464666930203E+08, -4.818321460350081E+08, -4.671144054562804E+07,
2451440.576712963, A.D. 1999-Sep-19 01:50:28.0000,  3.327793374150193E+08, -4.812050526661824E+08, -4.688347465505576E+07,
2451441.576712963, A.D. 1999-Sep-20 01:50:28.0000,  3.339105762178108E+08, -4.805756012332415E+08, -4.705527895875907E+07,
2451442.576712963, A.D. 1999-Sep-21 01:50:28.0000,  3.350401787316410E+08, -4.799437965174006E+08, -4.722685278002968E+07,
2451443.576712963, A.D. 1999-Sep-22 01:50:28.0000,  3.361681406017502E+08, -4.793096433054117E+08, -4.739819544435224E+07,
2451444.576712963, A.D. 1999-Sep-23 01:50:28.0000,  3.372944574883645E+08, -4.786731463894967E+08, -4.756930627940172E+07,
2451445.576712963, A.D. 1999-Sep-24 01:50:28.0000,  3.384191250666876E+08, -4.780343105672815E+08, -4.774018461504158E+07,
2451446.576712963, A.D. 1999-Sep-25 01:50:28.0000,  3.395421390268894E+08, -4.773931406417311E+08, -4.791082978332075E+07,
2451447.576712963, A.D. 1999-Sep-26 01:50:28.0000,  3.406634950740942E+08, -4.767496414210868E+08, -4.808124111847159E+07,
2451448.576712963, A.D. 1999-Sep-27 01:50:28.0000,  3.417831889283665E+08, -4.761038177188039E+08, -4.825141795690686E+07,
2451449.576712963, A.D. 1999-Sep-28 01:50:28.0000,  3.429012163246976E+08, -4.754556743534918E+08, -4.842135963721746E+07,
2451450.576712963, A.D. 1999-Sep-29 01:50:28.0000,  3.440175730129890E+08, -4.748052161488535E+08, -4.859106550016999E+07,
2451451.576712963, A.D. 1999-Sep-30 01:50:28.0000,  3.451322547580373E+08, -4.741524479336285E+08, -4.876053488870391E+07,
2451452.576712963, A.D. 1999-Oct-01 01:50:28.0000,  3.462452573395169E+08, -4.734973745415340E+08, -4.892976714792931E+07,
2451453.576712963, A.D. 1999-Oct-02 01:50:28.0000,  3.473565765519624E+08, -4.728400008112100E+08, -4.909876162512380E+07,
2451454.576712963, A.D. 1999-Oct-03 01:50:28.0000,  3.484662082047512E+08, -4.721803315861627E+08, -4.926751766973081E+07,
2451455.576712963, A.D. 1999-Oct-04 01:50:28.0000,  3.495741481220845E+08, -4.715183717147107E+08, -4.943603463335636E+07,
2451456.576712963, A.D. 1999-Oct-05 01:50:28.0000,  3.506803921429688E+08, -4.708541260499310E+08, -4.960431186976695E+07,
2451457.576712963, A.D. 1999-Oct-06 01:50:28.0000,  3.517849361211966E+08, -4.701875994496066E+08, -4.977234873488691E+07,
2451458.576712963, A.D. 1999-Oct-07 01:50:28.0000,  3.528877759253262E+08, -4.695187967761738E+08, -4.994014458679587E+07,
2451459.576712963, A.D. 1999-Oct-08 01:50:28.0000,  3.539889074386621E+08, -4.688477228966715E+08, -5.010769878572640E+07,
2451460.576712963, A.D. 1999-Oct-09 01:50:28.0000,  3.550883265592344E+08, -4.681743826826909E+08, -5.027501069406149E+07,
2451461.576712963, A.D. 1999-Oct-10 01:50:28.0000,  3.561860291997778E+08, -4.674987810103253E+08, -5.044207967633212E+07,
2451462.576712963, A.D. 1999-Oct-11 01:50:28.0000,  3.572820112877107E+08, -4.668209227601220E+08, -5.060890509921467E+07,
2451463.576712963, A.D. 1999-Oct-12 01:50:28.0000,  3.583762687651133E+08, -4.661408128170339E+08, -5.077548633152866E+07,
2451464.576712963, A.D. 1999-Oct-13 01:50:28.0000,  3.594687975887059E+08, -4.654584560703720E+08, -5.094182274423447E+07,
2451465.576712963, A.D. 1999-Oct-14 01:50:28.0000,  3.605595937298273E+08, -4.647738574137604E+08, -5.110791371043044E+07,
2451466.576712963, A.D. 1999-Oct-15 01:50:28.0000,  3.616486531744109E+08, -4.640870217450899E+08, -5.127375860535109E+07,
2451467.576712963, A.D. 1999-Oct-16 01:50:28.0000,  3.627359719229635E+08, -4.633979539664743E+08, -5.143935680636460E+07,
2451468.576712963, A.D. 1999-Oct-17 01:50:28.0000,  3.638215459905411E+08, -4.627066589842070E+08, -5.160470769297034E+07,
2451469.576712963, A.D. 1999-Oct-18 01:50:28.0000,  3.649053714067265E+08, -4.620131417087190E+08, -5.176981064679682E+07,
2451470.576712963, A.D. 1999-Oct-19 01:50:28.0000,  3.659874442156050E+08, -4.613174070545384E+08, -5.193466505159962E+07,
2451471.576712963, A.D. 1999-Oct-20 01:50:28.0000,  3.670677604757419E+08, -4.606194599402506E+08, -5.209927029325926E+07,
2451472.576712963, A.D. 1999-Oct-21 01:50:28.0000,  3.681463162601582E+08, -4.599193052884607E+08, -5.226362575977898E+07,
2451473.576712963, A.D. 1999-Oct-22 01:50:28.0000,  3.692231076563078E+08, -4.592169480257571E+08, -5.242773084128311E+07,
2451474.576712963, A.D. 1999-Oct-23 01:50:28.0000,  3.702981307660539E+08, -4.585123930826768E+08, -5.259158493001541E+07,
2451475.576712963, A.D. 1999-Oct-24 01:50:28.0000,  3.713713817056468E+08, -4.578056453936728E+08, -5.275518742033738E+07,
2451476.576712963, A.D. 1999-Oct-25 01:50:28.0000,  3.724428566057020E+08, -4.570967098970835E+08, -5.291853770872703E+07,
2451477.576712963, A.D. 1999-Oct-26 01:50:28.0000,  3.735125516111789E+08, -4.563855915351047E+08, -5.308163519377762E+07,
2451478.576712963, A.D. 1999-Oct-27 01:50:28.0000,  3.745804628813616E+08, -4.556722952537625E+08, -5.324447927619737E+07,
2451479.576712963, A.D. 1999-Oct-28 01:50:28.0000,  3.756465865898414E+08, -4.549568260028912E+08, -5.340706935880813E+07,
2451480.576712963, A.D. 1999-Oct-29 01:50:28.0000,  3.767109189245013E+08, -4.542391887361109E+08, -5.356940484654641E+07,
2451481.576712963, A.D. 1999-Oct-30 01:50:28.0000,  3.777734560875041E+08, -4.535193884108098E+08, -5.373148514646292E+07,
2451482.576712963, A.D. 1999-Oct-31 01:50:28.0000,  3.788341942952845E+08, -4.527974299881275E+08, -5.389330966772431E+07,
2451483.576712963, A.D. 1999-Nov-01 01:50:28.0000,  3.798931297785447E+08, -4.520733184329414E+08, -5.405487782161391E+07,
2451484.576712963, A.D. 1999-Nov-02 01:50:28.0000,  3.809502587822582E+08, -4.513470587138542E+08, -5.421618902153474E+07,
2451485.576712963, A.D. 1999-Nov-03 01:50:28.0000,  3.820055775656784E+08, -4.506186558031830E+08, -5.437724268301186E+07,
2451486.576712963, A.D. 1999-Nov-04 01:50:28.0000,  3.830590824023567E+08, -4.498881146769471E+08, -5.453803822369605E+07,
2451487.576712963, A.D. 1999-Nov-05 01:50:28.0000,  3.841107695801696E+08, -4.491554403148544E+08, -5.469857506336844E+07,
2451488.576712963, A.D. 1999-Nov-06 01:50:28.0000,  3.851606354013562E+08, -4.484206377002854E+08, -5.485885262394512E+07,
2451489.576712963, A.D. 1999-Nov-07 01:50:28.0000,  3.862086761825664E+08, -4.476837118202680E+08, -5.501887032948259E+07,
2451490.576712963, A.D. 1999-Nov-08 01:50:28.0000,  3.872548882549225E+08, -4.469446676654450E+08, -5.517862760618353E+07,
2451491.576712963, A.D. 1999-Nov-09 01:50:28.0000,  3.882992679640884E+08, -4.462035102300259E+08, -5.533812388240176E+07,
2451492.576712963, A.D. 1999-Nov-10 01:50:28.0000,  3.893418116703510E+08, -4.454602445117215E+08, -5.549735858864778E+07,
2451493.576712963, A.D. 1999-Nov-11 01:50:28.0000,  3.903825157487053E+08, -4.447148755116566E+08, -5.565633115759143E+07,
2451494.576712963, A.D. 1999-Nov-12 01:50:28.0000,  3.914213765889422E+08, -4.439674082342536E+08, -5.581504102406362E+07,
2451495.576712963, A.D. 1999-Nov-13 01:50:28.0000,  3.924583905957264E+08, -4.432178476870893E+08, -5.597348762505439E+07,
2451496.576712963, A.D. 1999-Nov-14 01:50:28.0000,  3.934935541886643E+08, -4.424661988807190E+08, -5.613167039970735E+07,
2451497.576712963, A.D. 1999-Nov-15 01:50:28.0000,  3.945268638023438E+08, -4.417124668284713E+08, -5.628958878930929E+07,
2451498.576712963, A.D. 1999-Nov-16 01:50:28.0000,  3.955583158863397E+08, -4.409566565462204E+08, -5.644724223727456E+07,
2451499.576712963, A.D. 1999-Nov-17 01:50:28.0000,  3.965879069051739E+08, -4.401987730521421E+08, -5.660463018912408E+07,
2451500.576712963, A.D. 1999-Nov-18 01:50:28.0000,  3.976156333382253E+08, -4.394388213664683E+08, -5.676175209245968E+07,
2451501.576712963, A.D. 1999-Nov-19 01:50:28.0000,  3.986414916795874E+08, -4.386768065112553E+08, -5.691860739693448E+07,
2451502.576712963, A.D. 1999-Nov-20 01:50:28.0000,  3.996654784378752E+08, -4.379127335101823E+08, -5.707519555422136E+07,
2451503.576712963, A.D. 1999-Nov-21 01:50:28.0000,  4.006875901359921E+08, -4.371466073883935E+08, -5.723151601798075E+07,
2451504.576712963, A.D. 1999-Nov-22 01:50:28.0000,  4.017078233108708E+08, -4.363784331723968E+08, -5.738756824383149E+07,
2451505.576712963, A.D. 1999-Nov-23 01:50:28.0000,  4.027261745132076E+08, -4.356082158900234E+08, -5.754335168932506E+07,
2451506.576712963, A.D. 1999-Nov-24 01:50:28.0000,  4.037426403072043E+08, -4.348359605704468E+08, -5.769886581392616E+07,
2451507.576712963, A.D. 1999-Nov-25 01:50:28.0000,  4.047572172703375E+08, -4.340616722442541E+08, -5.785411007899958E+07,
2451508.576712963, A.D. 1999-Nov-26 01:50:28.0000,  4.057699019931674E+08, -4.332853559435580E+08, -5.800908394780409E+07,
2451509.576712963, A.D. 1999-Nov-27 01:50:28.0000,  4.067806910791903E+08, -4.325070167021346E+08, -5.816378688549230E+07,
2451510.576712963, A.D. 1999-Nov-28 01:50:28.0000,  4.077895811447404E+08, -4.317266595555716E+08, -5.831821835911646E+07,
2451511.576712963, A.D. 1999-Nov-29 01:50:28.0000,  4.087965688189352E+08, -4.309442895414153E+08, -5.847237783763695E+07,
2451512.576712963, A.D. 1999-Nov-30 01:50:28.0000,  4.098016507436598E+08, -4.301599116993039E+08, -5.862626479193470E+07,
2451513.576712963, A.D. 1999-Dec-01 01:50:28.0000,  4.108048235735811E+08, -4.293735310710811E+08, -5.877987869482341E+07,
2451514.576712963, A.D. 1999-Dec-02 01:50:28.0000,  4.118060839761845E+08, -4.285851527008874E+08, -5.893321902106273E+07,
2451515.576712963, A.D. 1999-Dec-03 01:50:28.0000,  4.128054286318250E+08, -4.277947816352253E+08, -5.908628524737015E+07,
2451516.576712963, A.D. 1999-Dec-04 01:50:28.0000,  4.138028542337837E+08, -4.270024229230009E+08, -5.923907685243201E+07,
2451517.576712963, A.D. 1999-Dec-05 01:50:28.0000,  4.147983574883274E+08, -4.262080816155443E+08, -5.939159331691259E+07,
2451518.576712963, A.D. 1999-Dec-06 01:50:28.0000,  4.157919351147658E+08, -4.254117627666121E+08, -5.954383412346122E+07,
2451519.576712963, A.D. 1999-Dec-07 01:50:28.0000,  4.167835838455017E+08, -4.246134714323729E+08, -5.969579875671831E+07,
2451520.576712963, A.D. 1999-Dec-08 01:50:28.0000,  4.177733004260762E+08, -4.238132126713843E+08, -5.984748670331895E+07,
2451521.576712963, A.D. 1999-Dec-09 01:50:28.0000,  4.187610816152059E+08, -4.230109915445563E+08, -5.999889745189571E+07,
2451522.576712963, A.D. 1999-Dec-10 01:50:28.0000,  4.197469241848117E+08, -4.222068131151119E+08, -6.015003049307996E+07,
2451523.576712963, A.D. 1999-Dec-11 01:50:28.0000,  4.207308249200404E+08, -4.214006824485426E+08, -6.030088531950170E+07,
2451524.576712963, A.D. 1999-Dec-12 01:50:28.0000,  4.217127806192799E+08, -4.205926046125587E+08, -6.045146142578924E+07,
2451525.576712963, A.D. 1999-Dec-13 01:50:28.0000,  4.226927880941674E+08, -4.197825846770412E+08, -6.060175830856752E+07,
2451526.576712963, A.D. 1999-Dec-14 01:50:28.0000,  4.236708441695922E+08, -4.189706277139919E+08, -6.075177546645617E+07,
2451527.576712963, A.D. 1999-Dec-15 01:50:28.0000,  4.246469456836943E+08, -4.181567387974833E+08, -6.090151240006715E+07,
2451528.576712963, A.D. 1999-Dec-16 01:50:28.0000,  4.256210894878582E+08, -4.173409230036098E+08, -6.105096861200190E+07,
2451529.576712963, A.D. 1999-Dec-17 01:50:28.0000,  4.265932724467031E+08, -4.165231854104400E+08, -6.120014360684812E+07,
2451530.576712963, A.D. 1999-Dec-18 01:50:28.0000,  4.275634914380710E+08, -4.157035310979701E+08, -6.134903689117673E+07,
2451531.576712963, A.D. 1999-Dec-19 01:50:28.0000,  4.285317433530118E+08, -4.148819651480786E+08, -6.149764797353852E+07,
2451532.576712963, A.D. 1999-Dec-20 01:50:28.0000,  4.294980250957662E+08, -4.140584926444827E+08, -6.164597636446026E+07,
2451533.576712963, A.D. 1999-Dec-21 01:50:28.0000,  4.304623335837479E+08, -4.132331186726961E+08, -6.179402157644197E+07,
2451534.576712963, A.D. 1999-Dec-22 01:50:28.0000,  4.314246657475230E+08, -4.124058483199879E+08, -6.194178312395230E+07,
2451535.576712963, A.D. 1999-Dec-23 01:50:28.0000,  4.323850185307902E+08, -4.115766866753432E+08, -6.208926052342606E+07,
2451536.576712963, A.D. 1999-Dec-24 01:50:28.0000,  4.333433888903583E+08, -4.107456388294253E+08, -6.223645329325980E+07,
2451537.576712963, A.D. 1999-Dec-25 01:50:28.0000,  4.342997737961242E+08, -4.099127098745378E+08, -6.238336095380872E+07,
2451538.576712963, A.D. 1999-Dec-26 01:50:28.0000,  4.352541702310506E+08, -4.090779049045902E+08, -6.252998302738306E+07,
2451539.576712963, A.D. 1999-Dec-27 01:50:28.0000,  4.362065751911414E+08, -4.082412290150619E+08, -6.267631903824449E+07,
2451540.576712963, A.D. 1999-Dec-28 01:50:28.0000,  4.371569856854197E+08, -4.074026873029689E+08, -6.282236851260263E+07,
2451541.576712963, A.D. 1999-Dec-29 01:50:28.0000,  4.381053987359029E+08, -4.065622848668315E+08, -6.296813097861192E+07,
2451542.576712963, A.D. 1999-Dec-30 01:50:28.0000,  4.390518113775789E+08, -4.057200268066419E+08, -6.311360596636784E+07,
