JDTDB,Calendar Date (TDB),X,Y,Z,
2447892.500000000, A.D. 1990-Jan-01 00:00:00.0000,  2.614716502701908E+09,  4.126384499937535E+09, -1.486802170240660E+08,
2447893.500000000, A.D. 1990-Jan-02 00:00:00.0000,  2.614293242322889E+09,  4.126624254440355E+09, -1.486441308820767E+08,
2447894.500000000, A.D. 1990-Jan-03 00:00:00.0000,  2.613869959866379E+09,  4.126863972008729E+09, -1.486080434804983E+08,
2447895.500000000, A.D. 1990-Jan-04 00:00:00.0000,  2.613446655353800E+09,  4.127103652637645E+09, -1.485719548210032E+08,
2447896.500000000, A.D. 1990-Jan-05 00:00:00.0000,  2.613023328807075E+09,  4.127343296323456E+09, -1.485358649052160E+08,
2447897.500000000, A.D. 1990-Jan-06 00:00:00.0000,  2.612599980248395E+09,  4.127582903063967E+09, -1.484997737346835E+08,
2447898.500000000, A.D. 1990-Jan-07 00:00:00.0000,  2.612176609699974E+09,  4.127822472858455E+09, -1.484636813108521E+08,
2447899.500000000, A.D. 1990-Jan-08 00:00:00.0000,  2.611753217183798E+09,  4.128062005707631E+09, -1.484275876350465E+08,
2447900.500000000, A.D. 1990-Jan-09 00:00:00.0000,  2.611329802721406E+09,  4.128301501613559E+09, -1.483914927084587E+08,
2447901.500000000, A.D. 1990-Jan-10 00:00:00.0000,  2.610906366333699E+09,  4.128540960579504E+09, -1.483553965321395E+08,
2447902.500000000, A.D. 1990-Jan-11 00:00:00.0000,  2.610482908040796E+09,  4.128780382609780E+09, -1.483192991070015E+08,
2447903.500000000, A.D. 1990-Jan-12 00:00:00.0000,  2.610059427861940E+09,  4.129019767709558E+09, -1.482832004338250E+08,
2447904.500000000, A.D. 1990-Jan-13 00:00:00.0000,  2.609635925815442E+09,  4.129259115884683E+09, -1.482471005132666E+08,
2447905.500000000, A.D. 1990-Jan-14 00:00:00.0000,  2.609212401918670E+09,  4.129498427141502E+09, -1.482109993458750E+08,
2447906.500000000, A.D. 1990-Jan-15 00:00:00.0000,  2.608788856188081E+09,  4.129737701486703E+09, -1.481748969321036E+08,
2447907.500000000, A.D. 1990-Jan-16 00:00:00.0000,  2.608365288639259E+09,  4.129976938927187E+09, -1.481387932723291E+08,
2447908.500000000, A.D. 1990-Jan-17 00:00:00.0000,  2.607941699286983E+09,  4.130216139469949E+09, -1.481026883668628E+08,
2447909.500000000, A.D. 1990-Jan-18 00:00:00.0000,  2.607518088145302E+09,  4.130455303122002E+09, -1.480665822159677E+08,
2447910.500000000, A.D. 1990-Jan-19 00:00:00.0000,  2.607094455227612E+09,  4.130694429890310E+09, -1.480304748198686E+08,
2447911.500000000, A.D. 1990-Jan-20 00:00:00.0000,  2.606670800546729E+09,  4.130933519781745E+09, -1.479943661787636E+08,
2447912.500000000, A.D. 1990-Jan-21 00:00:00.0000,  2.606247124114963E+09,  4.131172572803061E+09, -1.479582562928319E+08,
2447913.500000000, A.D. 1990-Jan-22 00:00:00.0000,  2.605823425944180E+09,  4.131411588960883E+09, -1.479221451622434E+08,
2447914.500000000, A.D. 1990-Jan-23 00:00:00.0000,  2.605399706045867E+09,  4.131650568261697E+09, -1.478860327871597E+08,
2447915.500000000, A.D. 1990-Jan-24 00:00:00.0000,  2.604975964431170E+09,  4.131889510711863E+09, -1.478499191677430E+08,
2447916.500000000, A.D. 1990-Jan-25 00:00:00.0000,  2.604552201110945E+09,  4.132128416317617E+09, -1.478138043041568E+08,
2447917.500000000, A.D. 1990-Jan-26 00:00:00.0000,  2.604128416095792E+09,  4.132367285085085E+09, -1.477776881965680E+08,
2447918.500000000, A.D. 1990-Jan-27 00:00:00.0000,  2.603704609396080E+09,  4.132606117020303E+09, -1.477415708451493E+08,
2447919.500000000, A.D. 1990-Jan-28 00:00:00.0000,  2.603280781021976E+09,  4.132844912129221E+09, -1.477054522500784E+08,
2447920.500000000, A.D. 1990-Jan-29 00:00:00.0000,  2.602856930983455E+09,  4.133083670417734E+09, -1.476693324115417E+08,
2447921.500000000, A.D. 1990-Jan-30 00:00:00.0000,  2.602433059290320E+09,  4.133322391891683E+09, -1.476332113297293E+08,
2447922.500000000, A.D. 1990-Jan-31 00:00:00.0000,  2.602009165952210E+09,  4.133561076556877E+09, -1.475970890048385E+08,
2447923.500000000, A.D. 1990-Feb-01 00:00:00.0000,  2.601585250978606E+09,  4.133799724419106E+09, -1.475609654370713E+08,
2447924.500000000, A.D. 1990-Feb-02 00:00:00.0000,  2.601161314378836E+09,  4.134038335484149E+09, -1.475248406266356E+08,
2447925.500000000, A.D. 1990-Feb-03 00:00:00.0000,  2.600737356162077E+09,  4.134276909757788E+09, -1.474887145737402E+08,
2447926.500000000, A.D. 1990-Feb-04 00:00:00.0000,  2.600313376337358E+09,  4.134515447245812E+09, -1.474525872786005E+08,
2447927.500000000, A.D. 1990-Feb-05 00:00:00.0000,  2.599889374913553E+09,  4.134753947954037E+09, -1.474164587414317E+08,
2447928.500000000, A.D. 1990-Feb-06 00:00:00.0000,  2.599465351899387E+09,  4.134992411888297E+09, -1.473803289624507E+08,
2447929.500000000, A.D. 1990-Feb-07 00:00:00.0000,  2.599041307303426E+09,  4.135230839054459E+09, -1.473441979418743E+08,
2447930.500000000, A.D. 1990-Feb-08 00:00:00.0000,  2.598617241134079E+09,  4.135469229458427E+09, -1.473080656799192E+08,
2447931.500000000, A.D. 1990-Feb-09 00:00:00.0000,  2.598193153399593E+09,  4.135707583106140E+09, -1.472719321768000E+08,
2447932.500000000, A.D. 1990-Feb-10 00:00:00.0000,  2.597769044108044E+09,  4.135945900003581E+09, -1.472357974327295E+08,
2447933.500000000, A.D. 1990-Feb-11 00:00:00.0000,  2.597344913267337E+09,  4.136184180156770E+09, -1.471996614479182E+08,
2447934.500000000, A.D. 1990-Feb-12 00:00:00.0000,  2.596920760885202E+09,  4.136422423571774E+09, -1.471635242225709E+08,
2447935.500000000, A.D. 1990-Feb-13 00:00:00.0000,  2.596496586969184E+09,  4.136660630254696E+09, -1.471273857568893E+08,
2447936.500000000, A.D. 1990-Feb-14 00:00:00.0000,  2.596072391526643E+09,  4.136898800211684E+09, -1.470912460510695E+08,
2447937.500000000, A.D. 1990-Feb-15 00:00:00.0000,  2.595648174564744E+09,  4.137136933448922E+09, -1.470551051053021E+08,
2447938.500000000, A.D. 1990-Feb-16 00:00:00.0000,  2.595223936090457E+09,  4.137375029972629E+09, -1.470189629197710E+08,
2447939.500000000, A.D. 1990-Feb-17 00:00:00.0000,  2.594799676110547E+09,  4.137613089789059E+09, -1.469828194946539E+08,
2447940.500000000, A.D. 1990-Feb-18 00:00:00.0000,  2.594375394631571E+09,  4.137851112904492E+09, -1.469466748301203E+08,
2447941.500000000, A.D. 1990-Feb-19 00:00:00.0000,  2.593951091659873E+09,  4.138089099325232E+09, -1.469105289263320E+08,
2447942.500000000, A.D. 1990-Feb-20 00:00:00.0000,  2.593526767201580E+09,  4.138327049057605E+09, -1.468743817834435E+08,
2447943.500000000, A.D. 1990-Feb-21 00:00:00.0000,  2.593102421262591E+09,  4.138564962107948E+09, -1.468382334015996E+08,
2447944.500000000, A.D. 1990-Feb-22 00:00:00.0000,  2.592678053848582E+09,  4.138802838482605E+09, -1.468020837809381E+08,
2447945.500000000, A.D. 1990-Feb-23 00:00:00.0000,  2.592253664964990E+09,  4.139040678187921E+09, -1.467659329215856E+08,
2447946.500000000, A.D. 1990-Feb-24 00:00:00.0000,  2.591829254617016E+09,  4.139278481230234E+09, -1.467297808236606E+08,
2447947.500000000, A.D. 1990-Feb-25 00:00:00.0000,  2.591404822809618E+09,  4.139516247615866E+09, -1.466936274872713E+08,
2447948.500000000, A.D. 1990-Feb-26 00:00:00.0000,  2.590980369547503E+09,  4.139753977351116E+09, -1.466574729125178E+08,
2447949.500000000, A.D. 1990-Feb-27 00:00:00.0000,  2.590555894835128E+09,  4.139991670442246E+09, -1.466213170994895E+08,
2447950.500000000, A.D. 1990-Feb-28 00:00:00.0000,  2.590131398676692E+09,  4.140229326895477E+09, -1.465851600482669E+08,
2447951.500000000, A.D. 1990-Mar-01 00:00:00.0000,  2.589706881076130E+09,  4.140466946716969E+09, -1.465490017589202E+08,
2447952.500000000, A.D. 1990-Mar-02 00:00:00.0000,  2.589282342037114E+09,  4.140704529912821E+09, -1.465128422315123E+08,
2447953.500000000, A.D. 1990-Mar-03 00:00:00.0000,  2.588857781563045E+09,  4.140942076489040E+09, -1.464766814660959E+08,
2447954.500000000, A.D. 1990-Mar-04 00:00:00.0000,  2.588433199657052E+09,  4.141179586451543E+09, -1.464405194627161E+08,
2447955.500000000, A.D. 1990-Mar-05 00:00:00.0000,  2.588008596321987E+09,  4.141417059806129E+09, -1.464043562214100E+08,
2447956.500000000, A.D. 1990-Mar-06 00:00:00.0000,  2.587583971560429E+09,  4.141654496558467E+09, -1.463681917422092E+08,
2447957.500000000, A.D. 1990-Mar-07 00:00:00.0000,  2.587159325374673E+09,  4.141891896714076E+09, -1.463320260251386E+08,
2447958.500000000, A.D. 1990-Mar-08 00:00:00.0000,  2.586734657766740E+09,  4.142129260278298E+09, -1.462958590702202E+08,
2447959.500000000, A.D. 1990-Mar-09 00:00:00.0000,  2.586309968738374E+09,  4.142366587256285E+09, -1.462596908774722E+08,
2447960.500000000, A.D. 1990-Mar-10 00:00:00.0000,  2.585885258291047E+09,  4.142603877652962E+09, -1.462235214469125E+08,
2447961.500000000, A.D. 1990-Mar-11 00:00:00.0000,  2.585460526425964E+09,  4.142841131473008E+09, -1.461873507785621E+08,
2447962.500000000, A.D. 1990-Mar-12 00:00:00.0000,  2.585035773144078E+09,  4.143078348720822E+09, -1.461511788724456E+08,
2447963.500000000, A.D. 1990-Mar-13 00:00:00.0000,  2.584610998446094E+09,  4.143315529400492E+09, -1.461150057285962E+08,
2447964.500000000, A.D. 1990-Mar-14 00:00:00.0000,  2.584186202332499E+09,  4.143552673515762E+09, -1.460788313470602E+08,
2447965.500000000, A.D. 1990-Mar-15 00:00:00.0000,  2.583761384803577E+09,  4.143789781069995E+09, -1.460426557279000E+08,
2447966.500000000, A.D. 1990-Mar-16 00:00:00.0000,  2.583336545859447E+09,  4.144026852066140E+09, -1.460064788712003E+08,
2447967.500000000, A.D. 1990-Mar-17 00:00:00.0000,  2.582911685500093E+09,  4.144263886506693E+09, -1.459703007770753E+08,
2447968.500000000, A.D. 1990-Mar-18 00:00:00.0000,  2.582486803725427E+09,  4.144500884393665E+09, -1.459341214456742E+08,
2447969.500000000, A.D. 1990-Mar-19 00:00:00.0000,  2.582061900535332E+09,  4.144737845728548E+09, -1.458979408771877E+08,
2447970.500000000, A.D. 1990-Mar-20 00:00:00.0000,  2.581636975929747E+09,  4.144974770512296E+09, -1.458617590718598E+08,
2447971.500000000, A.D. 1990-Mar-21 00:00:00.0000,  2.581212029908735E+09,  4.145211658745306E+09, -1.458255760299914E+08,
2447972.500000000, A.D. 1990-Mar-22 00:00:00.0000,  2.580787062472589E+09,  4.145448510427413E+09, -1.457893917519522E+08,
2447973.500000000, A.D. 1990-Mar-23 00:00:00.0000,  2.580362073621926E+09,  4.145685325557912E+09, -1.457532062381873E+08,
2447974.500000000, A.D. 1990-Mar-24 00:00:00.0000,  2.579937063357802E+09,  4.145922104135587E+09, -1.457170194892242E+08,
2447975.500000000, A.D. 1990-Mar-25 00:00:00.0000,  2.579512031681824E+09,  4.146158846158777E+09, -1.456808315056765E+08,
2447976.500000000, A.D. 1990-Mar-26 00:00:00.0000,  2.579086978596258E+09,  4.146395551625471E+09, -1.456446422882481E+08,
2447977.500000000, A.D. 1990-Mar-27 00:00:00.0000,  2.578661904104129E+09,  4.146632220533423E+09, -1.456084518377302E+08,
2447978.500000000, A.D. 1990-Mar-28 00:00:00.0000,  2.578236808209295E+09,  4.146868852880312E+09, -1.455722601549947E+08,
2447979.500000000, A.D. 1990-Mar-29 00:00:00.0000,  2.577811690916491E+09,  4.147105448663921E+09, -1.455360672409873E+08,
2447980.500000000, A.D. 1990-Mar-30 00:00:00.0000,  2.577386552231328E+09,  4.147342007882330E+09, -1.454998730967050E+08,
2447981.500000000, A.D. 1990-Mar-31 00:00:00.0000,  2.576961392160257E+09,  4.147578530534132E+09, -1.454636777231777E+08,
2447982.500000000, A.D. 1990-Apr-01 00:00:00.0000,  2.576536210710454E+09,  4.147815016618617E+09, -1.454274811214442E+08,
2447983.500000000, A.D. 1990-Apr-02 00:00:00.0000,  2.576111007889678E+09,  4.148051466135955E+09, -1.453912832925203E+08,
2447984.500000000, A.D. 1990-Apr-03 00:00:00.0000,  2.575685783706072E+09,  4.148287879087321E+09, -1.453550842373741E+08,
2447985.500000000, A.D. 1990-Apr-04 00:00:00.0000,  2.575260538167943E+09,  4.148524255474980E+09, -1.453188839568932E+08,
2447986.500000000, A.D. 1990-Apr-05 00:00:00.0000,  2.574835271283520E+09,  4.148760595302302E+09, -1.452826824518659E+08,
2447987.500000000, A.D. 1990-Apr-06 00:00:00.0000,  2.574409983060715E+09,  4.148996898573730E+09, -1.452464797229578E+08,
2447988.500000000, A.D. 1990-Apr-07 00:00:00.0000,  2.573984673506918E+09,  4.149233165294673E+09, -1.452102757707047E+08,
2447989.500000000, A.D. 1990-Apr-08 00:00:00.0000,  2.573559342628819E+09,  4.149469395471379E+09, -1.451740705955029E+08,
2447990.500000000, A.D. 1990-Apr-09 00:00:00.0000,  2.573133990432269E+09,  4.149705589110760E+09, -1.451378641976128E+08,
2447991.500000000, A.D. 1990-Apr-10 00:00:00.0000,  2.572708616922198E+09,  4.149941746220210E+09, -1.451016565771661E+08,
2447992.500000000, A.D. 1990-Apr-11 00:00:00.0000,  2.572283222102578E+09,  4.150177866807418E+09, -1.450654477341745E+08,
2447993.500000000, A.D. 1990-Apr-12 00:00:00.0000,  2.571857805976421E+09,  4.150413950880198E+09, -1.450292376685469E+08,
2447994.500000000, A.D. 1990-Apr-13 00:00:00.0000,  2.571432368545814E+09,  4.150649998446326E+09, -1.449930263801026E+08,
2447995.500000000, A.D. 1990-Apr-14 00:00:00.0000,  2.571006909811975E+09,  4.150886009513415E+09, -1.449568138685892E+08,
2447996.500000000, A.D. 1990-Apr-15 00:00:00.0000,  2.570581429775335E+09,  4.151121984088800E+09, -1.449206001336949E+08,
2447997.500000000, A.D. 1990-Apr-16 00:00:00.0000,  2.570155928435614E+09,  4.151357922179458E+09, -1.448843851750667E+08,
2447998.500000000, A.D. 1990-Apr-17 00:00:00.0000,  2.569730405791912E+09,  4.151593823791945E+09, -1.448481689923201E+08,
2447999.500000000, A.D. 1990-Apr-18 00:00:00.0000,  2.569304861842793E+09,  4.151829688932361E+09, -1.448119515850520E+08,
2448000.500000000, A.D. 1990-Apr-19 00:00:00.0000,  2.568879296586370E+09,  4.152065517606317E+09, -1.447757329528480E+08,
2448001.500000000, A.D. 1990-Apr-20 00:00:00.0000,  2.568453710020373E+09,  4.152301309818930E+09, -1.447395130952914E+08,
2448002.500000000, A.D. 1990-Apr-21 00:00:00.0000,  2.568028102142222E+09,  4.152537065574822E+09, -1.447032920119689E+08,
2448003.500000000, A.D. 1990-Apr-22 00:00:00.0000,  2.567602472949080E+09,  4.152772784878124E+09, -1.446670697024741E+08,
2448004.500000000, A.D. 1990-Apr-23 00:00:00.0000,  2.567176822437915E+09,  4.153008467732490E+09, -1.446308461664133E+08,
2448005.500000000, A.D. 1990-Apr-24 00:00:00.0000,  2.566751150605530E+09,  4.153244114141110E+09, -1.445946214034050E+08,
2448006.500000000, A.D. 1990-Apr-25 00:00:00.0000,  2.566325457448612E+09,  4.153479724106736E+09, -1.445583954130843E+08,
2448007.500000000, A.D. 1990-Apr-26 00:00:00.0000,  2.565899742963760E+09,  4.153715297631690E+09, -1.445221681951032E+08,
2448008.500000000, A.D. 1990-Apr-27 00:00:00.0000,  2.565474007147513E+09,  4.153950834717894E+09, -1.444859397491312E+08,
2448009.500000000, A.D. 1990-Apr-28 00:00:00.0000,  2.565048249996370E+09,  4.154186335366879E+09, -1.444497100748558E+08,
2448010.500000000, A.D. 1990-Apr-29 00:00:00.0000,  2.564622471506809E+09,  4.154421799579814E+09, -1.444134791719806E+08,
2448011.500000000, A.D. 1990-Apr-30 00:00:00.0000,  2.564196671675307E+09,  4.154657227357517E+09, -1.443772470402296E+08,
2448012.500000000, A.D. 1990-May-01 00:00:00.0000,  2.563770850498345E+09,  4.154892618700472E+09, -1.443410136793427E+08,
2448013.500000000, A.D. 1990-May-02 00:00:00.0000,  2.563345007972426E+09,  4.155127973608847E+09, -1.443047790890758E+08,
2448014.500000000, A.D. 1990-May-03 00:00:00.0000,  2.562919144094081E+09,  4.155363292082508E+09, -1.442685432692020E+08,
2448015.500000000, A.D. 1990-May-04 00:00:00.0000,  2.562493258859873E+09,  4.155598574121031E+09, -1.442323062195103E+08,
2448016.500000000, A.D. 1990-May-05 00:00:00.0000,  2.562067352266407E+09,  4.155833819723714E+09, -1.441960679398048E+08,
2448017.500000000, A.D. 1990-May-06 00:00:00.0000,  2.561641424310331E+09,  4.156069028889593E+09, -1.441598284299040E+08,
2448018.500000000, A.D. 1990-May-07 00:00:00.0000,  2.561215474988348E+09,  4.156304201617445E+09, -1.441235876896400E+08,
2448019.500000000, A.D. 1990-May-08 00:00:00.0000,  2.560789504297207E+09,  4.156539337905801E+09, -1.440873457188601E+08,
2448020.500000000, A.D. 1990-May-09 00:00:00.0000,  2.560363512233716E+09,  4.156774437752957E+09, -1.440511025174210E+08,
2448021.500000000, A.D. 1990-May-10 00:00:00.0000,  2.559937498794740E+09,  4.157009501156976E+09, -1.440148580851953E+08,
2448022.500000000, A.D. 1990-May-11 00:00:00.0000,  2.559511463977204E+09,  4.157244528115701E+09, -1.439786124220657E+08,
2448023.500000000, A.D. 1990-May-12 00:00:00.0000,  2.559085407778090E+09,  4.157479518626757E+09, -1.439423655279262E+08,
2448024.500000000, A.D. 1990-May-13 00:00:00.0000,  2.558659330194445E+09,  4.157714472687561E+09, -1.439061174026833E+08,
2448025.500000000, A.D. 1990-May-14 00:00:00.0000,  2.558233231223379E+09,  4.157949390295322E+09, -1.438698680462518E+08,
2448026.500000000, A.D. 1990-May-15 00:00:00.0000,  2.557807110862062E+09,  4.158184271447052E+09, -1.438336174585583E+08,
2448027.500000000, A.D. 1990-May-16 00:00:00.0000,  2.557380969107729E+09,  4.158419116139565E+09, -1.437973656395385E+08,
2448028.500000000, A.D. 1990-May-17 00:00:00.0000,  2.556954805957681E+09,  4.158653924369484E+09, -1.437611125891383E+08,
2448029.500000000, A.D. 1990-May-18 00:00:00.0000,  2.556528621409278E+09,  4.158888696133242E+09, -1.437248583073115E+08,
2448030.500000000, A.D. 1990-May-19 00:00:00.0000,  2.556102415459949E+09,  4.159123431427087E+09, -1.436886027940230E+08,
2448031.500000000, A.D. 1990-May-20 00:00:00.0000,  2.555676188107180E+09,  4.159358130247083E+09, -1.436523460492442E+08,
2448032.500000000, A.D. 1990-May-21 00:00:00.0000,  2.555249939348525E+09,  4.159592792589112E+09, -1.436160880729563E+08,
2448033.500000000, A.D. 1990-May-22 00:00:00.0000,  2.554823669181594E+09,  4.159827418448876E+09, -1.435798288651490E+08,
2448034.500000000, A.D. 1990-May-23 00:00:00.0000,  2.554397377604064E+09,  4.160062007821898E+09, -1.435435684258196E+08,
2448035.500000000, A.D. 1990-May-24 00:00:00.0000,  2.553971064613667E+09,  4.160296560703517E+09, -1.435073067549739E+08,
2448036.500000000, A.D. 1990-May-25 00:00:00.0000,  2.553544730208195E+09,  4.160531077088899E+09, -1.434710438526254E+08,
2448037.500000000, A.D. 1990-May-26 00:00:00.0000,  2.553118374385496E+09,  4.160765556973022E+09, -1.434347797187960E+08,
2448038.500000000, A.D. 1990-May-27 00:00:00.0000,  2.552691997143477E+09,  4.161000000350684E+09, -1.433985143535173E+08,
2448039.500000000, A.D. 1990-May-28 00:00:00.0000,  2.552265598480096E+09,  4.161234407216496E+09, -1.433622477568266E+08,
2448040.500000000, A.D. 1990-May-29 00:00:00.0000,  2.551839178393365E+09,  4.161468777564880E+09, -1.433259799287732E+08,
2448041.500000000, A.D. 1990-May-30 00:00:00.0000,  2.551412736881348E+09,  4.161703111390059E+09, -1.432897108694117E+08,
2448042.500000000, A.D. 1990-May-31 00:00:00.0000,  2.550986273942158E+09,  4.161937408686058E+09, -1.432534405788097E+08,
2448043.500000000, A.D. 1990-Jun-01 00:00:00.0000,  2.550559789573959E+09,  4.162171669446690E+09, -1.432171690570421E+08,
2448044.500000000, A.D. 1990-Jun-02 00:00:00.0000,  2.550133283774966E+09,  4.162405893665552E+09, -1.431808963041980E+08,
2448045.500000000, A.D. 1990-Jun-03 00:00:00.0000,  2.549706756543439E+09,  4.162640081336010E+09, -1.431446223203757E+08,
2448046.500000000, A.D. 1990-Jun-04 00:00:00.0000,  2.549280207877695E+09,  4.162874232451190E+09, -1.431083471056881E+08,
2448047.500000000, A.D. 1990-Jun-05 00:00:00.0000,  2.548853637776103E+09,  4.163108347003960E+09, -1.430720706602635E+08,
2448048.500000000, A.D. 1990-Jun-06 00:00:00.0000,  2.548427046237089E+09,  4.163342424986914E+09, -1.430357929842470E+08,
2448049.500000000, A.D. 1990-Jun-07 00:00:00.0000,  2.548000433259150E+09,  4.163576466392355E+09, -1.429995140778008E+08,
2448050.500000000, A.D. 1990-Jun-08 00:00:00.0000,  2.547573798840855E+09,  4.163810471212275E+09, -1.429632339411123E+08,
2448051.500000000, A.D. 1990-Jun-09 00:00:00.0000,  2.547147142980866E+09,  4.164044439438326E+09, -1.429269525743923E+08,
2448052.500000000, A.D. 1990-Jun-10 00:00:00.0000,  2.546720465677955E+09,  4.164278371061800E+09, -1.428906699778812E+08,
2448053.500000000, A.D. 1990-Jun-11 00:00:00.0000,  2.546293766931021E+09,  4.164512266073602E+09, -1.428543861518538E+08,
2448054.500000000, A.D. 1990-Jun-12 00:00:00.0000,  2.545867046739132E+09,  4.164746124464219E+09, -1.428181010966227E+08,
2448055.500000000, A.D. 1990-Jun-13 00:00:00.0000,  2.545440305101556E+09,  4.164979946223699E+09, -1.427818148125460E+08,
2448056.500000000, A.D. 1990-Jun-14 00:00:00.0000,  2.545013542017811E+09,  4.165213731341620E+09, -1.427455273000340E+08,
2448057.500000000, A.D. 1990-Jun-15 00:00:00.0000,  2.544586757487723E+09,  4.165447479807070E+09, -1.427092385595555E+08,
2448058.500000000, A.D. 1990-Jun-16 00:00:00.0000,  2.544159951511498E+09,  4.165681191608632E+09, -1.426729485916457E+08,
2448059.500000000, A.D. 1990-Jun-17 00:00:00.0000,  2.543733124089797E+09,  4.165914866734377E+09, -1.426366573969150E+08,
2448060.500000000, A.D. 1990-Jun-18 00:00:00.0000,  2.543306275223829E+09,  4.166148505171868E+09, -1.426003649760566E+08,
2448061.500000000, A.D. 1990-Jun-19 00:00:00.0000,  2.542879404915460E+09,  4.166382106908188E+09, -1.425640713298554E+08,
2448062.500000000, A.D. 1990-Jun-20 00:00:00.0000,  2.542452513167307E+09,  4.166615671929981E+09, -1.425277764591913E+08,
2448063.500000000, A.D. 1990-Jun-21 00:00:00.0000,  2.542025599982862E+09,  4.166849200223529E+09, -1.424914803650479E+08,
2448064.500000000, A.D. 1990-Jun-22 00:00:00.0000,  2.541598665366593E+09,  4.167082691774844E+09, -1.424551830485110E+08,
2448065.500000000, A.D. 1990-Jun-23 00:00:00.0000,  2.541171709324034E+09,  4.167316146569809E+09, -1.424188845107670E+08,
2448066.500000000, A.D. 1990-Jun-24 00:00:00.0000,  2.540744731861863E+09,  4.167549564594337E+09, -1.423825847530999E+08,
2448067.500000000, A.D. 1990-Jun-25 00:00:00.0000,  2.540317732987938E+09,  4.167782945834556E+09, -1.423462837768738E+08,
2448068.500000000, A.D. 1990-Jun-26 00:00:00.0000,  2.539890712711298E+09,  4.168016290277020E+09, -1.423099815835228E+08,
2448069.500000000, A.D. 1990-Jun-27 00:00:00.0000,  2.539463671042103E+09,  4.168249597908919E+09, -1.422736781745229E+08,
2448070.500000000, A.D. 1990-Jun-28 00:00:00.0000,  2.539036607991533E+09,  4.168482868718287E+09, -1.422373735513706E+08,
2448071.500000000, A.D. 1990-Jun-29 00:00:00.0000,  2.538609523571637E+09,  4.168716102694173E+09, -1.422010677155511E+08,
2448072.500000000, A.D. 1990-Jun-30 00:00:00.0000,  2.538182417795120E+09,  4.168949299826786E+09, -1.421647606685107E+08,
2448073.500000000, A.D. 1990-Jul-01 00:00:00.0000,  2.537755290675123E+09,  4.169182460107578E+09, -1.421284524116275E+08,
2448074.500000000, A.D. 1990-Jul-02 00:00:00.0000,  2.537328142224975E+09,  4.169415583529267E+09, -1.420921429461899E+08,
2448075.500000000, A.D. 1990-Jul-03 00:00:00.0000,  2.536900972457955E+09,  4.169648670085807E+09, -1.420558322733738E+08,
2448076.500000000, A.D. 1990-Jul-04 00:00:00.0000,  2.536473781387079E+09,  4.169881719772292E+09, -1.420195203942342E+08,
2448077.500000000, A.D. 1990-Jul-05 00:00:00.0000,  2.536046569024910E+09,  4.170114732584829E+09, -1.419832073096983E+08,
2448078.500000000, A.D. 1990-Jul-06 00:00:00.0000,  2.535619335383431E+09,  4.170347708520368E+09, -1.419468930205646E+08,
2448079.500000000, A.D. 1990-Jul-07 00:00:00.0000,  2.535192080473952E+09,  4.170580647576531E+09, -1.419105775275133E+08,
2448080.500000000, A.D. 1990-Jul-08 00:00:00.0000,  2.534764804307061E+09,  4.170813549751432E+09, -1.418742608311129E+08,
2448081.500000000, A.D. 1990-Jul-09 00:00:00.0000,  2.534337506892630E+09,  4.171046415043504E+09, -1.418379429318388E+08,
2448082.500000000, A.D. 1990-Jul-10 00:00:00.0000,  2.533910188239834E+09,  4.171279243451356E+09, -1.418016238300836E+08,
2448083.500000000, A.D. 1990-Jul-11 00:00:00.0000,  2.533482848357215E+09,  4.171512034973640E+09, -1.417653035261765E+08,
2448084.500000000, A.D. 1990-Jul-12 00:00:00.0000,  2.533055487252743E+09,  4.171744789608955E+09, -1.417289820203950E+08,
2448085.500000000, A.D. 1990-Jul-13 00:00:00.0000,  2.532628104933895E+09,  4.171977507355768E+09, -1.416926593129816E+08,
2448086.500000000, A.D. 1990-Jul-14 00:00:00.0000,  2.532200701407739E+09,  4.172210188212356E+09, -1.416563354041541E+08,
2448087.500000000, A.D. 1990-Jul-15 00:00:00.0000,  2.531773276681009E+09,  4.172442832176773E+09, -1.416200102941172E+08,
2448088.500000000, A.D. 1990-Jul-16 00:00:00.0000,  2.531345830760183E+09,  4.172675439246833E+09, -1.415836839830699E+08,
2448089.500000000, A.D. 1990-Jul-17 00:00:00.0000,  2.530918363651549E+09,  4.172908009420102E+09, -1.415473564712136E+08,
2448090.500000000, A.D. 1990-Jul-18 00:00:00.0000,  2.530490875361260E+09,  4.173140542693900E+09, -1.415110277587564E+08,
2448091.500000000, A.D. 1990-Jul-19 00:00:00.0000,  2.530063365895395E+09,  4.173373039065317E+09, -1.414746978459198E+08,
2448092.500000000, A.D. 1990-Jul-20 00:00:00.0000,  2.529635835259996E+09,  4.173605498531224E+09, -1.414383667329381E+08,
2448093.500000000, A.D. 1990-Jul-21 00:00:00.0000,  2.529208283461110E+09,  4.173837921088298E+09, -1.414020344200635E+08,
2448094.500000000, A.D. 1990-Jul-22 00:00:00.0000,  2.528780710504813E+09,  4.174070306733042E+09, -1.413657009075651E+08,
2448095.500000000, A.D. 1990-Jul-23 00:00:00.0000,  2.528353116397242E+09,  4.174302655461805E+09, -1.413293661957321E+08,
2448096.500000000, A.D. 1990-Jul-24 00:00:00.0000,  2.527925501144606E+09,  4.174534967270810E+09, -1.412930302848711E+08,
2448097.500000000, A.D. 1990-Jul-25 00:00:00.0000,  2.527497864753208E+09,  4.174767242156173E+09, -1.412566931753092E+08,
2448098.500000000, A.D. 1990-Jul-26 00:00:00.0000,  2.527070207229452E+09,  4.174999480113922E+09, -1.412203548673902E+08,
2448099.500000000, A.D. 1990-Jul-27 00:00:00.0000,  2.526642528579851E+09,  4.175231681140025E+09, -1.411840153614759E+08,
2448100.500000000, A.D. 1990-Jul-28 00:00:00.0000,  2.526214828811031E+09,  4.175463845230403E+09, -1.411476746579454E+08,
2448101.500000000, A.D. 1990-Jul-29 00:00:00.0000,  2.525787107929738E+09,  4.175695972380951E+09, -1.411113327571929E+08,
2448102.500000000, A.D. 1990-Jul-30 00:00:00.0000,  2.525359365942832E+09,  4.175928062587553E+09, -1.410749896596282E+08,
2448103.500000000, A.D. 1990-Jul-31 00:00:00.0000,  2.524931602857289E+09,  4.176160115846095E+09, -1.410386453656738E+08,
2448104.500000000, A.D. 1990-Aug-01 00:00:00.0000,  2.524503818680204E+09,  4.176392132152484E+09, -1.410022998757656E+08,
2448105.500000000, A.D. 1990-Aug-02 00:00:00.0000,  2.524076013418779E+09,  4.176624111502660E+09, -1.409659531903510E+08,
2448106.500000000, A.D. 1990-Aug-03 00:00:00.0000,  2.523648187080323E+09,  4.176856053892604E+09, -1.409296053098888E+08,
2448107.500000000, A.D. 1990-Aug-04 00:00:00.0000,  2.523220339672247E+09,  4.177087959318350E+09, -1.408932562348456E+08,
2448108.500000000, A.D. 1990-Aug-05 00:00:00.0000,  2.522792471202060E+09,  4.177319827775994E+09, -1.408569059656978E+08,
2448109.500000000, A.D. 1990-Aug-06 00:00:00.0000,  2.522364581677360E+09,  4.177551659261707E+09, -1.408205545029292E+08,
2448110.500000000, A.D. 1990-Aug-07 00:00:00.0000,  2.521936671105827E+09,  4.177783453771734E+09, -1.407842018470294E+08,
2448111.500000000, A.D. 1990-Aug-08 00:00:00.0000,  2.521508739495221E+09,  4.178015211302410E+09, -1.407478479984951E+08,
2448112.500000000, A.D. 1990-Aug-09 00:00:00.0000,  2.521080786853369E+09,  4.178246931850156E+09, -1.407114929578259E+08,
2448113.500000000, A.D. 1990-Aug-10 00:00:00.0000,  2.520652813188160E+09,  4.178478615411494E+09, -1.406751367255268E+08,
2448114.500000000, A.D. 1990-Aug-11 00:00:00.0000,  2.520224818507541E+09,  4.178710261983044E+09, -1.406387793021054E+08,
2448115.500000000, A.D. 1990-Aug-12 00:00:00.0000,  2.519796802819500E+09,  4.178941871561531E+09, -1.406024206880705E+08,
2448116.500000000, A.D. 1990-Aug-13 00:00:00.0000,  2.519368766132069E+09,  4.179173444143785E+09, -1.405660608839338E+08,
2448117.500000000, A.D. 1990-Aug-14 00:00:00.0000,  2.518940708453306E+09,  4.179404979726750E+09, -1.405296998902073E+08,
2448118.500000000, A.D. 1990-Aug-15 00:00:00.0000,  2.518512629791294E+09,  4.179636478307474E+09, -1.404933377074027E+08,
2448119.500000000, A.D. 1990-Aug-16 00:00:00.0000,  2.518084530154126E+09,  4.179867939883121E+09, -1.404569743360310E+08,
2448120.500000000, A.D. 1990-Aug-17 00:00:00.0000,  2.517656409549901E+09,  4.180099364450964E+09, -1.404206097766027E+08,
2448121.500000000, A.D. 1990-Aug-18 00:00:00.0000,  2.517228267986714E+09,  4.180330752008387E+09, -1.403842440296266E+08,
2448122.500000000, A.D. 1990-Aug-19 00:00:00.0000,  2.516800105472647E+09,  4.180562102552883E+09, -1.403478770956070E+08,
2448123.500000000, A.D. 1990-Aug-20 00:00:00.0000,  2.516371922015759E+09,  4.180793416082050E+09, -1.403115089750478E+08,
2448124.500000000, A.D. 1990-Aug-21 00:00:00.0000,  2.515943717624077E+09,  4.181024692593593E+09, -1.402751396684492E+08,
2448125.500000000, A.D. 1990-Aug-22 00:00:00.0000,  2.515515492305589E+09,  4.181255932085310E+09, -1.402387691763062E+08,
2448126.500000000, A.D. 1990-Aug-23 00:00:00.0000,  2.515087246068230E+09,  4.181487134555099E+09, -1.402023974991114E+08,
2448127.500000000, A.D. 1990-Aug-24 00:00:00.0000,  2.514658978919882E+09,  4.181718300000941E+09, -1.401660246373529E+08,
2448128.500000000, A.D. 1990-Aug-25 00:00:00.0000,  2.514230690868354E+09,  4.181949428420897E+09, -1.401296505915146E+08,
2448129.500000000, A.D. 1990-Aug-26 00:00:00.0000,  2.513802381921381E+09,  4.182180519813102E+09, -1.400932753620758E+08,
2448130.500000000, A.D. 1990-Aug-27 00:00:00.0000,  2.513374052086611E+09,  4.182411574175749E+09, -1.400568989495120E+08,
2448131.500000000, A.D. 1990-Aug-28 00:00:00.0000,  2.512945701371602E+09,  4.182642591507078E+09, -1.400205213542948E+08,
2448132.500000000, A.D. 1990-Aug-29 00:00:00.0000,  2.512517329783809E+09,  4.182873571805368E+09, -1.399841425768924E+08,
2448133.500000000, A.D. 1990-Aug-30 00:00:00.0000,  2.512088937330582E+09,  4.183104515068914E+09, -1.399477626177714E+08,
2448134.500000000, A.D. 1990-Aug-31 00:00:00.0000,  2.511660524019158E+09,  4.183335421296014E+09, -1.399113814773953E+08,
2448135.500000000, A.D. 1990-Sep-01 00:00:00.0000,  2.511232089856660E+09,  4.183566290484948E+09, -1.398749991562290E+08,
2448136.500000000, A.D. 1990-Sep-02 00:00:00.0000,  2.510803634850091E+09,  4.183797122633956E+09, -1.398386156547370E+08,
2448137.500000000, A.D. 1990-Sep-03 00:00:00.0000,  2.510375159006338E+09,  4.184027917741213E+09, -1.398022309733894E+08,
2448138.500000000, A.D. 1990-Sep-04 00:00:00.0000,  2.509946662332176E+09,  4.184258675804803E+09, -1.397658451126599E+08,
2448139.500000000, A.D. 1990-Sep-05 00:00:00.0000,  2.509518144834276E+09,  4.184489396822690E+09, -1.397294580730331E+08,
2448140.500000000, A.D. 1990-Sep-06 00:00:00.0000,  2.509089606519215E+09,  4.184720080792688E+09, -1.396930698550062E+08,
2448141.500000000, A.D. 1990-Sep-07 00:00:00.0000,  2.508661047393496E+09,  4.184950727712422E+09, -1.396566804590929E+08,
2448142.500000000, A.D. 1990-Sep-08 00:00:00.0000,  2.508232467463576E+09,  4.185181337579306E+09, -1.396202898858287E+08,
2448143.500000000, A.D. 1990-Sep-09 00:00:00.0000,  2.507803866735895E+09,  4.185411910390497E+09, -1.395838981357787E+08,
2448144.500000000, A.D. 1990-Sep-10 00:00:00.0000,  2.507375245216921E+09,  4.185642446142869E+09, -1.395475052095397E+08,
2448145.500000000, A.D. 1990-Sep-11 00:00:00.0000,  2.506946602913206E+09,  4.185872944832989E+09, -1.395111111077538E+08,
2448146.500000000, A.D. 1990-Sep-12 00:00:00.0000,  2.506517939831448E+09,  4.186103406457081E+09, -1.394747158311083E+08,
2448147.500000000, A.D. 1990-Sep-13 00:00:00.0000,  2.506089255978564E+09,  4.186333831011029E+09, -1.394383193803511E+08,
2448148.500000000, A.D. 1990-Sep-14 00:00:00.0000,  2.505660551361785E+09,  4.186564218490362E+09, -1.394019217562926E+08,
2448149.500000000, A.D. 1990-Sep-15 00:00:00.0000,  2.505231825988749E+09,  4.186794568890281E+09, -1.393655229598184E+08,
2448150.500000000, A.D. 1990-Sep-16 00:00:00.0000,  2.504803079867605E+09,  4.187024882205692E+09, -1.393291229918919E+08,
2448151.500000000, A.D. 1990-Sep-17 00:00:00.0000,  2.504374313007119E+09,  4.187255158431274E+09, -1.392927218535588E+08,
2448152.500000000, A.D. 1990-Sep-18 00:00:00.0000,  2.503945525416781E+09,  4.187485397561573E+09, -1.392563195459518E+08,
2448153.500000000, A.D. 1990-Sep-19 00:00:00.0000,  2.503516717106892E+09,  4.187715599591122E+09, -1.392199160702853E+08,
2448154.500000000, A.D. 1990-Sep-20 00:00:00.0000,  2.503087888088632E+09,  4.187945764514602E+09, -1.391835114278495E+08,
2448155.500000000, A.D. 1990-Sep-21 00:00:00.0000,  2.502659038374094E+09,  4.188175892327022E+09, -1.391471056200004E+08,
2448156.500000000, A.D. 1990-Sep-22 00:00:00.0000,  2.502230167976281E+09,  4.188405983023915E+09, -1.391106986481407E+08,
2448157.500000000, A.D. 1990-Sep-23 00:00:00.0000,  2.501801276909045E+09,  4.188636036601545E+09, -1.390742905136981E+08,
2448158.500000000, A.D. 1990-Sep-24 00:00:00.0000,  2.501372365186984E+09,  4.188866053057102E+09, -1.390378812181003E+08,
2448159.500000000, A.D. 1990-Sep-25 00:00:00.0000,  2.500943432825274E+09,  4.189096032388869E+09, -1.390014707627449E+08,
2448160.500000000, A.D. 1990-Sep-26 00:00:00.0000,  2.500514479839470E+09,  4.189325974596353E+09, -1.389650591489720E+08,
2448161.500000000, A.D. 1990-Sep-27 00:00:00.0000,  2.500085506245277E+09,  4.189555879680359E+09, -1.389286463780336E+08,
2448162.500000000, A.D. 1990-Sep-28 00:00:00.0000,  2.499656512058300E+09,  4.189785747643004E+09, -1.388922324510722E+08,
2448163.500000000, A.D. 1990-Sep-29 00:00:00.0000,  2.499227497293808E+09,  4.190015578487674E+09, -1.388558173691006E+08,
2448164.500000000, A.D. 1990-Sep-30 00:00:00.0000,  2.498798461966513E+09,  4.190245372218920E+09, -1.388194011329918E+08,
2448165.500000000, A.D. 1990-Oct-01 00:00:00.0000,  2.498369406090399E+09,  4.190475128842323E+09, -1.387829837434731E+08,
2448166.500000000, A.D. 1990-Oct-02 00:00:00.0000,  2.497940329678578E+09,  4.190704848364314E+09, -1.387465652011254E+08,
2448167.500000000, A.D. 1990-Oct-03 00:00:00.0000,  2.497511232743205E+09,  4.190934530791990E+09, -1.387101455063939E+08,
2448168.500000000, A.D. 1990-Oct-04 00:00:00.0000,  2.497082115295437E+09,  4.191164176132929E+09, -1.386737246595962E+08,
2448169.500000000, A.D. 1990-Oct-05 00:00:00.0000,  2.496652977345433E+09,  4.191393784395013E+09, -1.386373026609380E+08,
2448170.500000000, A.D. 1990-Oct-06 00:00:00.0000,  2.496223818902379E+09,  4.191623355586270E+09, -1.386008795105267E+08,
2448171.500000000, A.D. 1990-Oct-07 00:00:00.0000,  2.495794639974548E+09,  4.191852889714738E+09, -1.385644552083898E+08,
2448172.500000000, A.D. 1990-Oct-08 00:00:00.0000,  2.495365440569368E+09,  4.192082386788362E+09, -1.385280297544875E+08,
2448173.500000000, A.D. 1990-Oct-09 00:00:00.0000,  2.494936220693509E+09,  4.192311846814902E+09, -1.384916031487291E+08,
2448174.500000000, A.D. 1990-Oct-10 00:00:00.0000,  2.494506980352952E+09,  4.192541269801872E+09, -1.384551753909822E+08,
2448175.500000000, A.D. 1990-Oct-11 00:00:00.0000,  2.494077719553085E+09,  4.192770655756504E+09, -1.384187464810870E+08,
2448176.500000000, A.D. 1990-Oct-12 00:00:00.0000,  2.493648438298766E+09,  4.193000004685708E+09, -1.383823164188612E+08,
2448177.500000000, A.D. 1990-Oct-13 00:00:00.0000,  2.493219136594404E+09,  4.193229316596076E+09, -1.383458852041128E+08,
2448178.500000000, A.D. 1990-Oct-14 00:00:00.0000,  2.492789814444016E+09,  4.193458591493863E+09, -1.383094528366401E+08,
2448179.500000000, A.D. 1990-Oct-15 00:00:00.0000,  2.492360471851283E+09,  4.193687829384995E+09, -1.382730193162379E+08,
2448180.500000000, A.D. 1990-Oct-16 00:00:00.0000,  2.491931108819595E+09,  4.193917030275083E+09, -1.382365846427047E+08,
2448181.500000000, A.D. 1990-Oct-17 00:00:00.0000,  2.491501725352097E+09,  4.194146194169431E+09, -1.382001488158386E+08,
2448182.500000000, A.D. 1990-Oct-18 00:00:00.0000,  2.491072321451716E+09,  4.194375321073051E+09, -1.381637118354445E+08,
2448183.500000000, A.D. 1990-Oct-19 00:00:00.0000,  2.490642897121197E+09,  4.194604410990679E+09, -1.381272737013323E+08,
2448184.500000000, A.D. 1990-Oct-20 00:00:00.0000,  2.490213452363120E+09,  4.194833463926790E+09, -1.380908344133172E+08,
2448185.500000000, A.D. 1990-Oct-21 00:00:00.0000,  2.489783987179920E+09,  4.195062479885616E+09, -1.380543939712214E+08,
2448186.500000000, A.D. 1990-Oct-22 00:00:00.0000,  2.489354501573906E+09,  4.195291458871156E+09, -1.380179523748746E+08,
2448187.500000000, A.D. 1990-Oct-23 00:00:00.0000,  2.488924995547272E+09,  4.195520400887192E+09, -1.379815096241109E+08,
2448188.500000000, A.D. 1990-Oct-24 00:00:00.0000,  2.488495469102103E+09,  4.195749305937304E+09, -1.379450657187712E+08,
2448189.500000000, A.D. 1990-Oct-25 00:00:00.0000,  2.488065922240389E+09,  4.195978174024880E+09, -1.379086206587009E+08,
2448190.500000000, A.D. 1990-Oct-26 00:00:00.0000,  2.487636354964027E+09,  4.196207005153123E+09, -1.378721744437501E+08,
2448191.500000000, A.D. 1990-Oct-27 00:00:00.0000,  2.487206767274828E+09,  4.196435799325064E+09, -1.378357270737741E+08,
2448192.500000000, A.D. 1990-Oct-28 00:00:00.0000,  2.486777159174518E+09,  4.196664556543569E+09, -1.377992785486288E+08,
2448193.500000000, A.D. 1990-Oct-29 00:00:00.0000,  2.486347530664745E+09,  4.196893276811348E+09, -1.377628288681774E+08,
2448194.500000000, A.D. 1990-Oct-30 00:00:00.0000,  2.485917881747076E+09,  4.197121960130956E+09, -1.377263780322812E+08,
2448195.500000000, A.D. 1990-Oct-31 00:00:00.0000,  2.485488212423002E+09,  4.197350606504803E+09, -1.376899260408056E+08,
2448196.500000000, A.D. 1990-Nov-01 00:00:00.0000,  2.485058522693937E+09,  4.197579215935157E+09, -1.376534728936167E+08,
2448197.500000000, A.D. 1990-Nov-02 00:00:00.0000,  2.484628812561221E+09,  4.197807788424146E+09, -1.376170185905802E+08,
2448198.500000000, A.D. 1990-Nov-03 00:00:00.0000,  2.484199082026116E+09,  4.198036323973764E+09, -1.375805631315646E+08,
2448199.500000000, A.D. 1990-Nov-04 00:00:00.0000,  2.483769331089814E+09,  4.198264822585869E+09, -1.375441065164349E+08,
2448200.500000000, A.D. 1990-Nov-05 00:00:00.0000,  2.483339559753425E+09,  4.198493284262188E+09, -1.375076487450590E+08,
2448201.500000000, A.D. 1990-Nov-06 00:00:00.0000,  2.482909768017989E+09,  4.198721709004319E+09, -1.374711898173022E+08,
2448202.500000000, A.D. 1990-Nov-07 00:00:00.0000,  2.482479955884467E+09,  4.198950096813728E+09, -1.374347297330287E+08,
2448203.500000000, A.D. 1990-Nov-08 00:00:00.0000,  2.482050123353744E+09,  4.199178447691750E+09, -1.373982684921010E+08,
2448204.500000000, A.D. 1990-Nov-09 00:00:00.0000,  2.481620270426629E+09,  4.199406761639589E+09, -1.373618060943801E+08,
2448205.500000000, A.D. 1990-Nov-10 00:00:00.0000,  2.481190397103852E+09,  4.199635038658321E+09, -1.373253425397263E+08,
2448206.500000000, A.D. 1990-Nov-11 00:00:00.0000,  2.480760503386065E+09,  4.199863278748885E+09, -1.372888778279963E+08,
2448207.500000000, A.D. 1990-Nov-12 00:00:00.0000,  2.480330589273839E+09,  4.200091481912086E+09, -1.372524119590452E+08,
2448208.500000000, A.D. 1990-Nov-13 00:00:00.0000,  2.479900654767668E+09,  4.200319648148595E+09, -1.372159449327259E+08,
2448209.500000000, A.D. 1990-Nov-14 00:00:00.0000,  2.479470699867963E+09,  4.200547777458940E+09, -1.371794767488887E+08,
2448210.500000000, A.D. 1990-Nov-15 00:00:00.0000,  2.479040724575051E+09,  4.200775869843505E+09, -1.371430074073830E+08,
2448211.500000000, A.D. 1990-Nov-16 00:00:00.0000,  2.478610728889177E+09,  4.201003925302531E+09, -1.371065369080541E+08,
2448212.500000000, A.D. 1990-Nov-17 00:00:00.0000,  2.478180712810502E+09,  4.201231943836102E+09, -1.370700652507458E+08,
2448213.500000000, A.D. 1990-Nov-18 00:00:00.0000,  2.477750676339100E+09,  4.201459925444149E+09, -1.370335924353008E+08,
2448214.500000000, A.D. 1990-Nov-19 00:00:00.0000,  2.477320619474959E+09,  4.201687870126439E+09, -1.369971184615588E+08,
2448215.500000000, A.D. 1990-Nov-20 00:00:00.0000,  2.476890542217978E+09,  4.201915777882565E+09, -1.369606433293588E+08,
2448216.500000000, A.D. 1990-Nov-21 00:00:00.0000,  2.476460444567967E+09,  4.202143648711950E+09, -1.369241670385392E+08,
2448217.500000000, A.D. 1990-Nov-22 00:00:00.0000,  2.476030326524646E+09,  4.202371482613821E+09, -1.368876895889366E+08,
2448218.500000000, A.D. 1990-Nov-23 00:00:00.0000,  2.475600188087646E+09,  4.202599279587215E+09, -1.368512109803901E+08,
2448219.500000000, A.D. 1990-Nov-24 00:00:00.0000,  2.475170029256506E+09,  4.202827039630956E+09, -1.368147312127368E+08,
2448220.500000000, A.D. 1990-Nov-25 00:00:00.0000,  2.474739850030678E+09,  4.203054762743647E+09, -1.367782502858183E+08,
2448221.500000000, A.D. 1990-Nov-26 00:00:00.0000,  2.474309650409520E+09,  4.203282448923656E+09, -1.367417681994796E+08,
2448222.500000000, A.D. 1990-Nov-27 00:00:00.0000,  2.473879430392311E+09,  4.203510098169096E+09, -1.367052849535682E+08,
2448223.500000000, A.D. 1990-Nov-28 00:00:00.0000,  2.473449189978244E+09,  4.203737710477811E+09, -1.366688005479410E+08,
2448224.500000000, A.D. 1990-Nov-29 00:00:00.0000,  2.473018929166438E+09,  4.203965285847352E+09, -1.366323149824617E+08,
2448225.500000000, A.D. 1990-Nov-30 00:00:00.0000,  2.472588647955945E+09,  4.204192824274955E+09, -1.365958282570055E+08,
2448226.500000000, A.D. 1990-Dec-01 00:00:00.0000,  2.472158346345761E+09,  4.204420325757518E+09, -1.365593403714640E+08,
2448227.500000000, A.D. 1990-Dec-02 00:00:00.0000,  2.471728024334840E+09,  4.204647790291571E+09, -1.365228513257427E+08,
2448228.500000000, A.D. 1990-Dec-03 00:00:00.0000,  2.471297681922120E+09,  4.204875217873252E+09, -1.364863611197734E+08,
2448229.500000000, A.D. 1990-Dec-04 00:00:00.0000,  2.470867319106542E+09,  4.205102608498273E+09, -1.364498697535114E+08,
2448230.500000000, A.D. 1990-Dec-05 00:00:00.0000,  2.470436935887086E+09,  4.205329962161891E+09, -1.364133772269466E+08,
2448231.500000000, A.D. 1990-Dec-06 00:00:00.0000,  2.470006532262815E+09,  4.205557278858876E+09, -1.363768835401070E+08,
2448232.500000000, A.D. 1990-Dec-07 00:00:00.0000,  2.469576108232917E+09,  4.205784558583486E+09, -1.363403886930652E+08,
2448233.500000000, A.D. 1990-Dec-08 00:00:00.0000,  2.469145663796773E+09,  4.206011801329436E+09, -1.363038926859469E+08,
2448234.500000000, A.D. 1990-Dec-09 00:00:00.0000,  2.468715198954029E+09,  4.206239007089887E+09, -1.362673955189400E+08,
2448235.500000000, A.D. 1990-Dec-10 00:00:00.0000,  2.468284713704672E+09,  4.206466175857430E+09, -1.362308971923003E+08,
2448236.500000000, A.D. 1990-Dec-11 00:00:00.0000,  2.467854208049130E+09,  4.206693307624095E+09, -1.361943977063639E+08,
2448237.500000000, A.D. 1990-Dec-12 00:00:00.0000,  2.467423681988378E+09,  4.206920402381371E+09, -1.361578970615501E+08,
2448238.500000000, A.D. 1990-Dec-13 00:00:00.0000,  2.466993135524038E+09,  4.207147460120249E+09, -1.361213952583721E+08,
2448239.500000000, A.D. 1990-Dec-14 00:00:00.0000,  2.466562568658508E+09,  4.207374480831293E+09, -1.360848922974391E+08,
2448240.500000000, A.D. 1990-Dec-15 00:00:00.0000,  2.466131981395055E+09,  4.207601464504741E+09, -1.360483881794598E+08,
2448241.500000000, A.D. 1990-Dec-16 00:00:00.0000,  2.465701373737920E+09,  4.207828411130634E+09, -1.360118829052384E+08,
2448242.500000000, A.D. 1990-Dec-17 00:00:00.0000,  2.465270745692386E+09,  4.208055320698979E+09, -1.359753764756711E+08,
2448243.500000000, A.D. 1990-Dec-18 00:00:00.0000,  2.464840097264815E+09,  4.208282193199936E+09, -1.359388688917317E+08,
2448244.500000000, A.D. 1990-Dec-19 00:00:00.0000,  2.464409428462657E+09,  4.208509028624022E+09, -1.359023601544566E+08,
2448245.500000000, A.D. 1990-Dec-20 00:00:00.0000,  2.463978739294381E+09,  4.208735826962317E+09, -1.358658502649219E+08,
2448246.500000000, A.D. 1990-Dec-21 00:00:00.0000,  2.463548029769379E+09,  4.208962588206675E+09, -1.358293392242165E+08,
2448247.500000000, A.D. 1990-Dec-22 00:00:00.0000,  2.463117299897807E+09,  4.209189312349886E+09, -1.357928270334163E+08,
2448248.500000000, A.D. 1990-Dec-23 00:00:00.0000,  2.462686549690384E+09,  4.209415999385816E+09, -1.357563136935525E+08,
2448249.500000000, A.D. 1990-Dec-24 00:00:00.0000,  2.462255779158165E+09,  4.209642649309484E+09, -1.357197992055855E+08,
2448250.500000000, A.D. 1990-Dec-25 00:00:00.0000,  2.461824988312301E+09,  4.209869262117086E+09, -1.356832835703807E+08,
2448251.500000000, A.D. 1990-Dec-26 00:00:00.0000,  2.461394177163796E+09,  4.210095837805945E+09, -1.356467667886908E+08,
2448252.500000000, A.D. 1990-Dec-27 00:00:00.0000,  2.460963345723309E+09,  4.210322376374423E+09, -1.356102488611450E+08,
2448253.500000000, A.D. 1990-Dec-28 00:00:00.0000,  2.460532494000970E+09,  4.210548877821783E+09, -1.355737297882411E+08,
2448254.500000000, A.D. 1990-Dec-29 00:00:00.0000,  2.460101622006247E+09,  4.210775342148020E+09, -1.355372095703518E+08,
2448255.500000000, A.D. 1990-Dec-30 00:00:00.0000,  2.459670729747869E+09,  4.211001769353686E+09, -1.355006882077293E+08,
2448256.500000000, A.D. 1990-Dec-31 00:00:00.0000,  2.459239817233788E+09,  4.211228159439702E+09, -1.354641657005148E+08,
2448257.500000000, A.D. 1991-Jan-01 00:00:00.0000,  2.458808884471173E+09,  4.211454512407197E+09, -1.354276420487573E+08,
2448258.500000000, A.D. 1991-Jan-02 00:00:00.0000,  2.458377931466455E+09,  4.211680828257355E+09, -1.353911172524252E+08,
2448259.500000000, A.D. 1991-Jan-03 00:00:00.0000,  2.457946958225376E+09,  4.211907106991287E+09, -1.353545913114238E+08,
2448260.500000000, A.D. 1991-Jan-04 00:00:00.0000,  2.457515964753070E+09,  4.212133348609930E+09, -1.353180642256105E+08,
2448261.500000000, A.D. 1991-Jan-05 00:00:00.0000,  2.457084951054139E+09,  4.212359553113972E+09, -1.352815359948080E+08,
2448262.500000000, A.D. 1991-Jan-06 00:00:00.0000,  2.456653917132740E+09,  4.212585720503795E+09, -1.352450066188185E+08,
2448263.500000000, A.D. 1991-Jan-07 00:00:00.0000,  2.456222862992664E+09,  4.212811850779439E+09, -1.352084760974307E+08,
2448264.500000000, A.D. 1991-Jan-08 00:00:00.0000,  2.455791788637422E+09,  4.213037943940589E+09, -1.351719444304345E+08,
2448265.500000000, A.D. 1991-Jan-09 00:00:00.0000,  2.455360694070305E+09,  4.213263999986559E+09, -1.351354116176205E+08,
2448266.500000000, A.D. 1991-Jan-10 00:00:00.0000,  2.454929579294455E+09,  4.213490018916303E+09, -1.350988776587932E+08,
2448267.500000000, A.D. 1991-Jan-11 00:00:00.0000,  2.454498444312915E+09,  4.213716000728422E+09, -1.350623425537701E+08,
2448268.500000000, A.D. 1991-Jan-12 00:00:00.0000,  2.454067289128683E+09,  4.213941945421185E+09, -1.350258063023887E+08,
2448269.500000000, A.D. 1991-Jan-13 00:00:00.0000,  2.453636113744747E+09,  4.214167852992542E+09, -1.349892689045057E+08,
2448270.500000000, A.D. 1991-Jan-14 00:00:00.0000,  2.453204918164118E+09,  4.214393723440153E+09, -1.349527303600001E+08,
2448271.500000000, A.D. 1991-Jan-15 00:00:00.0000,  2.452773702389864E+09,  4.214619556761404E+09, -1.349161906687753E+08,
2448272.500000000, A.D. 1991-Jan-16 00:00:00.0000,  2.452342466425129E+09,  4.214845352953432E+09, -1.348796498307557E+08,
2448273.500000000, A.D. 1991-Jan-17 00:00:00.0000,  2.451911210273149E+09,  4.215071112013149E+09, -1.348431078458920E+08,
2448274.500000000, A.D. 1991-Jan-18 00:00:00.0000,  2.451479933937273E+09,  4.215296833937263E+09, -1.348065647141566E+08,
2448275.500000000, A.D. 1991-Jan-19 00:00:00.0000,  2.451048637420969E+09,  4.215522518722296E+09, -1.347700204355459E+08,
2448276.500000000, A.D. 1991-Jan-20 00:00:00.0000,  2.450617320727834E+09,  4.215748166364606E+09, -1.347334750100780E+08,
2448277.500000000, A.D. 1991-Jan-21 00:00:00.0000,  2.450185983861603E+09,  4.215973776860404E+09, -1.346969284377937E+08,
2448278.500000000, A.D. 1991-Jan-22 00:00:00.0000,  2.449754626826150E+09,  4.216199350205776E+09, -1.346603807187548E+08,
2448279.500000000, A.D. 1991-Jan-23 00:00:00.0000,  2.449323249625495E+09,  4.216424886396689E+09, -1.346238318530428E+08,
2448280.500000000, A.D. 1991-Jan-24 00:00:00.0000,  2.448891852263803E+09,  4.216650385429016E+09, -1.345872818407595E+08,
2448281.500000000, A.D. 1991-Jan-25 00:00:00.0000,  2.448460434745384E+09,  4.216875847298541E+09, -1.345507306820254E+08,
2448282.500000000, A.D. 1991-Jan-26 00:00:00.0000,  2.448028997074697E+09,  4.217101272000979E+09, -1.345141783769794E+08,
2448283.500000000, A.D. 1991-Jan-27 00:00:00.0000,  2.447597539256343E+09,  4.217326659531984E+09, -1.344776249257760E+08,
2448284.500000000, A.D. 1991-Jan-28 00:00:00.0000,  2.447166061295070E+09,  4.217552009887157E+09, -1.344410703285887E+08,
2448285.500000000, A.D. 1991-Jan-29 00:00:00.0000,  2.446734563195764E+09,  4.217777323062063E+09, -1.344045145856049E+08,
2448286.500000000, A.D. 1991-Jan-30 00:00:00.0000,  2.446303044963454E+09,  4.218002599052234E+09, -1.343679576970274E+08,
2448287.500000000, A.D. 1991-Jan-31 00:00:00.0000,  2.445871506603301E+09,  4.218227837853179E+09, -1.343313996630745E+08,
2448288.500000000, A.D. 1991-Feb-01 00:00:00.0000,  2.445439948120604E+09,  4.218453039460395E+09, -1.342948404839764E+08,
2448289.500000000, A.D. 1991-Feb-02 00:00:00.0000,  2.445008369520785E+09,  4.218678203869368E+09, -1.342582801599786E+08,
2448290.500000000, A.D. 1991-Feb-03 00:00:00.0000,  2.444576770809396E+09,  4.218903331075583E+09, -1.342217186913376E+08,
2448291.500000000, A.D. 1991-Feb-04 00:00:00.0000,  2.444145151992108E+09,  4.219128421074532E+09, -1.341851560783217E+08,
2448292.500000000, A.D. 1991-Feb-05 00:00:00.0000,  2.443713513074709E+09,  4.219353473861715E+09, -1.341485923212121E+08,
2448293.500000000, A.D. 1991-Feb-06 00:00:00.0000,  2.443281854063099E+09,  4.219578489432646E+09, -1.341120274203000E+08,
2448294.500000000, A.D. 1991-Feb-07 00:00:00.0000,  2.442850174963286E+09,  4.219803467782857E+09, -1.340754613758857E+08,
2448295.500000000, A.D. 1991-Feb-08 00:00:00.0000,  2.442418475781379E+09,  4.220028408907907E+09, -1.340388941882827E+08,
2448296.500000000, A.D. 1991-Feb-09 00:00:00.0000,  2.441986756523583E+09,  4.220253312803373E+09, -1.340023258578107E+08,
2448297.500000000, A.D. 1991-Feb-10 00:00:00.0000,  2.441555017196198E+09,  4.220478179464864E+09, -1.339657563848011E+08,
2448298.500000000, A.D. 1991-Feb-11 00:00:00.0000,  2.441123257805604E+09,  4.220703008888015E+09, -1.339291857695920E+08,
2448299.500000000, A.D. 1991-Feb-12 00:00:00.0000,  2.440691478358266E+09,  4.220927801068494E+09, -1.338926140125318E+08,
2448300.500000000, A.D. 1991-Feb-13 00:00:00.0000,  2.440259678860720E+09,  4.221152556001997E+09, -1.338560411139755E+08,
2448301.500000000, A.D. 1991-Feb-14 00:00:00.0000,  2.439827859319569E+09,  4.221377273684249E+09, -1.338194670742879E+08,
2448302.500000000, A.D. 1991-Feb-15 00:00:00.0000,  2.439396019741479E+09,  4.221601954111003E+09, -1.337828918938398E+08,
2448303.500000000, A.D. 1991-Feb-16 00:00:00.0000,  2.438964160133169E+09,  4.221826597278040E+09, -1.337463155730116E+08,
2448304.500000000, A.D. 1991-Feb-17 00:00:00.0000,  2.438532280501408E+09,  4.222051203181157E+09, -1.337097381121898E+08,
2448305.500000000, A.D. 1991-Feb-18 00:00:00.0000,  2.438100380853006E+09,  4.222275771816171E+09, -1.336731595117698E+08,
2448306.500000000, A.D. 1991-Feb-19 00:00:00.0000,  2.437668461194809E+09,  4.222500303178909E+09, -1.336365797721555E+08,
2448307.500000000, A.D. 1991-Feb-20 00:00:00.0000,  2.437236521533695E+09,  4.222724797265200E+09, -1.335999988937583E+08,
2448308.500000000, A.D. 1991-Feb-21 00:00:00.0000,  2.436804561876567E+09,  4.222949254070866E+09, -1.335634168770006E+08,
2448309.500000000, A.D. 1991-Feb-22 00:00:00.0000,  2.436372582230345E+09,  4.223173673591710E+09, -1.335268337223134E+08,
2448310.500000000, A.D. 1991-Feb-23 00:00:00.0000,  2.435940582601973E+09,  4.223398055823504E+09, -1.334902494301383E+08,
2448311.500000000, A.D. 1991-Feb-24 00:00:00.0000,  2.435508562998405E+09,  4.223622400761975E+09, -1.334536640009317E+08,
2448312.500000000, A.D. 1991-Feb-25 00:00:00.0000,  2.435076523426612E+09,  4.223846708402782E+09, -1.334170774351625E+08,
2448313.500000000, A.D. 1991-Feb-26 00:00:00.0000,  2.434644463893585E+09,  4.224070978741506E+09, -1.333804897333159E+08,
2448314.500000000, A.D. 1991-Feb-27 00:00:00.0000,  2.434212384406335E+09,  4.224295211773614E+09, -1.333439008958969E+08,
2448315.500000000, A.D. 1991-Feb-28 00:00:00.0000,  2.433780284971906E+09,  4.224519407494450E+09, -1.333073109234312E+08,
2448316.500000000, A.D. 1991-Mar-01 00:00:00.0000,  2.433348165597387E+09,  4.224743565899196E+09, -1.332707198164723E+08,
2448317.500000000, A.D. 1991-Mar-02 00:00:00.0000,  2.432916026289935E+09,  4.224967686982854E+09, -1.332341275756011E+08,
2448318.500000000, A.D. 1991-Mar-03 00:00:00.0000,  2.432483867056798E+09,  4.225191770740209E+09, -1.331975342014363E+08,
2448319.500000000, A.D. 1991-Mar-04 00:00:00.0000,  2.432051687905350E+09,  4.225415817165807E+09, -1.331609396946356E+08,
2448320.500000000, A.D. 1991-Mar-05 00:00:00.0000,  2.431619488843135E+09,  4.225639826253922E+09, -1.331243440559058E+08,
2448321.500000000, A.D. 1991-Mar-06 00:00:00.0000,  2.431187269877923E+09,  4.225863797998540E+09, -1.330877472860065E+08,
2448322.500000000, A.D. 1991-Mar-07 00:00:00.0000,  2.430755031017770E+09,  4.226087732393339E+09, -1.330511493857603E+08,
2448323.500000000, A.D. 1991-Mar-08 00:00:00.0000,  2.430322772271102E+09,  4.226311629431674E+09, -1.330145503560600E+08,
2448324.500000000, A.D. 1991-Mar-09 00:00:00.0000,  2.429890493646798E+09,  4.226535489106598E+09, -1.329779501978772E+08,
2448325.500000000, A.D. 1991-Mar-10 00:00:00.0000,  2.429458195154284E+09,  4.226759311410871E+09, -1.329413489122667E+08,
2448326.500000000, A.D. 1991-Mar-11 00:00:00.0000,  2.429025876803647E+09,  4.226983096337012E+09, -1.329047465003762E+08,
2448327.500000000, A.D. 1991-Mar-12 00:00:00.0000,  2.428593538605729E+09,  4.227206843877374E+09, -1.328681429634480E+08,
2448328.500000000, A.D. 1991-Mar-13 00:00:00.0000,  2.428161180572237E+09,  4.227430554024234E+09, -1.328315383028212E+08,
2448329.500000000, A.D. 1991-Mar-14 00:00:00.0000,  2.427728802715824E+09,  4.227654226769935E+09, -1.327949325199292E+08,
2448330.500000000, A.D. 1991-Mar-15 00:00:00.0000,  2.427296405050157E+09,  4.227877862107044E+09, -1.327583256162932E+08,
2448331.500000000, A.D. 1991-Mar-16 00:00:00.0000,  2.426863987589947E+09,  4.228101460028543E+09, -1.327217175935075E+08,
2448332.500000000, A.D. 1991-Mar-17 00:00:00.0000,  2.426431550350941E+09,  4.228325020528025E+09, -1.326851084532249E+08,
2448333.500000000, A.D. 1991-Mar-18 00:00:00.0000,  2.425999093349852E+09,  4.228548543599915E+09, -1.326484981971321E+08,
2448334.500000000, A.D. 1991-Mar-19 00:00:00.0000,  2.425566616604251E+09,  4.228772029239659E+09, -1.326118868269243E+08,
2448335.500000000, A.D. 1991-Mar-20 00:00:00.0000,  2.425134120132401E+09,  4.228995477443901E+09, -1.325752743442764E+08,
2448336.500000000, A.D. 1991-Mar-21 00:00:00.0000,  2.424701603953045E+09,  4.229218888210611E+09, -1.325386607508113E+08,
2448337.500000000, A.D. 1991-Mar-22 00:00:00.0000,  2.424269068085171E+09,  4.229442261539163E+09, -1.325020460480750E+08,
2448338.500000000, A.D. 1991-Mar-23 00:00:00.0000,  2.423836512547768E+09,  4.229665597430348E+09, -1.324654302375102E+08,
2448339.500000000, A.D. 1991-Mar-24 00:00:00.0000,  2.423403937359578E+09,  4.229888895886334E+09, -1.324288133204401E+08,
2448340.500000000, A.D. 1991-Mar-25 00:00:00.0000,  2.422971342538885E+09,  4.230112156910562E+09, -1.323921952980547E+08,
2448341.500000000, A.D. 1991-Mar-26 00:00:00.0000,  2.422538728103327E+09,  4.230335380507608E+09, -1.323555761714072E+08,
2448342.500000000, A.D. 1991-Mar-27 00:00:00.0000,  2.422106094069765E+09,  4.230558566683015E+09, -1.323189559414146E+08,
2448343.500000000, A.D. 1991-Mar-28 00:00:00.0000,  2.421673440454192E+09,  4.230781715443109E+09, -1.322823346088655E+08,
2448344.500000000, A.D. 1991-Mar-29 00:00:00.0000,  2.421240767271690E+09,  4.231004826794812E+09, -1.322457121744294E+08,
2448345.500000000, A.D. 1991-Mar-30 00:00:00.0000,  2.420808074536425E+09,  4.231227900745481E+09, -1.322090886386735E+08,
2448346.500000000, A.D. 1991-Mar-31 00:00:00.0000,  2.420375362261680E+09,  4.231450937302741E+09, -1.321724640020742E+08,
2448347.500000000, A.D. 1991-Apr-01 00:00:00.0000,  2.419942630459898E+09,  4.231673936474371E+09, -1.321358382650354E+08,
2448348.500000000, A.D. 1991-Apr-02 00:00:00.0000,  2.419509879142761E+09,  4.231896898268188E+09, -1.320992114279017E+08,
2448349.500000000, A.D. 1991-Apr-03 00:00:00.0000,  2.419077108321256E+09,  4.232119822691971E+09, -1.320625834909728E+08,
2448350.500000000, A.D. 1991-Apr-04 00:00:00.0000,  2.418644318005754E+09,  4.232342709753403E+09, -1.320259544545135E+08,
2448351.500000000, A.D. 1991-Apr-05 00:00:00.0000,  2.418211508206091E+09,  4.232565559460032E+09, -1.319893243187685E+08,
2448352.500000000, A.D. 1991-Apr-06 00:00:00.0000,  2.417778678931634E+09,  4.232788371819249E+09, -1.319526930839648E+08,
2448353.500000000, A.D. 1991-Apr-07 00:00:00.0000,  2.417345830191350E+09,  4.233011146838273E+09, -1.319160607503233E+08,
2448354.500000000, A.D. 1991-Apr-08 00:00:00.0000,  2.416912961993855E+09,  4.233233884524155E+09, -1.318794273180618E+08,
2448355.500000000, A.D. 1991-Apr-09 00:00:00.0000,  2.416480074347472E+09,  4.233456584883781E+09, -1.318427927873993E+08,
2448356.500000000, A.D. 1991-Apr-10 00:00:00.0000,  2.416047167260270E+09,  4.233679247923887E+09, -1.318061571585581E+08,
2448357.500000000, A.D. 1991-Apr-11 00:00:00.0000,  2.415614240740095E+09,  4.233901873651069E+09, -1.317695204317689E+08,
2448358.500000000, A.D. 1991-Apr-12 00:00:00.0000,  2.415181294794600E+09,  4.234124462071800E+09, -1.317328826072681E+08,
2448359.500000000, A.D. 1991-Apr-13 00:00:00.0000,  2.414748329431270E+09,  4.234347013192451E+09, -1.316962436853011E+08,
2448360.500000000, A.D. 1991-Apr-14 00:00:00.0000,  2.414315344657437E+09,  4.234569527019301E+09, -1.316596036661208E+08,
2448361.500000000, A.D. 1991-Apr-15 00:00:00.0000,  2.413882340480291E+09,  4.234792003558558E+09, -1.316229625499887E+08,
2448362.500000000, A.D. 1991-Apr-16 00:00:00.0000,  2.413449316906897E+09,  4.235014442816373E+09, -1.315863203371737E+08,
2448363.500000000, A.D. 1991-Apr-17 00:00:00.0000,  2.413016273944191E+09,  4.235236844798858E+09, -1.315496770279515E+08,
2448364.500000000, A.D. 1991-Apr-18 00:00:00.0000,  2.412583211598994E+09,  4.235459209512089E+09, -1.315130326226039E+08,
2448365.500000000, A.D. 1991-Apr-19 00:00:00.0000,  2.412150129878008E+09,  4.235681536962128E+09, -1.314763871214182E+08,
2448366.500000000, A.D. 1991-Apr-20 00:00:00.0000,  2.411717028787818E+09,  4.235903827155028E+09, -1.314397405246863E+08,
2448367.500000000, A.D. 1991-Apr-21 00:00:00.0000,  2.411283908334892E+09,  4.236126080096845E+09, -1.314030928327022E+08,
2448368.500000000, A.D. 1991-Apr-22 00:00:00.0000,  2.410850768525577E+09,  4.236348295793640E+09, -1.313664440457633E+08,
2448369.500000000, A.D. 1991-Apr-23 00:00:00.0000,  2.410417609366095E+09,  4.236570474251493E+09, -1.313297941641684E+08,
2448370.500000000, A.D. 1991-Apr-24 00:00:00.0000,  2.409984430862546E+09,  4.236792615476499E+09, -1.312931431882155E+08,
2448371.500000000, A.D. 1991-Apr-25 00:00:00.0000,  2.409551233020893E+09,  4.237014719474783E+09, -1.312564911182044E+08,
2448372.500000000, A.D. 1991-Apr-26 00:00:00.0000,  2.409118015846968E+09,  4.237236786252496E+09, -1.312198379544301E+08,
2448373.500000000, A.D. 1991-Apr-27 00:00:00.0000,  2.408684779346459E+09,  4.237458815815815E+09, -1.311831836971893E+08,
2448374.500000000, A.D. 1991-Apr-28 00:00:00.0000,  2.408251523524908E+09,  4.237680808170953E+09, -1.311465283467729E+08,
2448375.500000000, A.D. 1991-Apr-29 00:00:00.0000,  2.407818248387704E+09,  4.237902763324151E+09, -1.311098719034686E+08,
2448376.500000000, A.D. 1991-Apr-30 00:00:00.0000,  2.407384953940084E+09,  4.238124681281681E+09, -1.310732143675592E+08,
2448377.500000000, A.D. 1991-May-01 00:00:00.0000,  2.406951640187117E+09,  4.238346562049846E+09, -1.310365557393234E+08,
2448378.500000000, A.D. 1991-May-02 00:00:00.0000,  2.406518307133704E+09,  4.238568405634980E+09, -1.309998960190334E+08,
2448379.500000000, A.D. 1991-May-03 00:00:00.0000,  2.406084954784573E+09,  4.238790212043435E+09, -1.309632352069540E+08,
2448380.500000000, A.D. 1991-May-04 00:00:00.0000,  2.405651583144271E+09,  4.239011981281596E+09, -1.309265733033442E+08,
2448381.500000000, A.D. 1991-May-05 00:00:00.0000,  2.405218192217159E+09,  4.239233713355858E+09, -1.308899103084557E+08,
2448382.500000000, A.D. 1991-May-06 00:00:00.0000,  2.404784782007409E+09,  4.239455408272635E+09, -1.308532462225304E+08,
2448383.500000000, A.D. 1991-May-07 00:00:00.0000,  2.404351352518991E+09,  4.239677066038352E+09, -1.308165810458031E+08,
2448384.500000000, A.D. 1991-May-08 00:00:00.0000,  2.403917903755676E+09,  4.239898686659434E+09, -1.307799147784989E+08,
2448385.500000000, A.D. 1991-May-09 00:00:00.0000,  2.403484435721024E+09,  4.240120270142308E+09, -1.307432474208343E+08,
2448386.500000000, A.D. 1991-May-10 00:00:00.0000,  2.403050948418383E+09,  4.240341816493390E+09, -1.307065789730167E+08,
2448387.500000000, A.D. 1991-May-11 00:00:00.0000,  2.402617441850877E+09,  4.240563325719078E+09, -1.306699094352422E+08,
2448388.500000000, A.D. 1991-May-12 00:00:00.0000,  2.402183916021410E+09,  4.240784797825747E+09, -1.306332388076990E+08,
2448389.500000000, A.D. 1991-May-13 00:00:00.0000,  2.401750370932653E+09,  4.241006232819738E+09, -1.305965670905640E+08,
2448390.500000000, A.D. 1991-May-14 00:00:00.0000,  2.401316806587042E+09,  4.241227630707346E+09, -1.305598942840047E+08,
2448391.500000000, A.D. 1991-May-15 00:00:00.0000,  2.400883222986771E+09,  4.241448991494809E+09, -1.305232203881779E+08,
2448392.500000000, A.D. 1991-May-16 00:00:00.0000,  2.400449620133790E+09,  4.241670315188301E+09, -1.304865454032321E+08,
2448393.500000000, A.D. 1991-May-17 00:00:00.0000,  2.400015998029799E+09,  4.241891601793909E+09, -1.304498693293056E+08,
2448394.500000000, A.D. 1991-May-18 00:00:00.0000,  2.399582356676244E+09,  4.242112851317629E+09, -1.304131921665277E+08,
2448395.500000000, A.D. 1991-May-19 00:00:00.0000,  2.399148696074315E+09,  4.242334063765343E+09, -1.303765139150198E+08,
2448396.500000000, A.D. 1991-May-20 00:00:00.0000,  2.398715016224941E+09,  4.242555239142798E+09, -1.303398345748959E+08,
2448397.500000000, A.D. 1991-May-21 00:00:00.0000,  2.398281317128791E+09,  4.242776377455599E+09, -1.303031541462624E+08,
2448398.500000000, A.D. 1991-May-22 00:00:00.0000,  2.397847598786273E+09,  4.242997478709175E+09, -1.302664726292233E+08,
2448399.500000000, A.D. 1991-May-23 00:00:00.0000,  2.397413861197535E+09,  4.243218542908759E+09, -1.302297900238762E+08,
2448400.500000000, A.D. 1991-May-24 00:00:00.0000,  2.396980104362468E+09,  4.243439570059366E+09, -1.301931063303192E+08,
2448401.500000000, A.D. 1991-May-25 00:00:00.0000,  2.396546328280712E+09,  4.243660560165762E+09, -1.301564215486510E+08,
2448402.500000000, A.D. 1991-May-26 00:00:00.0000,  2.396112532951672E+09,  4.243881513232436E+09, -1.301197356789746E+08,
2448403.500000000, A.D. 1991-May-27 00:00:00.0000,  2.395678718374519E+09,  4.244102429263566E+09, -1.300830487213986E+08,
2448404.500000000, A.D. 1991-May-28 00:00:00.0000,  2.395244884548221E+09,  4.244323308262983E+09, -1.300463606760464E+08,
2448405.500000000, A.D. 1991-May-29 00:00:00.0000,  2.394811031471558E+09,  4.244544150234142E+09, -1.300096715430539E+08,
2448406.500000000, A.D. 1991-May-30 00:00:00.0000,  2.394377159143164E+09,  4.244764955180079E+09, -1.299729813225811E+08,
2448407.500000000, A.D. 1991-May-31 00:00:00.0000,  2.393943267561553E+09,  4.244985723103383E+09, -1.299362900148149E+08,
2448408.500000000, A.D. 1991-Jun-01 00:00:00.0000,  2.393509356725185E+09,  4.245206454006154E+09, -1.298995976199782E+08,
2448409.500000000, A.D. 1991-Jun-02 00:00:00.0000,  2.393075426632511E+09,  4.245427147889975E+09, -1.298629041383340E+08,
2448410.500000000, A.D. 1991-Jun-03 00:00:00.0000,  2.392641477282053E+09,  4.245647804755896E+09, -1.298262095701964E+08,
2448411.500000000, A.D. 1991-Jun-04 00:00:00.0000,  2.392207508672486E+09,  4.245868424604407E+09, -1.297895139159391E+08,
2448412.500000000, A.D. 1991-Jun-05 00:00:00.0000,  2.391773520802731E+09,  4.246089007435454E+09, -1.297528171760020E+08,
2448413.500000000, A.D. 1991-Jun-06 00:00:00.0000,  2.391339513672058E+09,  4.246309553248441E+09, -1.297161193508990E+08,
2448414.500000000, A.D. 1991-Jun-07 00:00:00.0000,  2.390905487280197E+09,  4.246530062042278E+09, -1.296794204412255E+08,
2448415.500000000, A.D. 1991-Jun-08 00:00:00.0000,  2.390471441627454E+09,  4.246750533815449E+09, -1.296427204476633E+08,
2448416.500000000, A.D. 1991-Jun-09 00:00:00.0000,  2.390037376714814E+09,  4.246970968566101E+09, -1.296060193709800E+08,
2448417.500000000, A.D. 1991-Jun-10 00:00:00.0000,  2.389603292544038E+09,  4.247191366292181E+09, -1.295693172120285E+08,
2448418.500000000, A.D. 1991-Jun-11 00:00:00.0000,  2.389169189117729E+09,  4.247411726991584E+09, -1.295326139717405E+08,
2448419.500000000, A.D. 1991-Jun-12 00:00:00.0000,  2.388735066439379E+09,  4.247632050662345E+09, -1.294959096511137E+08,
2448420.500000000, A.D. 1991-Jun-13 00:00:00.0000,  2.388300924513353E+09,  4.247852337302834E+09, -1.294592042511942E+08,
2448421.500000000, A.D. 1991-Jun-14 00:00:00.0000,  2.387866763344842E+09,  4.248072586911958E+09, -1.294224977730556E+08,
2448422.500000000, A.D. 1991-Jun-15 00:00:00.0000,  2.387432582939746E+09,  4.248292799489362E+09, -1.293857902177715E+08,
2448423.500000000, A.D. 1991-Jun-16 00:00:00.0000,  2.386998383304524E+09,  4.248512975035589E+09, -1.293490815863883E+08,
2448424.500000000, A.D. 1991-Jun-17 00:00:00.0000,  2.386564164445986E+09,  4.248733113552209E+09, -1.293123718798954E+08,
2448425.500000000, A.D. 1991-Jun-18 00:00:00.0000,  2.386129926371067E+09,  4.248953215041889E+09, -1.292756610991974E+08,
2448426.500000000, A.D. 1991-Jun-19 00:00:00.0000,  2.385695669086586E+09,  4.249173279508400E+09, -1.292389492450922E+08,
2448427.500000000, A.D. 1991-Jun-20 00:00:00.0000,  2.385261392599019E+09,  4.249393306956571E+09, -1.292022363182518E+08,
2448428.500000000, A.D. 1991-Jun-21 00:00:00.0000,  2.384827096914281E+09,  4.249613297392183E+09, -1.291655223192143E+08,
2448429.500000000, A.D. 1991-Jun-22 00:00:00.0000,  2.384392782037564E+09,  4.249833250821830E+09, -1.291288072483740E+08,
2448430.500000000, A.D. 1991-Jun-23 00:00:00.0000,  2.383958447973206E+09,  4.250053167252739E+09, -1.290920911059914E+08,
2448431.500000000, A.D. 1991-Jun-24 00:00:00.0000,  2.383524094724613E+09,  4.250273046692590E+09, -1.290553738921921E+08,
2448432.500000000, A.D. 1991-Jun-25 00:00:00.0000,  2.383089722294229E+09,  4.250492889149330E+09, -1.290186556069863E+08,
2448433.500000000, A.D. 1991-Jun-26 00:00:00.0000,  2.382655330683538E+09,  4.250712694631000E+09, -1.289819362502775E+08,
2448434.500000000, A.D. 1991-Jun-27 00:00:00.0000,  2.382220919893106E+09,  4.250932463145581E+09, -1.289452158218820E+08,
2448435.500000000, A.D. 1991-Jun-28 00:00:00.0000,  2.381786489922641E+09,  4.251152194700867E+09, -1.289084943215427E+08,
2448436.500000000, A.D. 1991-Jun-29 00:00:00.0000,  2.381352040771069E+09,  4.251371889304357E+09, -1.288717717489438E+08,
2448437.500000000, A.D. 1991-Jun-30 00:00:00.0000,  2.380917572436619E+09,  4.251591546963176E+09, -1.288350481037278E+08,
2448438.500000000, A.D. 1991-Jul-01 00:00:00.0000,  2.380483084916911E+09,  4.251811167684019E+09, -1.287983233855052E+08,
2448439.500000000, A.D. 1991-Jul-02 00:00:00.0000,  2.380048578209042E+09,  4.252030751473109E+09, -1.287615975938659E+08,
2448440.500000000, A.D. 1991-Jul-03 00:00:00.0000,  2.379614052309660E+09,  4.252250298336178E+09, -1.287248707283885E+08,
2448441.500000000, A.D. 1991-Jul-04 00:00:00.0000,  2.379179507215045E+09,  4.252469808278453E+09, -1.286881427886474E+08,
2448442.500000000, A.D. 1991-Jul-05 00:00:00.0000,  2.378744942921170E+09,  4.252689281304662E+09, -1.286514137742188E+08,
2448443.500000000, A.D. 1991-Jul-06 00:00:00.0000,  2.378310359423762E+09,  4.252908717419034E+09, -1.286146836846845E+08,
2448444.500000000, A.D. 1991-Jul-07 00:00:00.0000,  2.377875756718349E+09,  4.253128116625317E+09, -1.285779525196345E+08,
2448445.500000000, A.D. 1991-Jul-08 00:00:00.0000,  2.377441134800305E+09,  4.253347478926792E+09, -1.285412202786729E+08,
2448446.500000000, A.D. 1991-Jul-09 00:00:00.0000,  2.377006493664890E+09,  4.253566804326290E+09, -1.285044869614158E+08,
2448447.500000000, A.D. 1991-Jul-10 00:00:00.0000,  2.376571833307275E+09,  4.253786092826214E+09, -1.284677525674937E+08,
2448448.500000000, A.D. 1991-Jul-11 00:00:00.0000,  2.376137153722574E+09,  4.254005344428551E+09, -1.284310170965536E+08,
2448449.500000000, A.D. 1991-Jul-12 00:00:00.0000,  2.375702454905862E+09,  4.254224559134899E+09, -1.283942805482566E+08,
2448450.500000000, A.D. 1991-Jul-13 00:00:00.0000,  2.375267736852195E+09,  4.254443736946481E+09, -1.283575429222801E+08,
2448451.500000000, A.D. 1991-Jul-14 00:00:00.0000,  2.374832999556624E+09,  4.254662877864161E+09, -1.283208042183166E+08,
2448452.500000000, A.D. 1991-Jul-15 00:00:00.0000,  2.374398243014211E+09,  4.254881981888459E+09, -1.282840644360726E+08,
2448453.500000000, A.D. 1991-Jul-16 00:00:00.0000,  2.373963467220032E+09,  4.255101049019576E+09, -1.282473235752714E+08,
2448454.500000000, A.D. 1991-Jul-17 00:00:00.0000,  2.373528672169196E+09,  4.255320079257390E+09, -1.282105816356483E+08,
2448455.500000000, A.D. 1991-Jul-18 00:00:00.0000,  2.373093857856842E+09,  4.255539072601490E+09, -1.281738386169529E+08,
2448456.500000000, A.D. 1991-Jul-19 00:00:00.0000,  2.372659024278151E+09,  4.255758029051167E+09, -1.281370945189464E+08,
2448457.500000000, A.D. 1991-Jul-20 00:00:00.0000,  2.372224171428350E+09,  4.255976948605440E+09, -1.281003493414054E+08,
2448458.500000000, A.D. 1991-Jul-21 00:00:00.0000,  2.371789299302716E+09,  4.256195831263057E+09, -1.280636030841148E+08,
2448459.500000000, A.D. 1991-Jul-22 00:00:00.0000,  2.371354407896576E+09,  4.256414677022508E+09, -1.280268557468722E+08,
2448460.500000000, A.D. 1991-Jul-23 00:00:00.0000,  2.370919497205317E+09,  4.256633485882032E+09, -1.279901073294868E+08,
2448461.500000000, A.D. 1991-Jul-24 00:00:00.0000,  2.370484567224380E+09,  4.256852257839624E+09, -1.279533578317769E+08,
2448462.500000000, A.D. 1991-Jul-25 00:00:00.0000,  2.370049617949270E+09,  4.257070992893042E+09, -1.279166072535708E+08,
2448463.500000000, A.D. 1991-Jul-26 00:00:00.0000,  2.369614649375553E+09,  4.257289691039812E+09, -1.278798555947065E+08,
2448464.500000000, A.D. 1991-Jul-27 00:00:00.0000,  2.369179661498856E+09,  4.257508352277235E+09, -1.278431028550310E+08,
2448465.500000000, A.D. 1991-Jul-28 00:00:00.0000,  2.368744654314873E+09,  4.257726976602390E+09, -1.278063490343997E+08,
2448466.500000000, A.D. 1991-Jul-29 00:00:00.0000,  2.368309627819363E+09,  4.257945564012142E+09, -1.277695941326764E+08,
2448467.500000000, A.D. 1991-Jul-30 00:00:00.0000,  2.367874582008152E+09,  4.258164114503138E+09, -1.277328381497319E+08,
2448468.500000000, A.D. 1991-Jul-31 00:00:00.0000,  2.367439516877133E+09,  4.258382628071823E+09, -1.276960810854475E+08,
2448469.500000000, A.D. 1991-Aug-01 00:00:00.0000,  2.367004432422263E+09,  4.258601104714428E+09, -1.276593229397082E+08,
2448470.500000000, A.D. 1991-Aug-02 00:00:00.0000,  2.366569328639570E+09,  4.258819544426986E+09, -1.276225637124093E+08,
2448471.500000000, A.D. 1991-Aug-03 00:00:00.0000,  2.366134205525148E+09,  4.259037947205324E+09, -1.275858034034519E+08,
2448472.500000000, A.D. 1991-Aug-04 00:00:00.0000,  2.365699063075158E+09,  4.259256313045071E+09, -1.275490420127432E+08,
2448473.500000000, A.D. 1991-Aug-05 00:00:00.0000,  2.365263901285828E+09,  4.259474641941653E+09, -1.275122795401995E+08,
2448474.500000000, A.D. 1991-Aug-06 00:00:00.0000,  2.364828720153452E+09,  4.259692933890300E+09, -1.274755159857414E+08,
2448475.500000000, A.D. 1991-Aug-07 00:00:00.0000,  2.364393519674393E+09,  4.259911188886042E+09, -1.274387513492978E+08,
2448476.500000000, A.D. 1991-Aug-08 00:00:00.0000,  2.363958299845075E+09,  4.260129406923706E+09, -1.274019856308036E+08,
2448477.500000000, A.D. 1991-Aug-09 00:00:00.0000,  2.363523060661988E+09,  4.260347587997922E+09, -1.273652188302011E+08,
2448478.500000000, A.D. 1991-Aug-10 00:00:00.0000,  2.363087802121686E+09,  4.260565732103109E+09, -1.273284509474390E+08,
2448479.500000000, A.D. 1991-Aug-11 00:00:00.0000,  2.362652524220786E+09,  4.260783839233484E+09, -1.272916819824731E+08,
2448480.500000000, A.D. 1991-Aug-12 00:00:00.0000,  2.362217226955965E+09,  4.261001909383050E+09, -1.272549119352672E+08,
2448481.500000000, A.D. 1991-Aug-13 00:00:00.0000,  2.361781910323961E+09,  4.261219942545590E+09, -1.272181408057933E+08,
2448482.500000000, A.D. 1991-Aug-14 00:00:00.0000,  2.361346574321575E+09,  4.261437938714668E+09, -1.271813685940311E+08,
2448483.500000000, A.D. 1991-Aug-15 00:00:00.0000,  2.360911218945666E+09,  4.261655897883614E+09, -1.271445952999699E+08,
2448484.500000000, A.D. 1991-Aug-16 00:00:00.0000,  2.360475844193156E+09,  4.261873820045514E+09, -1.271078209236097E+08,
2448485.500000000, A.D. 1991-Aug-17 00:00:00.0000,  2.360040450061027E+09,  4.262091705193203E+09, -1.270710454649611E+08,
2448486.500000000, A.D. 1991-Aug-18 00:00:00.0000,  2.359605036546326E+09,  4.262309553319251E+09, -1.270342689240472E+08,
2448487.500000000, A.D. 1991-Aug-19 00:00:00.0000,  2.359169603646170E+09,  4.262527364415945E+09, -1.269974913009062E+08,
2448488.500000000, A.D. 1991-Aug-20 00:00:00.0000,  2.358734151357749E+09,  4.262745138475277E+09, -1.269607125955925E+08,
2448489.500000000, A.D. 1991-Aug-21 00:00:00.0000,  2.358298679678334E+09,  4.262962875488918E+09, -1.269239328081789E+08,
2448490.500000000, A.D. 1991-Aug-22 00:00:00.0000,  2.357863188605291E+09,  4.263180575448204E+09, -1.268871519387608E+08,
2448491.500000000, A.D. 1991-Aug-23 00:00:00.0000,  2.357427678136096E+09,  4.263398238344104E+09, -1.268503699874575E+08,
2448492.500000000, A.D. 1991-Aug-24 00:00:00.0000,  2.356992148268350E+09,  4.263615864167204E+09, -1.268135869544191E+08,
2448493.500000000, A.D. 1991-Aug-25 00:00:00.0000,  2.356556598999812E+09,  4.263833452907673E+09, -1.267768028398290E+08,
2448494.500000000, A.D. 1991-Aug-26 00:00:00.0000,  2.356121030328425E+09,  4.264051004555240E+09, -1.267400176439099E+08,
2448495.500000000, A.D. 1991-Aug-27 00:00:00.0000,  2.355685442252363E+09,  4.264268519099162E+09, -1.267032313669302E+08,
2448496.500000000, A.D. 1991-Aug-28 00:00:00.0000,  2.355249834770075E+09,  4.264485996528207E+09, -1.266664440092099E+08,
2448497.500000000, A.D. 1991-Aug-29 00:00:00.0000,  2.354814207880350E+09,  4.264703436830625E+09, -1.266296555711298E+08,
2448498.500000000, A.D. 1991-Aug-30 00:00:00.0000,  2.354378561582386E+09,  4.264920839994134E+09, -1.265928660531390E+08,
2448499.500000000, A.D. 1991-Aug-31 00:00:00.0000,  2.353942895875874E+09,  4.265138206005924E+09, -1.265560754557600E+08,
2448500.500000000, A.D. 1991-Sep-01 00:00:00.0000,  2.353507210761093E+09,  4.265355534852655E+09, -1.265192837796016E+08,
2448501.500000000, A.D. 1991-Sep-02 00:00:00.0000,  2.353071506239011E+09,  4.265572826520493E+09, -1.264824910253642E+08,
2448502.500000000, A.D. 1991-Sep-03 00:00:00.0000,  2.352635782311397E+09,  4.265790080995147E+09, -1.264456971938453E+08,
2448503.500000000, A.D. 1991-Sep-04 00:00:00.0000,  2.352200038980931E+09,  4.266007298261961E+09, -1.264089022859442E+08,
2448504.500000000, A.D. 1991-Sep-05 00:00:00.0000,  2.351764276251309E+09,  4.266224478306010E+09, -1.263721063026645E+08,
2448505.500000000, A.D. 1991-Sep-06 00:00:00.0000,  2.351328494127337E+09,  4.266441621112234E+09, -1.263353092451100E+08,
2448506.500000000, A.D. 1991-Sep-07 00:00:00.0000,  2.350892692614996E+09,  4.266658726665613E+09, -1.262985111144791E+08,
2448507.500000000, A.D. 1991-Sep-08 00:00:00.0000,  2.350456871721481E+09,  4.266875794951356E+09, -1.262617119120502E+08,
2448508.500000000, A.D. 1991-Sep-09 00:00:00.0000,  2.350021031455187E+09,  4.267092825955109E+09, -1.262249116391678E+08,
2448509.500000000, A.D. 1991-Sep-10 00:00:00.0000,  2.349585171825651E+09,  4.267309819663164E+09, -1.261881102972150E+08,
2448510.500000000, A.D. 1991-Sep-11 00:00:00.0000,  2.349149292843440E+09,  4.267526776062670E+09, -1.261513078875921E+08,
2448511.500000000, A.D. 1991-Sep-12 00:00:00.0000,  2.348713394519986E+09,  4.267743695141797E+09, -1.261145044116836E+08,
2448512.500000000, A.D. 1991-Sep-13 00:00:00.0000,  2.348277476867383E+09,  4.267960576889870E+09, -1.260776998708322E+08,
2448513.500000000, A.D. 1991-Sep-14 00:00:00.0000,  2.347841539898152E+09,  4.268177421297450E+09, -1.260408942663076E+08,
2448514.500000000, A.D. 1991-Sep-15 00:00:00.0000,  2.347405583625000E+09,  4.268394228356342E+09, -1.260040875992882E+08,
2448515.500000000, A.D. 1991-Sep-16 00:00:00.0000,  2.346969608060582E+09,  4.268610998059562E+09, -1.259672798708394E+08,
2448516.500000000, A.D. 1991-Sep-17 00:00:00.0000,  2.346533613217294E+09,  4.268827730401229E+09, -1.259304710819020E+08,
2448517.500000000, A.D. 1991-Sep-18 00:00:00.0000,  2.346097599107094E+09,  4.269044425376436E+09, -1.258936612332923E+08,
2448518.500000000, A.D. 1991-Sep-19 00:00:00.0000,  2.345661565741378E+09,  4.269261082981081E+09, -1.258568503257000E+08,
2448519.500000000, A.D. 1991-Sep-20 00:00:00.0000,  2.345225513130893E+09,  4.269477703211683E+09, -1.258200383596969E+08,
2448520.500000000, A.D. 1991-Sep-21 00:00:00.0000,  2.344789441285708E+09,  4.269694286065218E+09, -1.257832253357484E+08,
2448521.500000000, A.D. 1991-Sep-22 00:00:00.0000,  2.344353350215212E+09,  4.269910831538942E+09, -1.257464112542281E+08,
2448522.500000000, A.D. 1991-Sep-23 00:00:00.0000,  2.343917239928147E+09,  4.270127339630252E+09, -1.257095961154318E+08,
2448523.500000000, A.D. 1991-Sep-24 00:00:00.0000,  2.343481110432667E+09,  4.270343810336560E+09, -1.256727799195945E+08,
2448524.500000000, A.D. 1991-Sep-25 00:00:00.0000,  2.343044961736413E+09,  4.270560243655201E+09, -1.256359626669049E+08,
2448525.500000000, A.D. 1991-Sep-26 00:00:00.0000,  2.342608793846586E+09,  4.270776639583352E+09, -1.255991443575191E+08,
2448526.500000000, A.D. 1991-Sep-27 00:00:00.0000,  2.342172606770031E+09,  4.270992998117988E+09, -1.255623249915702E+08,
2448527.500000000, A.D. 1991-Sep-28 00:00:00.0000,  2.341736400513320E+09,  4.271209319255851E+09, -1.255255045691833E+08,
2448528.500000000, A.D. 1991-Sep-29 00:00:00.0000,  2.341300175082819E+09,  4.271425602993430E+09, -1.254886830904801E+08,
2448529.500000000, A.D. 1991-Sep-30 00:00:00.0000,  2.340863930484761E+09,  4.271641849326955E+09, -1.254518605555856E+08,
2448530.500000000, A.D. 1991-Oct-01 00:00:00.0000,  2.340427666725298E+09,  4.271858058252413E+09, -1.254150369646368E+08,
2448531.500000000, A.D. 1991-Oct-02 00:00:00.0000,  2.339991383810565E+09,  4.272074229765552E+09, -1.253782123177838E+08,
2448532.500000000, A.D. 1991-Oct-03 00:00:00.0000,  2.339555081746707E+09,  4.272290363861903E+09, -1.253413866151941E+08,
2448533.500000000, A.D. 1991-Oct-04 00:00:00.0000,  2.339118760539933E+09,  4.272506460536802E+09, -1.253045598570521E+08,
2448534.500000000, A.D. 1991-Oct-05 00:00:00.0000,  2.338682420196531E+09,  4.272722519785412E+09, -1.252677320435643E+08,
2448535.500000000, A.D. 1991-Oct-06 00:00:00.0000,  2.338246060722901E+09,  4.272938541602745E+09, -1.252309031749570E+08,
2448536.500000000, A.D. 1991-Oct-07 00:00:00.0000,  2.337809682125572E+09,  4.273154525983691E+09, -1.251940732514780E+08,
2448537.500000000, A.D. 1991-Oct-08 00:00:00.0000,  2.337373284411214E+09,  4.273370472923035E+09, -1.251572422733953E+08,
2448538.500000000, A.D. 1991-Oct-09 00:00:00.0000,  2.336936867586653E+09,  4.273586382415486E+09, -1.251204102409976E+08,
2448539.500000000, A.D. 1991-Oct-10 00:00:00.0000,  2.336500431658877E+09,  4.273802254455692E+09, -1.250835771545925E+08,
2448540.500000000, A.D. 1991-Oct-11 00:00:00.0000,  2.336063976635037E+09,  4.274018089038268E+09, -1.250467430145075E+08,
2448541.500000000, A.D. 1991-Oct-12 00:00:00.0000,  2.335627502522456E+09,  4.274233886157808E+09, -1.250099078210866E+08,
2448542.500000000, A.D. 1991-Oct-13 00:00:00.0000,  2.335191009328628E+09,  4.274449645808906E+09, -1.249730715746925E+08,
2448543.500000000, A.D. 1991-Oct-14 00:00:00.0000,  2.334754497061213E+09,  4.274665367986173E+09, -1.249362342757027E+08,
2448544.500000000, A.D. 1991-Oct-15 00:00:00.0000,  2.334317965728040E+09,  4.274881052684247E+09, -1.248993959245093E+08,
2448545.500000000, A.D. 1991-Oct-16 00:00:00.0000,  2.333881415337104E+09,  4.275096699897817E+09, -1.248625565215197E+08,
2448546.500000000, A.D. 1991-Oct-17 00:00:00.0000,  2.333444845896557E+09,  4.275312309621625E+09, -1.248257160671525E+08,
2448547.500000000, A.D. 1991-Oct-18 00:00:00.0000,  2.333008257414707E+09,  4.275527881850482E+09, -1.247888745618391E+08,
2448548.500000000, A.D. 1991-Oct-19 00:00:00.0000,  2.332571649900013E+09,  4.275743416579287E+09, -1.247520320060225E+08,
2448549.500000000, A.D. 1991-Oct-20 00:00:00.0000,  2.332135023361077E+09,  4.275958913803017E+09, -1.247151884001532E+08,
2448550.500000000, A.D. 1991-Oct-21 00:00:00.0000,  2.331698377806639E+09,  4.276174373516757E+09, -1.246783437446935E+08,
2448551.500000000, A.D. 1991-Oct-22 00:00:00.0000,  2.331261713245569E+09,  4.276389795715695E+09, -1.246414980401115E+08,
2448552.500000000, A.D. 1991-Oct-23 00:00:00.0000,  2.330825029686860E+09,  4.276605180395135E+09, -1.246046512868843E+08,
2448553.500000000, A.D. 1991-Oct-24 00:00:00.0000,  2.330388327139621E+09,  4.276820527550500E+09, -1.245678034854949E+08,
2448554.500000000, A.D. 1991-Oct-25 00:00:00.0000,  2.329951605613071E+09,  4.277035837177341E+09, -1.245309546364305E+08,
2448555.500000000, A.D. 1991-Oct-26 00:00:00.0000,  2.329514865116527E+09,  4.277251109271339E+09, -1.244941047401843E+08,
2448556.500000000, A.D. 1991-Oct-27 00:00:00.0000,  2.329078105659398E+09,  4.277466343828312E+09, -1.244572537972543E+08,
2448557.500000000, A.D. 1991-Oct-28 00:00:00.0000,  2.328641327251177E+09,  4.277681540844217E+09, -1.244204018081400E+08,
2448558.500000000, A.D. 1991-Oct-29 00:00:00.0000,  2.328204529901430E+09,  4.277896700315154E+09, -1.243835487733443E+08,
2448559.500000000, A.D. 1991-Oct-30 00:00:00.0000,  2.327767713619792E+09,  4.278111822237368E+09, -1.243466946933730E+08,
2448560.500000000, A.D. 1991-Oct-31 00:00:00.0000,  2.327330878415952E+09,  4.278326906607248E+09, -1.243098395687313E+08,
2448561.500000000, A.D. 1991-Nov-01 00:00:00.0000,  2.326894024299647E+09,  4.278541953421333E+09, -1.242729833999274E+08,
2448562.500000000, A.D. 1991-Nov-02 00:00:00.0000,  2.326457151280652E+09,  4.278756962676309E+09, -1.242361261874681E+08,
2448563.500000000, A.D. 1991-Nov-03 00:00:00.0000,  2.326020259368770E+09,  4.278971934369004E+09, -1.241992679318602E+08,
2448564.500000000, A.D. 1991-Nov-04 00:00:00.0000,  2.325583348573824E+09,  4.279186868496395E+09, -1.241624086336112E+08,
2448565.500000000, A.D. 1991-Nov-05 00:00:00.0000,  2.325146418905645E+09,  4.279401765055600E+09, -1.241255482932258E+08,
2448566.500000000, A.D. 1991-Nov-06 00:00:00.0000,  2.324709470374064E+09,  4.279616624043872E+09, -1.240886869112084E+08,
2448567.500000000, A.D. 1991-Nov-07 00:00:00.0000,  2.324272502988901E+09,  4.279831445458601E+09, -1.240518244880612E+08,
2448568.500000000, A.D. 1991-Nov-08 00:00:00.0000,  2.323835516759953E+09,  4.280046229297304E+09, -1.240149610242863E+08,
2448569.500000000, A.D. 1991-Nov-09 00:00:00.0000,  2.323398511696992E+09,  4.280260975557613E+09, -1.239780965203826E+08,
2448570.500000000, A.D. 1991-Nov-10 00:00:00.0000,  2.322961487809747E+09,  4.280475684237274E+09, -1.239412309768472E+08,
2448571.500000000, A.D. 1991-Nov-11 00:00:00.0000,  2.322524445107901E+09,  4.280690355334133E+09, -1.239043643941779E+08,
2448572.500000000, A.D. 1991-Nov-12 00:00:00.0000,  2.322087383601080E+09,  4.280904988846123E+09, -1.238674967728705E+08,
2448573.500000000, A.D. 1991-Nov-13 00:00:00.0000,  2.321650303298846E+09,  4.281119584771252E+09, -1.238306281134210E+08,
2448574.500000000, A.D. 1991-Nov-14 00:00:00.0000,  2.321213204210690E+09,  4.281334143107581E+09, -1.237937584163272E+08,
2448575.500000000, A.D. 1991-Nov-15 00:00:00.0000,  2.320776086346033E+09,  4.281548663853215E+09, -1.237568876820886E+08,
2448576.500000000, A.D. 1991-Nov-16 00:00:00.0000,  2.320338949714212E+09,  4.281763147006272E+09, -1.237200159112089E+08,
2448577.500000000, A.D. 1991-Nov-17 00:00:00.0000,  2.319901794324494E+09,  4.281977592564867E+09, -1.236831431041973E+08,
2448578.500000000, A.D. 1991-Nov-18 00:00:00.0000,  2.319464620186067E+09,  4.282192000527082E+09, -1.236462692615740E+08,
2448579.500000000, A.D. 1991-Nov-19 00:00:00.0000,  2.319027427308052E+09,  4.282406370890944E+09, -1.236093943838680E+08,
2448580.500000000, A.D. 1991-Nov-20 00:00:00.0000,  2.318590215699519E+09,  4.282620703654384E+09, -1.235725184716260E+08,
2448581.500000000, A.D. 1991-Nov-21 00:00:00.0000,  2.318152985369497E+09,  4.282834998815215E+09, -1.235356415254138E+08,
2448582.500000000, A.D. 1991-Nov-22 00:00:00.0000,  2.317715736327005E+09,  4.283049256371101E+09, -1.234987635458233E+08,
2448583.500000000, A.D. 1991-Nov-23 00:00:00.0000,  2.317278468581084E+09,  4.283263476319516E+09, -1.234618845334754E+08,
2448584.500000000, A.D. 1991-Nov-24 00:00:00.0000,  2.316841182140837E+09,  4.283477658657718E+09, -1.234250044890301E+08,
2448585.500000000, A.D. 1991-Nov-25 00:00:00.0000,  2.316403877015487E+09,  4.283691803382723E+09, -1.233881234131916E+08,
2448586.500000000, A.D. 1991-Nov-26 00:00:00.0000,  2.315966553214437E+09,  4.283905910491286E+09, -1.233512413067155E+08,
2448587.500000000, A.D. 1991-Nov-27 00:00:00.0000,  2.315529210747353E+09,  4.284119979979887E+09, -1.233143581704187E+08,
2448588.500000000, A.D. 1991-Nov-28 00:00:00.0000,  2.315091849624240E+09,  4.284334011844736E+09, -1.232774740051870E+08,
2448589.500000000, A.D. 1991-Nov-29 00:00:00.0000,  2.314654469855553E+09,  4.284548006081793E+09, -1.232405888119788E+08,
2448590.500000000, A.D. 1991-Nov-30 00:00:00.0000,  2.314217071452288E+09,  4.284761962686815E+09, -1.232037025918369E+08,
2448591.500000000, A.D. 1991-Dec-01 00:00:00.0000,  2.313779654426093E+09,  4.284975881655419E+09, -1.231668153458874E+08,
2448592.500000000, A.D. 1991-Dec-02 00:00:00.0000,  2.313342218789366E+09,  4.285189762983189E+09, -1.231299270753436E+08,
2448593.500000000, A.D. 1991-Dec-03 00:00:00.0000,  2.312904764555340E+09,  4.285403606665800E+09, -1.230930377815011E+08,
2448594.500000000, A.D. 1991-Dec-04 00:00:00.0000,  2.312467291738143E+09,  4.285617412699184E+09, -1.230561474657328E+08,
2448595.500000000, A.D. 1991-Dec-05 00:00:00.0000,  2.312029800352831E+09,  4.285831181079712E+09, -1.230192561294756E+08,
2448596.500000000, A.D. 1991-Dec-06 00:00:00.0000,  2.311592290415363E+09,  4.286044911804396E+09, -1.229823637742090E+08,
2448597.500000000, A.D. 1991-Dec-07 00:00:00.0000,  2.311154761942540E+09,  4.286258604871092E+09, -1.229454704014385E+08,
2448598.500000000, A.D. 1991-Dec-08 00:00:00.0000,  2.310717214951887E+09,  4.286472260278695E+09, -1.229085760126629E+08,
2448599.500000000, A.D. 1991-Dec-09 00:00:00.0000,  2.310279649461477E+09,  4.286685878027303E+09, -1.228716806093490E+08,
2448600.500000000, A.D. 1991-Dec-10 00:00:00.0000,  2.309842065489727E+09,  4.286899458118335E+09, -1.228347841929011E+08,
2448601.500000000, A.D. 1991-Dec-11 00:00:00.0000,  2.309404463055156E+09,  4.287113000554603E+09, -1.227978867646337E+08,
2448602.500000000, A.D. 1991-Dec-12 00:00:00.0000,  2.308966842176140E+09,  4.287326505340312E+09, -1.227609883257477E+08,
2448603.500000000, A.D. 1991-Dec-13 00:00:00.0000,  2.308529202870673E+09,  4.287539972481009E+09, -1.227240888773143E+08,
2448604.500000000, A.D. 1991-Dec-14 00:00:00.0000,  2.308091545156150E+09,  4.287753401983479E+09, -1.226871884202611E+08,
2448605.500000000, A.D. 1991-Dec-15 00:00:00.0000,  2.307653869049197E+09,  4.287966793855585E+09, -1.226502869553733E+08,
2448606.500000000, A.D. 1991-Dec-16 00:00:00.0000,  2.307216174565535E+09,  4.288180148106110E+09, -1.226133844832895E+08,
2448607.500000000, A.D. 1991-Dec-17 00:00:00.0000,  2.306778461719900E+09,  4.288393464744554E+09, -1.225764810045130E+08,
2448608.500000000, A.D. 1991-Dec-18 00:00:00.0000,  2.306340730526006E+09,  4.288606743780957E+09, -1.225395765194232E+08,
2448609.500000000, A.D. 1991-Dec-19 00:00:00.0000,  2.305902980996541E+09,  4.288819985225724E+09, -1.225026710282888E+08,
2448610.500000000, A.D. 1991-Dec-20 00:00:00.0000,  2.305465213143210E+09,  4.289033189089467E+09, -1.224657645312850E+08,
2448611.500000000, A.D. 1991-Dec-21 00:00:00.0000,  2.305027426976781E+09,  4.289246355382875E+09, -1.224288570285053E+08,
2448612.500000000, A.D. 1991-Dec-22 00:00:00.0000,  2.304589622507161E+09,  4.289459484116613E+09, -1.223919485199811E+08,
2448613.500000000, A.D. 1991-Dec-23 00:00:00.0000,  2.304151799743472E+09,  4.289672575301236E+09, -1.223550390056934E+08,
2448614.500000000, A.D. 1991-Dec-24 00:00:00.0000,  2.303713958694130E+09,  4.289885628947126E+09, -1.223181284855833E+08,
2448615.500000000, A.D. 1991-Dec-25 00:00:00.0000,  2.303276099366930E+09,  4.290098645064458E+09, -1.222812169595635E+08,
2448616.500000000, A.D. 1991-Dec-26 00:00:00.0000,  2.302838221769109E+09,  4.290311623663174E+09, -1.222443044275293E+08,
2448617.500000000, A.D. 1991-Dec-27 00:00:00.0000,  2.302400325907422E+09,  4.290524564752964E+09, -1.222073908893609E+08,
2448618.500000000, A.D. 1991-Dec-28 00:00:00.0000,  2.301962411788196E+09,  4.290737468343268E+09, -1.221704763449326E+08,
2448619.500000000, A.D. 1991-Dec-29 00:00:00.0000,  2.301524479417381E+09,  4.290950334443281E+09, -1.221335607941155E+08,
2448620.500000000, A.D. 1991-Dec-30 00:00:00.0000,  2.301086528800599E+09,  4.291163163061958E+09, -1.220966442367804E+08,
2448621.500000000, A.D. 1991-Dec-31 00:00:00.0000,  2.300648559943178E+09,  4.291375954208027E+09, -1.220597266728005E+08,
2448622.500000000, A.D. 1992-Jan-01 00:00:00.0000,  2.300210572850180E+09,  4.291588707890003E+09, -1.220228081020532E+08,
2448623.500000000, A.D. 1992-Jan-02 00:00:00.0000,  2.299772567526433E+09,  4.291801424116200E+09, -1.219858885244195E+08,
2448624.500000000, A.D. 1992-Jan-03 00:00:00.0000,  2.299334543976546E+09,  4.292014102894751E+09, -1.219489679397864E+08,
2448625.500000000, A.D. 1992-Jan-04 00:00:00.0000,  2.298896502204929E+09,  4.292226744233614E+09, -1.219120463480453E+08,
2448626.500000000, A.D. 1992-Jan-05 00:00:00.0000,  2.298458442215805E+09,  4.292439348140594E+09, -1.218751237490935E+08,
2448627.500000000, A.D. 1992-Jan-06 00:00:00.0000,  2.298020364013217E+09,  4.292651914623350E+09, -1.218382001428325E+08,
2448628.500000000, A.D. 1992-Jan-07 00:00:00.0000,  2.297582267601043E+09,  4.292864443689404E+09, -1.218012755291677E+08,
2448629.500000000, A.D. 1992-Jan-08 00:00:00.0000,  2.297144152982993E+09,  4.293076935346154E+09, -1.217643499080081E+08,
2448630.500000000, A.D. 1992-Jan-09 00:00:00.0000,  2.296706020162621E+09,  4.293289389600886E+09, -1.217274232792659E+08,
2448631.500000000, A.D. 1992-Jan-10 00:00:00.0000,  2.296267869143322E+09,  4.293501806460773E+09, -1.216904956428564E+08,
2448632.500000000, A.D. 1992-Jan-11 00:00:00.0000,  2.295829699928336E+09,  4.293714185932889E+09, -1.216535669986959E+08,
2448633.500000000, A.D. 1992-Jan-12 00:00:00.0000,  2.295391512520751E+09,  4.293926528024207E+09, -1.216166373467002E+08,
2448634.500000000, A.D. 1992-Jan-13 00:00:00.0000,  2.294953306923501E+09,  4.294138832741612E+09, -1.215797066867890E+08,
2448635.500000000, A.D. 1992-Jan-14 00:00:00.0000,  2.294515083139362E+09,  4.294351100091896E+09, -1.215427750188777E+08,
2448636.500000000, A.D. 1992-Jan-15 00:00:00.0000,  2.294076841170962E+09,  4.294563330081765E+09, -1.215058423428848E+08,
2448637.500000000, A.D. 1992-Jan-16 00:00:00.0000,  2.293638581020771E+09,  4.294775522717838E+09, -1.214689086587248E+08,
2448638.500000000, A.D. 1992-Jan-17 00:00:00.0000,  2.293200302691100E+09,  4.294987678006653E+09, -1.214319739663119E+08,
2448639.500000000, A.D. 1992-Jan-18 00:00:00.0000,  2.292762006184103E+09,  4.295199795954658E+09, -1.213950382655575E+08,
2448640.500000000, A.D. 1992-Jan-19 00:00:00.0000,  2.292323691501781E+09,  4.295411876568218E+09, -1.213581015563707E+08,
2448641.500000000, A.D. 1992-Jan-20 00:00:00.0000,  2.291885358645965E+09,  4.295623919853616E+09, -1.213211638386576E+08,
2448642.500000000, A.D. 1992-Jan-21 00:00:00.0000,  2.291447007618329E+09,  4.295835925817040E+09, -1.212842251123197E+08,
2448643.500000000, A.D. 1992-Jan-22 00:00:00.0000,  2.291008638420382E+09,  4.296047894464595E+09, -1.212472853772566E+08,
2448644.500000000, A.D. 1992-Jan-23 00:00:00.0000,  2.290570251053470E+09,  4.296259825802290E+09, -1.212103446333635E+08,
2448645.500000000, A.D. 1992-Jan-24 00:00:00.0000,  2.290131845518766E+09,  4.296471719836038E+09, -1.211734028805311E+08,
2448646.500000000, A.D. 1992-Jan-25 00:00:00.0000,  2.289693421817279E+09,  4.296683576571656E+09, -1.211364601186461E+08,
2448647.500000000, A.D. 1992-Jan-26 00:00:00.0000,  2.289254979949844E+09,  4.296895396014855E+09, -1.210995163475900E+08,
2448648.500000000, A.D. 1992-Jan-27 00:00:00.0000,  2.288816519917125E+09,  4.297107178171242E+09, -1.210625715672407E+08,
2448649.500000000, A.D. 1992-Jan-28 00:00:00.0000,  2.288378041719612E+09,  4.297318923046306E+09, -1.210256257774715E+08,
2448650.500000000, A.D. 1992-Jan-29 00:00:00.0000,  2.287939545357617E+09,  4.297530630645420E+09, -1.209886789781504E+08,
2448651.500000000, A.D. 1992-Jan-30 00:00:00.0000,  2.287501030831276E+09,  4.297742300973836E+09, -1.209517311691413E+08,
2448652.500000000, A.D. 1992-Jan-31 00:00:00.0000,  2.287062498140545E+09,  4.297953934036667E+09, -1.209147823503029E+08,
2448653.500000000, A.D. 1992-Feb-01 00:00:00.0000,  2.286623947285199E+09,  4.298165529838895E+09, -1.208778325214915E+08,
2448654.500000000, A.D. 1992-Feb-02 00:00:00.0000,  2.286185378264827E+09,  4.298377088385345E+09, -1.208408816825566E+08,
2448655.500000000, A.D. 1992-Feb-03 00:00:00.0000,  2.285746791078839E+09,  4.298588609680693E+09, -1.208039298333459E+08,
2448656.500000000, A.D. 1992-Feb-04 00:00:00.0000,  2.285308185726454E+09,  4.298800093729442E+09, -1.207669769737031E+08,
2448657.500000000, A.D. 1992-Feb-05 00:00:00.0000,  2.284869562206708E+09,  4.299011540535918E+09, -1.207300231034698E+08,
2448658.500000000, A.D. 1992-Feb-06 00:00:00.0000,  2.284430920518448E+09,  4.299222950104257E+09, -1.206930682224841E+08,
2448659.500000000, A.D. 1992-Feb-07 00:00:00.0000,  2.283992260660333E+09,  4.299434322438387E+09, -1.206561123305848E+08,
2448660.500000000, A.D. 1992-Feb-08 00:00:00.0000,  2.283553582630837E+09,  4.299645657542014E+09, -1.206191554276090E+08,
2448661.500000000, A.D. 1992-Feb-09 00:00:00.0000,  2.283114886428245E+09,  4.299856955418607E+09, -1.205821975133953E+08,
2448662.500000000, A.D. 1992-Feb-10 00:00:00.0000,  2.282676172050665E+09,  4.300068216071380E+09, -1.205452385877852E+08,
2448663.500000000, A.D. 1992-Feb-11 00:00:00.0000,  2.282237439496021E+09,  4.300279439503263E+09, -1.205082786506248E+08,
2448664.500000000, A.D. 1992-Feb-12 00:00:00.0000,  2.281798688762070E+09,  4.300490625716888E+09, -1.204713177017665E+08,
2448665.500000000, A.D. 1992-Feb-13 00:00:00.0000,  2.281359919846403E+09,  4.300701774714560E+09, -1.204343557410724E+08,
2448666.500000000, A.D. 1992-Feb-14 00:00:00.0000,  2.280921132746463E+09,  4.300912886498228E+09, -1.203973927684166E+08,
2448667.500000000, A.D. 1992-Feb-15 00:00:00.0000,  2.280482327459557E+09,  4.301123961069459E+09, -1.203604287836897E+08,
2448668.500000000, A.D. 1992-Feb-16 00:00:00.0000,  2.280043503982882E+09,  4.301334998429405E+09, -1.203234637868030E+08,
2448669.500000000, A.D. 1992-Feb-17 00:00:00.0000,  2.279604662313549E+09,  4.301545998578772E+09, -1.202864977776916E+08,
2448670.500000000, A.D. 1992-Feb-18 00:00:00.0000,  2.279165802448616E+09,  4.301756961517783E+09, -1.202495307563238E+08,
2448671.500000000, A.D. 1992-Feb-19 00:00:00.0000,  2.278726924385137E+09,  4.301967887246154E+09, -1.202125627227025E+08,
2448672.500000000, A.D. 1992-Feb-20 00:00:00.0000,  2.278288028120207E+09,  4.302178775763052E+09, -1.201755936768777E+08,
2448673.500000000, A.D. 1992-Feb-21 00:00:00.0000,  2.277849113651030E+09,  4.302389627067080E+09, -1.201386236189494E+08,
2448674.500000000, A.D. 1992-Feb-22 00:00:00.0000,  2.277410180974990E+09,  4.302600441156252E+09, -1.201016525490782E+08,
2448675.500000000, A.D. 1992-Feb-23 00:00:00.0000,  2.276971230089740E+09,  4.302811218027980E+09, -1.200646804674940E+08,
2448676.500000000, A.D. 1992-Feb-24 00:00:00.0000,  2.276532260993295E+09,  4.303021957679088E+09, -1.200277073745029E+08,
2448677.500000000, A.D. 1992-Feb-25 00:00:00.0000,  2.276093273684139E+09,  4.303232660105826E+09, -1.199907332704957E+08,
2448678.500000000, A.D. 1992-Feb-26 00:00:00.0000,  2.275654268161339E+09,  4.303443325303923E+09, -1.199537581559544E+08,
2448679.500000000, A.D. 1992-Feb-27 00:00:00.0000,  2.275215244424658E+09,  4.303653953268653E+09, -1.199167820314560E+08,
2448680.500000000, A.D. 1992-Feb-28 00:00:00.0000,  2.274776202474659E+09,  4.303864543994943E+09, -1.198798048976748E+08,
2448681.500000000, A.D. 1992-Feb-29 00:00:00.0000,  2.274337142312804E+09,  4.304075097477501E+09, -1.198428267553773E+08,
2448682.500000000, A.D. 1992-Mar-01 00:00:00.0000,  2.273898063941518E+09,  4.304285613710987E+09, -1.198058476054194E+08,
2448683.500000000, A.D. 1992-Mar-02 00:00:00.0000,  2.273458967364229E+09,  4.304496092690197E+09, -1.197688674487295E+08,
2448684.500000000, A.D. 1992-Mar-03 00:00:00.0000,  2.273019852585353E+09,  4.304706534410267E+09, -1.197318862862937E+08,
2448685.500000000, A.D. 1992-Mar-04 00:00:00.0000,  2.272580719610235E+09,  4.304916938866882E+09, -1.196949041191318E+08,
2448686.500000000, A.D. 1992-Mar-05 00:00:00.0000,  2.272141568445042E+09,  4.305127306056475E+09, -1.196579209482718E+08,
2448687.500000000, A.D. 1992-Mar-06 00:00:00.0000,  2.271702399096591E+09,  4.305337635976384E+09, -1.196209367747200E+08,
2448688.500000000, A.D. 1992-Mar-07 00:00:00.0000,  2.271263211572152E+09,  4.305547928624988E+09, -1.195839515994325E+08,
2448689.500000000, A.D. 1992-Mar-08 00:00:00.0000,  2.270824005879214E+09,  4.305758184001765E+09, -1.195469654232893E+08,
2448690.500000000, A.D. 1992-Mar-09 00:00:00.0000,  2.270384782025247E+09,  4.305968402107308E+09, -1.195099782470715E+08,
2448691.500000000, A.D. 1992-Mar-10 00:00:00.0000,  2.269945540017470E+09,  4.306178582943269E+09, -1.194729900714412E+08,
2448692.500000000, A.D. 1992-Mar-11 00:00:00.0000,  2.269506279862645E+09,  4.306388726512256E+09, -1.194360008969343E+08,
2448693.500000000, A.D. 1992-Mar-12 00:00:00.0000,  2.269067001566911E+09,  4.306598832817689E+09, -1.193990107239563E+08,
2448694.500000000, A.D. 1992-Mar-13 00:00:00.0000,  2.268627705135663E+09,  4.306808901863633E+09, -1.193620195527842E+08,
2448695.500000000, A.D. 1992-Mar-14 00:00:00.0000,  2.268188390573474E+09,  4.307018933654605E+09, -1.193250273835740E+08,
2448696.500000000, A.D. 1992-Mar-15 00:00:00.0000,  2.267749057884068E+09,  4.307228928195408E+09, -1.192880342163744E+08,
2448697.500000000, A.D. 1992-Mar-16 00:00:00.0000,  2.267309707070329E+09,  4.307438885490950E+09, -1.192510400511394E+08,
2448698.500000000, A.D. 1992-Mar-17 00:00:00.0000,  2.266870338134337E+09,  4.307648805546104E+09, -1.192140448877451E+08,
2448699.500000000, A.D. 1992-Mar-18 00:00:00.0000,  2.266430951077437E+09,  4.307858688365582E+09, -1.191770487260051E+08,
2448700.500000000, A.D. 1992-Mar-19 00:00:00.0000,  2.265991545900314E+09,  4.308068533953837E+09, -1.191400515656860E+08,
2448701.500000000, A.D. 1992-Mar-20 00:00:00.0000,  2.265552122603071E+09,  4.308278342314983E+09, -1.191030534065213E+08,
2448702.500000000, A.D. 1992-Mar-21 00:00:00.0000,  2.265112681185322E+09,  4.308488113452750E+09, -1.190660542482224E+08,
2448703.500000000, A.D. 1992-Mar-22 00:00:00.0000,  2.264673221646274E+09,  4.308697847370443E+09, -1.190290540904901E+08,
2448704.500000000, A.D. 1992-Mar-23 00:00:00.0000,  2.264233743984803E+09,  4.308907544070929E+09, -1.189920529330232E+08,
2448705.500000000, A.D. 1992-Mar-24 00:00:00.0000,  2.263794248199525E+09,  4.309117203556627E+09, -1.189550507755253E+08,
2448706.500000000, A.D. 1992-Mar-25 00:00:00.0000,  2.263354734288865E+09,  4.309326825829520E+09, -1.189180476177094E+08,
2448707.500000000, A.D. 1992-Mar-26 00:00:00.0000,  2.262915202251108E+09,  4.309536410891155E+09, -1.188810434593046E+08,
2448708.500000000, A.D. 1992-Mar-27 00:00:00.0000,  2.262475652084445E+09,  4.309745958742665E+09, -1.188440383000562E+08,
2448709.500000000, A.D. 1992-Mar-28 00:00:00.0000,  2.262036083787024E+09,  4.309955469384789E+09, -1.188070321397309E+08,
2448710.500000000, A.D. 1992-Mar-29 00:00:00.0000,  2.261596497356974E+09,  4.310164942817887E+09, -1.187700249781153E+08,
2448711.500000000, A.D. 1992-Mar-30 00:00:00.0000,  2.261156892792439E+09,  4.310374379041971E+09, -1.187330168150189E+08,
2448712.500000000, A.D. 1992-Mar-31 00:00:00.0000,  2.260717270091604E+09,  4.310583778056719E+09, -1.186960076502750E+08,
2448713.500000000, A.D. 1992-Apr-01 00:00:00.0000,  2.260277629252707E+09,  4.310793139861497E+09, -1.186589974837379E+08,
2448714.500000000, A.D. 1992-Apr-02 00:00:00.0000,  2.259837970274065E+09,  4.311002464455383E+09, -1.186219863152876E+08,
2448715.500000000, A.D. 1992-Apr-03 00:00:00.0000,  2.259398293154082E+09,  4.311211751837187E+09, -1.185849741448231E+08,
2448716.500000000, A.D. 1992-Apr-04 00:00:00.0000,  2.258958597891254E+09,  4.311421002005465E+09, -1.185479609722672E+08,
2448717.500000000, A.D. 1992-Apr-05 00:00:00.0000,  2.258518884484189E+09,  4.311630214958541E+09, -1.185109467975643E+08,
2448718.500000000, A.D. 1992-Apr-06 00:00:00.0000,  2.258079152931602E+09,  4.311839390694523E+09, -1.184739316206782E+08,
2448719.500000000, A.D. 1992-Apr-07 00:00:00.0000,  2.257639403232327E+09,  4.312048529211313E+09, -1.184369154415939E+08,
2448720.500000000, A.D. 1992-Apr-08 00:00:00.0000,  2.257199635385318E+09,  4.312257630506630E+09, -1.183998982603133E+08,
2448721.500000000, A.D. 1992-Apr-09 00:00:00.0000,  2.256759849389650E+09,  4.312466694578012E+09, -1.183628800768597E+08,
2448722.500000000, A.D. 1992-Apr-10 00:00:00.0000,  2.256320045244526E+09,  4.312675721422841E+09, -1.183258608912730E+08,
2448723.500000000, A.D. 1992-Apr-11 00:00:00.0000,  2.255880222949272E+09,  4.312884711038341E+09, -1.182888407036085E+08,
2448724.500000000, A.D. 1992-Apr-12 00:00:00.0000,  2.255440382503338E+09,  4.313093663421595E+09, -1.182518195139401E+08,
2448725.500000000, A.D. 1992-Apr-13 00:00:00.0000,  2.255000523906301E+09,  4.313302578569556E+09, -1.182147973223560E+08,
2448726.500000000, A.D. 1992-Apr-14 00:00:00.0000,  2.254560647157866E+09,  4.313511456479053E+09, -1.181777741289597E+08,
2448727.500000000, A.D. 1992-Apr-15 00:00:00.0000,  2.254120752257855E+09,  4.313720297146800E+09, -1.181407499338696E+08,
2448728.500000000, A.D. 1992-Apr-16 00:00:00.0000,  2.253680839206220E+09,  4.313929100569401E+09, -1.181037247372177E+08,
2448729.500000000, A.D. 1992-Apr-17 00:00:00.0000,  2.253240908003028E+09,  4.314137866743359E+09, -1.180666985391479E+08,
2448730.500000000, A.D. 1992-Apr-18 00:00:00.0000,  2.252800958648469E+09,  4.314346595665083E+09, -1.180296713398199E+08,
2448731.500000000, A.D. 1992-Apr-19 00:00:00.0000,  2.252360991142846E+09,  4.314555287330893E+09, -1.179926431394019E+08,
2448732.500000000, A.D. 1992-Apr-20 00:00:00.0000,  2.251921005486580E+09,  4.314763941737023E+09, -1.179556139380774E+08,
2448733.500000000, A.D. 1992-Apr-21 00:00:00.0000,  2.251481001680202E+09,  4.314972558879631E+09, -1.179185837360382E+08,
2448734.500000000, A.D. 1992-Apr-22 00:00:00.0000,  2.251040979724350E+09,  4.315181138754795E+09, -1.178815525334892E+08,
2448735.500000000, A.D. 1992-Apr-23 00:00:00.0000,  2.250600939619772E+09,  4.315389681358523E+09, -1.178445203306444E+08,
2448736.500000000, A.D. 1992-Apr-24 00:00:00.0000,  2.250160881367315E+09,  4.315598186686757E+09, -1.178074871277285E+08,
2448737.500000000, A.D. 1992-Apr-25 00:00:00.0000,  2.249720804967927E+09,  4.315806654735368E+09, -1.177704529249763E+08,
2448738.500000000, A.D. 1992-Apr-26 00:00:00.0000,  2.249280710422648E+09,  4.316015085500164E+09, -1.177334177226312E+08,
2448739.500000000, A.D. 1992-Apr-27 00:00:00.0000,  2.248840597732615E+09,  4.316223478976892E+09, -1.176963815209472E+08,
2448740.500000000, A.D. 1992-Apr-28 00:00:00.0000,  2.248400466899046E+09,  4.316431835161231E+09, -1.176593443201859E+08,
2448741.500000000, A.D. 1992-Apr-29 00:00:00.0000,  2.247960317923246E+09,  4.316640154048800E+09, -1.176223061206191E+08,
2448742.500000000, A.D. 1992-Apr-30 00:00:00.0000,  2.247520150806597E+09,  4.316848435635152E+09, -1.175852669225273E+08,
2448743.500000000, A.D. 1992-May-01 00:00:00.0000,  2.247079965550557E+09,  4.317056679915772E+09, -1.175482267261994E+08,
2448744.500000000, A.D. 1992-May-02 00:00:00.0000,  2.246639762156651E+09,  4.317264886886076E+09, -1.175111855319324E+08,
2448745.500000000, A.D. 1992-May-03 00:00:00.0000,  2.246199540626474E+09,  4.317473056541403E+09, -1.174741433400347E+08,
2448746.500000000, A.D. 1992-May-04 00:00:00.0000,  2.245759300961680E+09,  4.317681188877012E+09, -1.174371001508234E+08,
2448747.500000000, A.D. 1992-May-05 00:00:00.0000,  2.245319043163980E+09,  4.317889283888074E+09, -1.174000559646246E+08,
2448748.500000000, A.D. 1992-May-06 00:00:00.0000,  2.244878767235141E+09,  4.318097341569661E+09, -1.173630107817774E+08,
2448749.500000000, A.D. 1992-May-07 00:00:00.0000,  2.244438473176983E+09,  4.318305361916739E+09, -1.173259646026289E+08,
2448750.500000000, A.D. 1992-May-08 00:00:00.0000,  2.243998160991377E+09,  4.318513344924151E+09, -1.172889174275432E+08,
2448751.500000000, A.D. 1992-May-09 00:00:00.0000,  2.243557830680245E+09,  4.318721290586607E+09, -1.172518692568965E+08,
2448752.500000000, A.D. 1992-May-10 00:00:00.0000,  2.243117482245562E+09,  4.318929198898661E+09, -1.172148200910809E+08,
2448753.500000000, A.D. 1992-May-11 00:00:00.0000,  2.242677115689360E+09,  4.319137069854695E+09, -1.171777699305077E+08,
2448754.500000000, A.D. 1992-May-12 00:00:00.0000,  2.242236731013740E+09,  4.319344903448904E+09, -1.171407187756090E+08,
2448755.500000000, A.D. 1992-May-13 00:00:00.0000,  2.241796328220877E+09,  4.319552699675257E+09, -1.171036666268408E+08,
2448756.500000000, A.D. 1992-May-14 00:00:00.0000,  2.241355907313041E+09,  4.319760458527488E+09, -1.170666134846895E+08,
2448757.500000000, A.D. 1992-May-15 00:00:00.0000,  2.240915468292619E+09,  4.319968179999056E+09, -1.170295593496706E+08,
2448758.500000000, A.D. 1992-May-16 00:00:00.0000,  2.240475011162141E+09,  4.320175864083129E+09, -1.169925042223418E+08,
2448759.500000000, A.D. 1992-May-17 00:00:00.0000,  2.240034535924323E+09,  4.320383510772547E+09, -1.169554481033006E+08,
2448760.500000000, A.D. 1992-May-18 00:00:00.0000,  2.239594042582108E+09,  4.320591120059799E+09, -1.169183909931984E+08,
2448761.500000000, A.D. 1992-May-19 00:00:00.0000,  2.239153531138729E+09,  4.320798691937008E+09, -1.168813328927424E+08,
2448762.500000000, A.D. 1992-May-20 00:00:00.0000,  2.238713001597771E+09,  4.321006226395908E+09, -1.168442738027060E+08,
2448763.500000000, A.D. 1992-May-21 00:00:00.0000,  2.238272453963260E+09,  4.321213723427847E+09, -1.168072137239366E+08,
2448764.500000000, A.D. 1992-May-22 00:00:00.0000,  2.237831888239744E+09,  4.321421183023792E+09, -1.167701526573620E+08,
2448765.500000000, A.D. 1992-May-23 00:00:00.0000,  2.237391304432400E+09,  4.321628605174356E+09, -1.167330906039999E+08,
2448766.500000000, A.D. 1992-May-24 00:00:00.0000,  2.236950702547138E+09,  4.321835989869856E+09, -1.166960275649610E+08,
2448767.500000000, A.D. 1992-May-25 00:00:00.0000,  2.236510082590706E+09,  4.322043337100378E+09, -1.166589635414550E+08,
2448768.500000000, A.D. 1992-May-26 00:00:00.0000,  2.236069444570792E+09,  4.322250646855897E+09, -1.166218985347910E+08,
2448769.500000000, A.D. 1992-May-27 00:00:00.0000,  2.235628788496111E+09,  4.322457919126407E+09, -1.165848325463724E+08,
2448770.500000000, A.D. 1992-May-28 00:00:00.0000,  2.235188114376465E+09,  4.322665153902092E+09, -1.165477655776920E+08,
2448771.500000000, A.D. 1992-May-29 00:00:00.0000,  2.234747422222772E+09,  4.322872351173519E+09, -1.165106976303170E+08,
2448772.500000000, A.D. 1992-May-30 00:00:00.0000,  2.234306712047042E+09,  4.323079510931847E+09, -1.164736287058718E+08,
2448773.500000000, A.D. 1992-May-31 00:00:00.0000,  2.233865983862317E+09,  4.323286633169029E+09, -1.164365588060131E+08,
2448774.500000000, A.D. 1992-Jun-01 00:00:00.0000,  2.233425237682539E+09,  4.323493717878025E+09, -1.163994879324045E+08,
2448775.500000000, A.D. 1992-Jun-02 00:00:00.0000,  2.232984473522389E+09,  4.323700765052954E+09, -1.163624160866873E+08,
2448776.500000000, A.D. 1992-Jun-03 00:00:00.0000,  2.232543691397067E+09,  4.323907774689226E+09, -1.163253432704494E+08,
2448777.500000000, A.D. 1992-Jun-04 00:00:00.0000,  2.232102891322055E+09,  4.324114746783613E+09, -1.162882694851997E+08,
2448778.500000000, A.D. 1992-Jun-05 00:00:00.0000,  2.231662073312873E+09,  4.324321681334253E+09, -1.162511947323439E+08,
2448779.500000000, A.D. 1992-Jun-06 00:00:00.0000,  2.231221237384836E+09,  4.324528578340599E+09, -1.162141190131691E+08,
2448780.500000000, A.D. 1992-Jun-07 00:00:00.0000,  2.230780383552847E+09,  4.324735437803315E+09, -1.161770423288295E+08,
2448781.500000000, A.D. 1992-Jun-08 00:00:00.0000,  2.230339511831223E+09,  4.324942259724134E+09, -1.161399646803463E+08,
2448782.500000000, A.D. 1992-Jun-09 00:00:00.0000,  2.229898622233560E+09,  4.325149044105687E+09, -1.161028860686076E+08,
2448783.500000000, A.D. 1992-Jun-10 00:00:00.0000,  2.229457714772659E+09,  4.325355790951318E+09, -1.160658064943759E+08,
2448784.500000000, A.D. 1992-Jun-11 00:00:00.0000,  2.229016789460493E+09,  4.325562500264906E+09, -1.160287259583027E+08,
2448785.500000000, A.D. 1992-Jun-12 00:00:00.0000,  2.228575846308197E+09,  4.325769172050700E+09, -1.159916444609380E+08,
2448786.500000000, A.D. 1992-Jun-13 00:00:00.0000,  2.228134885326114E+09,  4.325975806313174E+09, -1.159545620027499E+08,
2448787.500000000, A.D. 1992-Jun-14 00:00:00.0000,  2.227693906523842E+09,  4.326182403056894E+09, -1.159174785841379E+08,
2448788.500000000, A.D. 1992-Jun-15 00:00:00.0000,  2.227252909910310E+09,  4.326388962286429E+09, -1.158803942054458E+08,
2448789.500000000, A.D. 1992-Jun-16 00:00:00.0000,  2.226811895493846E+09,  4.326595484006274E+09, -1.158433088669784E+08,
2448790.500000000, A.D. 1992-Jun-17 00:00:00.0000,  2.226370863282264E+09,  4.326801968220792E+09, -1.158062225690114E+08,
2448791.500000000, A.D. 1992-Jun-18 00:00:00.0000,  2.225929813282934E+09,  4.327008414934186E+09, -1.157691353118014E+08,
2448792.500000000, A.D. 1992-Jun-19 00:00:00.0000,  2.225488745502851E+09,  4.327214824150479E+09, -1.157320470955939E+08,
2448793.500000000, A.D. 1992-Jun-20 00:00:00.0000,  2.225047659948709E+09,  4.327421195873505E+09, -1.156949579206300E+08,
2448794.500000000, A.D. 1992-Jun-21 00:00:00.0000,  2.224606556626940E+09,  4.327627530106911E+09, -1.156578677871523E+08,
2448795.500000000, A.D. 1992-Jun-22 00:00:00.0000,  2.224165435543777E+09,  4.327833826854170E+09, -1.156207766954067E+08,
2448796.500000000, A.D. 1992-Jun-23 00:00:00.0000,  2.223724296705287E+09,  4.328040086118590E+09, -1.155836846456478E+08,
2448797.500000000, A.D. 1992-Jun-24 00:00:00.0000,  2.223283140117407E+09,  4.328246307903338E+09, -1.155465916381378E+08,
2448798.500000000, A.D. 1992-Jun-25 00:00:00.0000,  2.222841965785967E+09,  4.328452492211449E+09, -1.155094976731498E+08,
2448799.500000000, A.D. 1992-Jun-26 00:00:00.0000,  2.222400773716720E+09,  4.328658639045849E+09, -1.154724027509670E+08,
2448800.500000000, A.D. 1992-Jun-27 00:00:00.0000,  2.221959563915347E+09,  4.328864748409379E+09, -1.154353068718843E+08,
2448801.500000000, A.D. 1992-Jun-28 00:00:00.0000,  2.221518336387480E+09,  4.329070820304803E+09, -1.153982100362060E+08,
2448802.500000000, A.D. 1992-Jun-29 00:00:00.0000,  2.221077091138703E+09,  4.329276854734835E+09, -1.153611122442465E+08,
2448803.500000000, A.D. 1992-Jun-30 00:00:00.0000,  2.220635828174563E+09,  4.329482851702148E+09, -1.153240134963295E+08,
2448804.500000000, A.D. 1992-Jul-01 00:00:00.0000,  2.220194547500570E+09,  4.329688811209394E+09, -1.152869137927868E+08,
2448805.500000000, A.D. 1992-Jul-02 00:00:00.0000,  2.219753249122200E+09,  4.329894733259211E+09, -1.152498131339576E+08,
2448806.500000000, A.D. 1992-Jul-03 00:00:00.0000,  2.219311933044893E+09,  4.330100617854240E+09, -1.152127115201874E+08,
2448807.500000000, A.D. 1992-Jul-04 00:00:00.0000,  2.218870599274053E+09,  4.330306464997140E+09, -1.151756089518275E+08,
2448808.500000000, A.D. 1992-Jul-05 00:00:00.0000,  2.218429247815043E+09,  4.330512274690582E+09, -1.151385054292314E+08,
2448809.500000000, A.D. 1992-Jul-06 00:00:00.0000,  2.217987878673183E+09,  4.330718046937272E+09, -1.151014009527588E+08,
2448810.500000000, A.D. 1992-Jul-07 00:00:00.0000,  2.217546491853745E+09,  4.330923781739955E+09, -1.150642955227695E+08,
2448811.500000000, A.D. 1992-Jul-08 00:00:00.0000,  2.217105087361947E+09,  4.331129479101411E+09, -1.150271891396246E+08,
2448812.500000000, A.D. 1992-Jul-09 00:00:00.0000,  2.216663665202945E+09,  4.331335139024472E+09, -1.149900818036869E+08,
2448813.500000000, A.D. 1992-Jul-10 00:00:00.0000,  2.216222225381835E+09,  4.331540761512020E+09, -1.149529735153162E+08,
2448814.500000000, A.D. 1992-Jul-11 00:00:00.0000,  2.215780767903637E+09,  4.331746346566992E+09, -1.149158642748737E+08,
2448815.500000000, A.D. 1992-Jul-12 00:00:00.0000,  2.215339292773297E+09,  4.331951894192377E+09, -1.148787540827157E+08,
2448816.500000000, A.D. 1992-Jul-13 00:00:00.0000,  2.214897799995672E+09,  4.332157404391225E+09, -1.148416429391968E+08,
2448817.500000000, A.D. 1992-Jul-14 00:00:00.0000,  2.214456289575532E+09,  4.332362877166637E+09, -1.148045308446667E+08,
2448818.500000000, A.D. 1992-Jul-15 00:00:00.0000,  2.214014761517546E+09,  4.332568312521778E+09, -1.147674177994704E+08,
2448819.500000000, A.D. 1992-Jul-16 00:00:00.0000,  2.213573215826279E+09,  4.332773710459866E+09, -1.147303038039496E+08,
2448820.500000000, A.D. 1992-Jul-17 00:00:00.0000,  2.213131652506186E+09,  4.332979070984171E+09, -1.146931888584366E+08,
2448821.500000000, A.D. 1992-Jul-18 00:00:00.0000,  2.212690071561599E+09,  4.333184394098016E+09, -1.146560729632599E+08,
2448822.500000000, A.D. 1992-Jul-19 00:00:00.0000,  2.212248472996728E+09,  4.333389679804775E+09, -1.146189561187406E+08,
2448823.500000000, A.D. 1992-Jul-20 00:00:00.0000,  2.211806856815650E+09,  4.333594928107864E+09, -1.145818383251903E+08,
2448824.500000000, A.D. 1992-Jul-21 00:00:00.0000,  2.211365223022298E+09,  4.333800139010743E+09, -1.145447195829151E+08,
2448825.500000000, A.D. 1992-Jul-22 00:00:00.0000,  2.210923571620463E+09,  4.334005312516902E+09, -1.145075998922102E+08,
2448826.500000000, A.D. 1992-Jul-23 00:00:00.0000,  2.210481902613780E+09,  4.334210448629867E+09, -1.144704792533636E+08,
2448827.500000000, A.D. 1992-Jul-24 00:00:00.0000,  2.210040216005725E+09,  4.334415547353180E+09, -1.144333576666536E+08,
2448828.500000000, A.D. 1992-Jul-25 00:00:00.0000,  2.209598511799605E+09,  4.334620608690407E+09, -1.143962351323490E+08,
2448829.500000000, A.D. 1992-Jul-26 00:00:00.0000,  2.209156789998553E+09,  4.334825632645112E+09, -1.143591116507099E+08,
2448830.500000000, A.D. 1992-Jul-27 00:00:00.0000,  2.208715050605523E+09,  4.335030619220863E+09, -1.143219872219851E+08,
2448831.500000000, A.D. 1992-Jul-28 00:00:00.0000,  2.208273293623280E+09,  4.335235568421214E+09, -1.142848618464148E+08,
2448832.500000000, A.D. 1992-Jul-29 00:00:00.0000,  2.207831519054396E+09,  4.335440480249693E+09, -1.142477355242310E+08,
2448833.500000000, A.D. 1992-Jul-30 00:00:00.0000,  2.207389726901246E+09,  4.335645354709794E+09, -1.142106082556536E+08,
2448834.500000000, A.D. 1992-Jul-31 00:00:00.0000,  2.206947917165997E+09,  4.335850191804955E+09, -1.141734800408957E+08,
2448835.500000000, A.D. 1992-Aug-01 00:00:00.0000,  2.206506089850612E+09,  4.336054991538554E+09, -1.141363508801627E+08,
2448836.500000000, A.D. 1992-Aug-02 00:00:00.0000,  2.206064244956835E+09,  4.336259753913878E+09, -1.140992207736504E+08,
2448837.500000000, A.D. 1992-Aug-03 00:00:00.0000,  2.205622382486200E+09,  4.336464478934114E+09, -1.140620897215490E+08,
2448838.500000000, A.D. 1992-Aug-04 00:00:00.0000,  2.205180502440020E+09,  4.336669166602324E+09, -1.140249577240455E+08,
2448839.500000000, A.D. 1992-Aug-05 00:00:00.0000,  2.204738604819392E+09,  4.336873816921421E+09, -1.139878247813203E+08,
2448840.500000000, A.D. 1992-Aug-06 00:00:00.0000,  2.204296689625197E+09,  4.337078429894145E+09, -1.139506908935537E+08,
2448841.500000000, A.D. 1992-Aug-07 00:00:00.0000,  2.203854756858111E+09,  4.337283005523036E+09, -1.139135560609276E+08,
2448842.500000000, A.D. 1992-Aug-08 00:00:00.0000,  2.203412806518604E+09,  4.337487543810401E+09, -1.138764202836258E+08,
2448843.500000000, A.D. 1992-Aug-09 00:00:00.0000,  2.202970838606959E+09,  4.337692044758286E+09, -1.138392835618410E+08,
2448844.500000000, A.D. 1992-Aug-10 00:00:00.0000,  2.202528853123292E+09,  4.337896508368437E+09, -1.138021458957767E+08,
2448845.500000000, A.D. 1992-Aug-11 00:00:00.0000,  2.202086850067570E+09,  4.338100934642271E+09, -1.137650072856522E+08,
2448846.500000000, A.D. 1992-Aug-12 00:00:00.0000,  2.201644829439647E+09,  4.338305323580835E+09, -1.137278677317090E+08,
2448847.500000000, A.D. 1992-Aug-13 00:00:00.0000,  2.201202791239301E+09,  4.338509675184774E+09, -1.136907272342155E+08,
2448848.500000000, A.D. 1992-Aug-14 00:00:00.0000,  2.200760735466285E+09,  4.338713989454295E+09, -1.136535857934749E+08,
2448849.500000000, A.D. 1992-Aug-15 00:00:00.0000,  2.200318662120390E+09,  4.338918266389138E+09, -1.136164434098344E+08,
2448850.500000000, A.D. 1992-Aug-16 00:00:00.0000,  2.199876571201510E+09,  4.339122505988559E+09, -1.135793000836887E+08,
2448851.500000000, A.D. 1992-Aug-17 00:00:00.0000,  2.199434462709733E+09,  4.339326708251307E+09, -1.135421558154929E+08,
2448852.500000000, A.D. 1992-Aug-18 00:00:00.0000,  2.198992336645431E+09,  4.339530873175642E+09, -1.135050106057692E+08,
2448853.500000000, A.D. 1992-Aug-19 00:00:00.0000,  2.198550193009362E+09,  4.339735000759340E+09, -1.134678644551125E+08,
2448854.500000000, A.D. 1992-Aug-20 00:00:00.0000,  2.198108031802787E+09,  4.339939090999748E+09, -1.134307173641989E+08,
2448855.500000000, A.D. 1992-Aug-21 00:00:00.0000,  2.197665853027574E+09,  4.340143143893850E+09, -1.133935693337893E+08,
2448856.500000000, A.D. 1992-Aug-22 00:00:00.0000,  2.197223656686305E+09,  4.340347159438366E+09, -1.133564203647292E+08,
2448857.500000000, A.D. 1992-Aug-23 00:00:00.0000,  2.196781442782368E+09,  4.340551137629888E+09, -1.133192704579461E+08,
2448858.500000000, A.D. 1992-Aug-24 00:00:00.0000,  2.196339211320019E+09,  4.340755078465041E+09, -1.132821196144450E+08,
2448859.500000000, A.D. 1992-Aug-25 00:00:00.0000,  2.195896962304414E+09,  4.340958981940670E+09, -1.132449678352900E+08,
2448860.500000000, A.D. 1992-Aug-26 00:00:00.0000,  2.195454695741594E+09,  4.341162848054036E+09, -1.132078151215904E+08,
2448861.500000000, A.D. 1992-Aug-27 00:00:00.0000,  2.195012411638420E+09,  4.341366676803026E+09, -1.131706614744778E+08,
2448862.500000000, A.D. 1992-Aug-28 00:00:00.0000,  2.194570110002458E+09,  4.341570468186341E+09, -1.131335068950763E+08,
2448863.500000000, A.D. 1992-Aug-29 00:00:00.0000,  2.194127790841805E+09,  4.341774222203654E+09, -1.130963513844759E+08,
2448864.500000000, A.D. 1992-Aug-30 00:00:00.0000,  2.193685454164888E+09,  4.341977938855732E+09, -1.130591949437046E+08,
2448865.500000000, A.D. 1992-Aug-31 00:00:00.0000,  2.193243099980231E+09,  4.342181618144490E+09, -1.130220375736985E+08,
2448866.500000000, A.D. 1992-Sep-01 00:00:00.0000,  2.192800728296211E+09,  4.342385260073002E+09, -1.129848792752821E+08,
2448867.500000000, A.D. 1992-Sep-02 00:00:00.0000,  2.192358339120826E+09,  4.342588864645429E+09, -1.129477200491514E+08,
2448868.500000000, A.D. 1992-Sep-03 00:00:00.0000,  2.191915932461496E+09,  4.342792431866919E+09, -1.129105598958614E+08,
2448869.500000000, A.D. 1992-Sep-04 00:00:00.0000,  2.191473508324896E+09,  4.342995961743447E+09, -1.128733988158250E+08,
2448870.500000000, A.D. 1992-Sep-05 00:00:00.0000,  2.191031066716834E+09,  4.343199454281654E+09, -1.128362368093162E+08,
2448871.500000000, A.D. 1992-Sep-06 00:00:00.0000,  2.190588607642178E+09,  4.343402909488645E+09, -1.127990738764780E+08,
2448872.500000000, A.D. 1992-Sep-07 00:00:00.0000,  2.190146131104835E+09,  4.343606327371810E+09, -1.127619100173323E+08,
2448873.500000000, A.D. 1992-Sep-08 00:00:00.0000,  2.189703637107755E+09,  4.343809707938660E+09, -1.127247452317996E+08,
2448874.500000000, A.D. 1992-Sep-09 00:00:00.0000,  2.189261125652976E+09,  4.344013051196667E+09, -1.126875795197098E+08,
2448875.500000000, A.D. 1992-Sep-10 00:00:00.0000,  2.188818596741688E+09,  4.344216357153145E+09, -1.126504128808210E+08,
2448876.500000000, A.D. 1992-Sep-11 00:00:00.0000,  2.188376050374308E+09,  4.344419625815143E+09, -1.126132453148320E+08,
2448877.500000000, A.D. 1992-Sep-12 00:00:00.0000,  2.187933486550567E+09,  4.344622857189373E+09, -1.125760768214002E+08,
2448878.500000000, A.D. 1992-Sep-13 00:00:00.0000,  2.187490905269596E+09,  4.344826051282149E+09, -1.125389074001486E+08,
2448879.500000000, A.D. 1992-Sep-14 00:00:00.0000,  2.187048306530005E+09,  4.345029208099359E+09, -1.125017370506816E+08,
2448880.500000000, A.D. 1992-Sep-15 00:00:00.0000,  2.186605690329970E+09,  4.345232327646431E+09, -1.124645657725883E+08,
2448881.500000000, A.D. 1992-Sep-16 00:00:00.0000,  2.186163056667298E+09,  4.345435409928339E+09, -1.124273935654535E+08,
2448882.500000000, A.D. 1992-Sep-17 00:00:00.0000,  2.185720405539491E+09,  4.345638454949593E+09, -1.123902204288619E+08,
2448883.500000000, A.D. 1992-Sep-18 00:00:00.0000,  2.185277736943806E+09,  4.345841462714252E+09, -1.123530463624012E+08,
2448884.500000000, A.D. 1992-Sep-19 00:00:00.0000,  2.184835050877301E+09,  4.346044433225934E+09, -1.123158713656678E+08,
2448885.500000000, A.D. 1992-Sep-20 00:00:00.0000,  2.184392347336878E+09,  4.346247366487832E+09, -1.122786954382672E+08,
2448886.500000000, A.D. 1992-Sep-21 00:00:00.0000,  2.183949626319316E+09,  4.346450262502734E+09, -1.122415185798156E+08,
2448887.500000000, A.D. 1992-Sep-22 00:00:00.0000,  2.183506887821305E+09,  4.346653121273035E+09, -1.122043407899423E+08,
2448888.500000000, A.D. 1992-Sep-23 00:00:00.0000,  2.183064131839466E+09,  4.346855942800764E+09, -1.121671620682881E+08,
2448889.500000000, A.D. 1992-Sep-24 00:00:00.0000,  2.182621358370377E+09,  4.347058727087594E+09, -1.121299824145088E+08,
2448890.500000000, A.D. 1992-Sep-25 00:00:00.0000,  2.182178567410585E+09,  4.347261474134867E+09, -1.120928018282723E+08,
2448891.500000000, A.D. 1992-Sep-26 00:00:00.0000,  2.181735758956626E+09,  4.347464183943599E+09, -1.120556203092589E+08,
2448892.500000000, A.D. 1992-Sep-27 00:00:00.0000,  2.181292933005032E+09,  4.347666856514509E+09, -1.120184378571622E+08,
2448893.500000000, A.D. 1992-Sep-28 00:00:00.0000,  2.180850089552341E+09,  4.347869491848024E+09, -1.119812544716871E+08,
2448894.500000000, A.D. 1992-Sep-29 00:00:00.0000,  2.180407228595108E+09,  4.348072089944296E+09, -1.119440701525509E+08,
2448895.500000000, A.D. 1992-Sep-30 00:00:00.0000,  2.179964350129911E+09,  4.348274650803209E+09, -1.119068848994806E+08,
2448896.500000000, A.D. 1992-Oct-01 00:00:00.0000,  2.179521454153353E+09,  4.348477174424400E+09, -1.118696987122154E+08,
2448897.500000000, A.D. 1992-Oct-02 00:00:00.0000,  2.179078540662072E+09,  4.348679660807257E+09, -1.118325115905027E+08,
2448898.500000000, A.D. 1992-Oct-03 00:00:00.0000,  2.178635609652737E+09,  4.348882109950935E+09, -1.117953235341008E+08,
2448899.500000000, A.D. 1992-Oct-04 00:00:00.0000,  2.178192661122060E+09,  4.349084521854364E+09, -1.117581345427761E+08,
2448900.500000000, A.D. 1992-Oct-05 00:00:00.0000,  2.177749695066791E+09,  4.349286896516256E+09, -1.117209446163034E+08,
2448901.500000000, A.D. 1992-Oct-06 00:00:00.0000,  2.177306711483725E+09,  4.349489233935107E+09, -1.116837537544651E+08,
2448902.500000000, A.D. 1992-Oct-07 00:00:00.0000,  2.176863710369700E+09,  4.349691534109209E+09, -1.116465619570525E+08,
2448903.500000000, A.D. 1992-Oct-08 00:00:00.0000,  2.176420691721603E+09,  4.349893797036654E+09, -1.116093692238624E+08,
2448904.500000000, A.D. 1992-Oct-09 00:00:00.0000,  2.175977655536367E+09,  4.350096022715338E+09, -1.115721755546994E+08,
2448905.500000000, A.D. 1992-Oct-10 00:00:00.0000,  2.175534601810972E+09,  4.350298211142962E+09, -1.115349809493740E+08,
2448906.500000000, A.D. 1992-Oct-11 00:00:00.0000,  2.175091530542447E+09,  4.350500362317045E+09, -1.114977854077034E+08,
2448907.500000000, A.D. 1992-Oct-12 00:00:00.0000,  2.174648441727874E+09,  4.350702476234915E+09, -1.114605889295104E+08,
2448908.500000000, A.D. 1992-Oct-13 00:00:00.0000,  2.174205335364380E+09,  4.350904552893721E+09, -1.114233915146229E+08,
2448909.500000000, A.D. 1992-Oct-14 00:00:00.0000,  2.173762211449145E+09,  4.351106592290432E+09, -1.113861931628749E+08,
2448910.500000000, A.D. 1992-Oct-15 00:00:00.0000,  2.173319069979397E+09,  4.351308594421842E+09, -1.113489938741059E+08,
2448911.500000000, A.D. 1992-Oct-16 00:00:00.0000,  2.172875910952416E+09,  4.351510559284563E+09, -1.113117936481593E+08,
2448912.500000000, A.D. 1992-Oct-17 00:00:00.0000,  2.172432734365529E+09,  4.351712486875037E+09, -1.112745924848847E+08,
2448913.500000000, A.D. 1992-Oct-18 00:00:00.0000,  2.171989540216113E+09,  4.351914377189528E+09, -1.112373903841360E+08,
2448914.500000000, A.D. 1992-Oct-19 00:00:00.0000,  2.171546328501592E+09,  4.352116230224126E+09, -1.112001873457718E+08,
2448915.500000000, A.D. 1992-Oct-20 00:00:00.0000,  2.171103099219439E+09,  4.352318045974744E+09, -1.111629833696561E+08,
2448916.500000000, A.D. 1992-Oct-21 00:00:00.0000,  2.170659852367172E+09,  4.352519824437119E+09, -1.111257784556575E+08,
2448917.500000000, A.D. 1992-Oct-22 00:00:00.0000,  2.170216587942356E+09,  4.352721565606809E+09, -1.110885726036506E+08,
2448918.500000000, A.D. 1992-Oct-23 00:00:00.0000,  2.169773305942600E+09,  4.352923269479186E+09, -1.110513658135145E+08,
2448919.500000000, A.D. 1992-Oct-24 00:00:00.0000,  2.169330006365556E+09,  4.353124936049438E+09, -1.110141580851336E+08,
2448920.500000000, A.D. 1992-Oct-25 00:00:00.0000,  2.168886689208918E+09,  4.353326565312565E+09, -1.109769494183986E+08,
2448921.500000000, A.D. 1992-Oct-26 00:00:00.0000,  2.168443354470425E+09,  4.353528157263363E+09, -1.109397398132076E+08,
2448922.500000000, A.D. 1992-Oct-27 00:00:00.0000,  2.168000002147852E+09,  4.353729711896428E+09, -1.109025292694645E+08,
2448923.500000000, A.D. 1992-Oct-28 00:00:00.0000,  2.167556632239020E+09,  4.353931229206142E+09, -1.108653177870815E+08,
2448924.500000000, A.D. 1992-Oct-29 00:00:00.0000,  2.167113244741789E+09,  4.354132709186663E+09, -1.108281053659804E+08,
2448925.500000000, A.D. 1992-Oct-30 00:00:00.0000,  2.166669839654062E+09,  4.354334151831914E+09, -1.107908920060918E+08,
2448926.500000000, A.D. 1992-Oct-31 00:00:00.0000,  2.166226416973788E+09,  4.354535557135569E+09, -1.107536777073591E+08,
2448927.500000000, A.D. 1992-Nov-01 00:00:00.0000,  2.165782976698965E+09,  4.354736925091036E+09, -1.107164624697385E+08,
2448928.500000000, A.D. 1992-Nov-02 00:00:00.0000,  2.165339518827645E+09,  4.354938255691442E+09, -1.106792462932019E+08,
2448929.500000000, A.D. 1992-Nov-03 00:00:00.0000,  2.164896043357947E+09,  4.355139548929611E+09, -1.106420291777391E+08,
2448930.500000000, A.D. 1992-Nov-04 00:00:00.0000,  2.164452550288064E+09,  4.355340804798041E+09, -1.106048111233611E+08,
2448931.500000000, A.D. 1992-Nov-05 00:00:00.0000,  2.164009039616277E+09,  4.355542023288883E+09, -1.105675921301038E+08,
2448932.500000000, A.D. 1992-Nov-06 00:00:00.0000,  2.163565511340985E+09,  4.355743204393909E+09, -1.105303721980317E+08,
2448933.500000000, A.D. 1992-Nov-07 00:00:00.0000,  2.163121965460721E+09,  4.355944348104490E+09, -1.104931513272429E+08,
2448934.500000000, A.D. 1992-Nov-08 00:00:00.0000,  2.162678401974195E+09,  4.356145454411572E+09, -1.104559295178752E+08,
2448935.500000000, A.D. 1992-Nov-09 00:00:00.0000,  2.162234820880324E+09,  4.356346523305636E+09, -1.104187067701130E+08,
2448936.500000000, A.D. 1992-Nov-10 00:00:00.0000,  2.161791222178300E+09,  4.356547554776686E+09, -1.103814830841913E+08,
2448937.500000000, A.D. 1992-Nov-11 00:00:00.0000,  2.161347605867638E+09,  4.356748548814219E+09, -1.103442584604065E+08,
2448938.500000000, A.D. 1992-Nov-12 00:00:00.0000,  2.160903971948254E+09,  4.356949505407221E+09, -1.103070328991234E+08,
2448939.500000000, A.D. 1992-Nov-13 00:00:00.0000,  2.160460320420553E+09,  4.357150424544150E+09, -1.102698064007828E+08,
2448940.500000000, A.D. 1992-Nov-14 00:00:00.0000,  2.160016651285521E+09,  4.357351306212965E+09, -1.102325789659109E+08,
2448941.500000000, A.D. 1992-Nov-15 00:00:00.0000,  2.159572964544828E+09,  4.357552150401136E+09, -1.101953505951250E+08,
2448942.500000000, A.D. 1992-Nov-16 00:00:00.0000,  2.159129260200945E+09,  4.357752957095715E+09, -1.101581212891414E+08,
2448943.500000000, A.D. 1992-Nov-17 00:00:00.0000,  2.158685538257246E+09,  4.357953726283399E+09, -1.101208910487776E+08,
2448944.500000000, A.D. 1992-Nov-18 00:00:00.0000,  2.158241798718118E+09,  4.358154457950657E+09, -1.100836598749552E+08,
2448945.500000000, A.D. 1992-Nov-19 00:00:00.0000,  2.157798041589051E+09,  4.358355152083858E+09, -1.100464277686944E+08,
2448946.500000000, A.D. 1992-Nov-20 00:00:00.0000,  2.157354266876695E+09,  4.358555808669449E+09, -1.100091947311082E+08,
2448947.500000000, A.D. 1992-Nov-21 00:00:00.0000,  2.156910474588894E+09,  4.358756427694147E+09, -1.099719607633882E+08,
2448948.500000000, A.D. 1992-Nov-22 00:00:00.0000,  2.156466664734670E+09,  4.358957009145148E+09, -1.099347258667860E+08,
2448949.500000000, A.D. 1992-Nov-23 00:00:00.0000,  2.156022837324147E+09,  4.359157553010344E+09, -1.098974900425911E+08,
2448950.500000000, A.D. 1992-Nov-24 00:00:00.0000,  2.155578992368440E+09,  4.359358059278513E+09, -1.098602532921038E+08,
2448951.500000000, A.D. 1992-Nov-25 00:00:00.0000,  2.155135129879480E+09,  4.359558527939493E+09, -1.098230156166048E+08,
2448952.500000000, A.D. 1992-Nov-26 00:00:00.0000,  2.154691249869801E+09,  4.359758958984303E+09, -1.097857770173271E+08,
2448953.500000000, A.D. 1992-Nov-27 00:00:00.0000,  2.154247352352310E+09,  4.359959352405207E+09, -1.097485374954302E+08,
2448954.500000000, A.D. 1992-Nov-28 00:00:00.0000,  2.153803437340041E+09,  4.360159708195724E+09, -1.097112970519764E+08,
2448955.500000000, A.D. 1992-Nov-29 00:00:00.0000,  2.153359504845921E+09,  4.360360026350577E+09, -1.096740556879134E+08,
2448956.500000000, A.D. 1992-Nov-30 00:00:00.0000,  2.152915554882569E+09,  4.360560306865583E+09, -1.096368134040658E+08,
2448957.500000000, A.D. 1992-Dec-01 00:00:00.0000,  2.152471587462123E+09,  4.360760549737516E+09, -1.095995702011318E+08,
2448958.500000000, A.D. 1992-Dec-02 00:00:00.0000,  2.152027602596121E+09,  4.360960754963931E+09, -1.095623260796843E+08,
2448959.500000000, A.D. 1992-Dec-03 00:00:00.0000,  2.151583600295429E+09,  4.361160922542992E+09, -1.095250810401812E+08,
2448960.500000000, A.D. 1992-Dec-04 00:00:00.0000,  2.151139580570207E+09,  4.361361052473290E+09, -1.094878350829771E+08,
2448961.500000000, A.D. 1992-Dec-05 00:00:00.0000,  2.150695543429922E+09,  4.361561144753685E+09, -1.094505882083361E+08,
2448962.500000000, A.D. 1992-Dec-06 00:00:00.0000,  2.150251488883381E+09,  4.361761199383158E+09, -1.094133404164491E+08,
2448963.500000000, A.D. 1992-Dec-07 00:00:00.0000,  2.149807416938797E+09,  4.361961216360701E+09, -1.093760917074494E+08,
2448964.500000000, A.D. 1992-Dec-08 00:00:00.0000,  2.149363327603857E+09,  4.362161195685212E+09, -1.093388420814252E+08,
2448965.500000000, A.D. 1992-Dec-09 00:00:00.0000,  2.148919220885804E+09,  4.362361137355436E+09, -1.093015915384357E+08,
2448966.500000000, A.D. 1992-Dec-10 00:00:00.0000,  2.148475096791521E+09,  4.362561041369909E+09, -1.092643400785220E+08,
2448967.500000000, A.D. 1992-Dec-11 00:00:00.0000,  2.148030955327604E+09,  4.362760907726937E+09, -1.092270877017157E+08,
2448968.500000000, A.D. 1992-Dec-12 00:00:00.0000,  2.147586796500443E+09,  4.362960736424573E+09, -1.091898344080505E+08,
2448969.500000000, A.D. 1992-Dec-13 00:00:00.0000,  2.147142620316280E+09,  4.363160527460619E+09, -1.091525801975646E+08,
2448970.500000000, A.D. 1992-Dec-14 00:00:00.0000,  2.146698426781271E+09,  4.363360280832635E+09, -1.091153250703092E+08,
2448971.500000000, A.D. 1992-Dec-15 00:00:00.0000,  2.146254215901537E+09,  4.363559996537951E+09, -1.090780690263515E+08,
2448972.500000000, A.D. 1992-Dec-16 00:00:00.0000,  2.145809987683206E+09,  4.363759674573687E+09, -1.090408120657759E+08,
2448973.500000000, A.D. 1992-Dec-17 00:00:00.0000,  2.145365742132448E+09,  4.363959314936769E+09, -1.090035541886880E+08,
2448974.500000000, A.D. 1992-Dec-18 00:00:00.0000,  2.144921479255507E+09,  4.364158917623960E+09, -1.089662953952150E+08,
2448975.500000000, A.D. 1992-Dec-19 00:00:00.0000,  2.144477199058718E+09,  4.364358482631878E+09, -1.089290356855066E+08,
2448976.500000000, A.D. 1992-Dec-20 00:00:00.0000,  2.144032901548534E+09,  4.364558009957023E+09, -1.088917750597348E+08,
2448977.500000000, A.D. 1992-Dec-21 00:00:00.0000,  2.143588586731534E+09,  4.364757499595796E+09, -1.088545135180941E+08,
2448978.500000000, A.D. 1992-Dec-22 00:00:00.0000,  2.143144254614434E+09,  4.364956951544528E+09, -1.088172510607998E+08,
2448979.500000000, A.D. 1992-Dec-23 00:00:00.0000,  2.142699905204099E+09,  4.365156365799494E+09, -1.087799876880901E+08,
2448980.500000000, A.D. 1992-Dec-24 00:00:00.0000,  2.142255538507542E+09,  4.365355742356938E+09, -1.087427234002230E+08,
2448981.500000000, A.D. 1992-Dec-25 00:00:00.0000,  2.141811154531932E+09,  4.365555081213089E+09, -1.087054581974754E+08,
2448982.500000000, A.D. 1992-Dec-26 00:00:00.0000,  2.141366753284588E+09,  4.365754382364179E+09, -1.086681920801439E+08,
2448983.500000000, A.D. 1992-Dec-27 00:00:00.0000,  2.140922334772988E+09,  4.365953645806458E+09, -1.086309250485423E+08,
2448984.500000000, A.D. 1992-Dec-28 00:00:00.0000,  2.140477899004756E+09,  4.366152871536214E+09, -1.085936571030006E+08,
2448985.500000000, A.D. 1992-Dec-29 00:00:00.0000,  2.140033445987668E+09,  4.366352059549778E+09, -1.085563882438664E+08,
2448986.500000000, A.D. 1992-Dec-30 00:00:00.0000,  2.139588975729643E+09,  4.366551209843543E+09, -1.085191184715002E+08,
2448987.500000000, A.D. 1992-Dec-31 00:00:00.0000,  2.139144488238740E+09,  4.366750322413976E+09, -1.084818477862773E+08,
2448988.500000000, A.D. 1993-Jan-01 00:00:00.0000,  2.138699983523153E+09,  4.366949397257622E+09, -1.084445761885860E+08,
2448989.500000000, A.D. 1993-Jan-02 00:00:00.0000,  2.138255461591203E+09,  4.367148434371120E+09, -1.084073036788261E+08,
2448990.500000000, A.D. 1993-Jan-03 00:00:00.0000,  2.137810922451336E+09,  4.367347433751211E+09, -1.083700302574086E+08,
2448991.500000000, A.D. 1993-Jan-04 00:00:00.0000,  2.137366366112111E+09,  4.367546395394743E+09, -1.083327559247551E+08,
2448992.500000000, A.D. 1993-Jan-05 00:00:00.0000,  2.136921792582197E+09,  4.367745319298679E+09, -1.082954806812968E+08,
2448993.500000000, A.D. 1993-Jan-06 00:00:00.0000,  2.136477201870366E+09,  4.367944205460106E+09, -1.082582045274727E+08,
2448994.500000000, A.D. 1993-Jan-07 00:00:00.0000,  2.136032593985481E+09,  4.368143053876236E+09, -1.082209274637308E+08,
2448995.500000000, A.D. 1993-Jan-08 00:00:00.0000,  2.135587968936493E+09,  4.368341864544415E+09, -1.081836494905248E+08,
2448996.500000000, A.D. 1993-Jan-09 00:00:00.0000,  2.135143326732430E+09,  4.368540637462128E+09, -1.081463706083167E+08,
2448997.500000000, A.D. 1993-Jan-10 00:00:00.0000,  2.134698667382388E+09,  4.368739372626999E+09, -1.081090908175733E+08,
2448998.500000000, A.D. 1993-Jan-11 00:00:00.0000,  2.134253990895528E+09,  4.368938070036793E+09, -1.080718101187646E+08,
2448999.500000000, A.D. 1993-Jan-12 00:00:00.0000,  2.133809297281060E+09,  4.369136729689426E+09, -1.080345285123694E+08,
2449000.500000000, A.D. 1993-Jan-13 00:00:00.0000,  2.133364586548238E+09,  4.369335351582957E+09, -1.079972459988663E+08,
2449001.500000000, A.D. 1993-Jan-14 00:00:00.0000,  2.132919858706350E+09,  4.369533935715595E+09, -1.079599625787392E+08,
2449002.500000000, A.D. 1993-Jan-15 00:00:00.0000,  2.132475113764711E+09,  4.369732482085699E+09, -1.079226782524753E+08,
2449003.500000000, A.D. 1993-Jan-16 00:00:00.0000,  2.132030351732650E+09,  4.369930990691771E+09, -1.078853930205619E+08,
2449004.500000000, A.D. 1993-Jan-17 00:00:00.0000,  2.131585572619500E+09,  4.370129461532459E+09, -1.078481068834906E+08,
2449005.500000000, A.D. 1993-Jan-18 00:00:00.0000,  2.131140776434595E+09,  4.370327894606559E+09, -1.078108198417540E+08,
2449006.500000000, A.D. 1993-Jan-19 00:00:00.0000,  2.130695963187251E+09,  4.370526289913001E+09, -1.077735318958457E+08,
2449007.500000000, A.D. 1993-Jan-20 00:00:00.0000,  2.130251132886764E+09,  4.370724647450850E+09, -1.077362430462604E+08,
2449008.500000000, A.D. 1993-Jan-21 00:00:00.0000,  2.129806285542396E+09,  4.370922967219303E+09, -1.076989532934942E+08,
2449009.500000000, A.D. 1993-Jan-22 00:00:00.0000,  2.129361421163367E+09,  4.371121249217671E+09, -1.076616626380451E+08,
2449010.500000000, A.D. 1993-Jan-23 00:00:00.0000,  2.128916539758844E+09,  4.371319493445383E+09, -1.076243710804107E+08,
2449011.500000000, A.D. 1993-Jan-24 00:00:00.0000,  2.128471641337938E+09,  4.371517699901964E+09, -1.075870786210918E+08,
2449012.500000000, A.D. 1993-Jan-25 00:00:00.0000,  2.128026725909688E+09,  4.371715868587031E+09, -1.075497852605903E+08,
2449013.500000000, A.D. 1993-Jan-26 00:00:00.0000,  2.127581793483058E+09,  4.371913999500275E+09, -1.075124909994118E+08,
2449014.500000000, A.D. 1993-Jan-27 00:00:00.0000,  2.127136844066933E+09,  4.372112092641442E+09, -1.074751958380651E+08,
2449015.500000000, A.D. 1993-Jan-28 00:00:00.0000,  2.126691877670109E+09,  4.372310148010320E+09, -1.074378997770648E+08,
2449016.500000000, A.D. 1993-Jan-29 00:00:00.0000,  2.126246894301296E+09,  4.372508165606714E+09, -1.074006028169329E+08,
2449017.500000000, A.D. 1993-Jan-30 00:00:00.0000,  2.125801893969114E+09,  4.372706145430426E+09, -1.073633049582000E+08,
2449018.500000000, A.D. 1993-Jan-31 00:00:00.0000,  2.125356876682102E+09,  4.372904087481222E+09, -1.073260062014091E+08,
2449019.500000000, A.D. 1993-Feb-01 00:00:00.0000,  2.124911842448720E+09,  4.373101991758814E+09, -1.072887065471170E+08,
2449020.500000000, A.D. 1993-Feb-02 00:00:00.0000,  2.124466791277364E+09,  4.373299858262823E+09, -1.072514059959009E+08,
2449021.500000000, A.D. 1993-Feb-03 00:00:00.0000,  2.124021723176386E+09,  4.373497686992748E+09, -1.072141045483599E+08,
2449022.500000000, A.D. 1993-Feb-04 00:00:00.0000,  2.123576638154118E+09,  4.373695477947937E+09, -1.071768022051225E+08,
2449023.500000000, A.D. 1993-Feb-05 00:00:00.0000,  2.123131536218909E+09,  4.373893231127553E+09, -1.071394989668508E+08,
2449024.500000000, A.D. 1993-Feb-06 00:00:00.0000,  2.122686417379167E+09,  4.374090946530542E+09, -1.071021948342483E+08,
2449025.500000000, A.D. 1993-Feb-07 00:00:00.0000,  2.122241281643414E+09,  4.374288624155616E+09, -1.070648898080676E+08,
2449026.500000000, A.D. 1993-Feb-08 00:00:00.0000,  2.121796129020354E+09,  4.374486264001220E+09, -1.070275838891144E+08,
2449027.500000000, A.D. 1993-Feb-09 00:00:00.0000,  2.121350959518948E+09,  4.374683866065537E+09, -1.069902770782619E+08,
2449028.500000000, A.D. 1993-Feb-10 00:00:00.0000,  2.120905773148506E+09,  4.374881430346487E+09, -1.069529693764510E+08,
2449029.500000000, A.D. 1993-Feb-11 00:00:00.0000,  2.120460569918782E+09,  4.375078956841754E+09, -1.069156607847047E+08,
2449030.500000000, A.D. 1993-Feb-12 00:00:00.0000,  2.120015349840079E+09,  4.375276445548829E+09, -1.068783513041286E+08,
2449031.500000000, A.D. 1993-Feb-13 00:00:00.0000,  2.119570112923351E+09,  4.375473896465091E+09, -1.068410409359157E+08,
2449032.500000000, A.D. 1993-Feb-14 00:00:00.0000,  2.119124859180303E+09,  4.375671309587904E+09, -1.068037296813476E+08,
2449033.500000000, A.D. 1993-Feb-15 00:00:00.0000,  2.118679588623469E+09,  4.375868684914760E+09, -1.067664175417917E+08,
2449034.500000000, A.D. 1993-Feb-16 00:00:00.0000,  2.118234301266275E+09,  4.376066022443439E+09, -1.067291045186894E+08,
2449035.500000000, A.D. 1993-Feb-17 00:00:00.0000,  2.117788997123053E+09,  4.376263322172199E+09, -1.066917906135464E+08,
2449036.500000000, A.D. 1993-Feb-18 00:00:00.0000,  2.117343676209020E+09,  4.376460584099978E+09, -1.066544758279135E+08,
2449037.500000000, A.D. 1993-Feb-19 00:00:00.0000,  2.116898338540202E+09,  4.376657808226595E+09, -1.066171601633592E+08,
2449038.500000000, A.D. 1993-Feb-20 00:00:00.0000,  2.116452984133308E+09,  4.376854994552948E+09, -1.065798436214473E+08,
2449039.500000000, A.D. 1993-Feb-21 00:00:00.0000,  2.116007613005550E+09,  4.377052143081161E+09, -1.065425262037044E+08,
2449040.500000000, A.D. 1993-Feb-22 00:00:00.0000,  2.115562225174428E+09,  4.377249253814709E+09, -1.065052079115930E+08,
2449041.500000000, A.D. 1993-Feb-23 00:00:00.0000,  2.115116820657489E+09,  4.377446326758465E+09, -1.064678887464819E+08,
2449042.500000000, A.D. 1993-Feb-24 00:00:00.0000,  2.114671399472080E+09,  4.377643361918702E+09, -1.064305687096250E+08,
2449043.500000000, A.D. 1993-Feb-25 00:00:00.0000,  2.114225961635112E+09,  4.377840359303032E+09, -1.063932478021472E+08,
2449044.500000000, A.D. 1993-Feb-26 00:00:00.0000,  2.113780507162848E+09,  4.378037318920284E+09, -1.063559260250289E+08,
2449045.500000000, A.D. 1993-Feb-27 00:00:00.0000,  2.113335036070735E+09,  4.378234240780357E+09, -1.063186033791070E+08,
2449046.500000000, A.D. 1993-Feb-28 00:00:00.0000,  2.112889548373282E+09,  4.378431124894043E+09, -1.062812798650775E+08,
2449047.500000000, A.D. 1993-Mar-01 00:00:00.0000,  2.112444044083982E+09,  4.378627971272830E+09, -1.062439554835012E+08,
2449048.500000000, A.D. 1993-Mar-02 00:00:00.0000,  2.111998523215278E+09,  4.378824779928727E+09, -1.062066302348189E+08,
2449049.500000000, A.D. 1993-Mar-03 00:00:00.0000,  2.111552985778576E+09,  4.379021550874085E+09, -1.061693041193638E+08,
2449050.500000000, A.D. 1993-Mar-04 00:00:00.0000,  2.111107431784273E+09,  4.379218284121453E+09, -1.061319771373775E+08,
2449051.500000000, A.D. 1993-Mar-05 00:00:00.0000,  2.110661861241823E+09,  4.379414979683444E+09, -1.060946492890251E+08,
2449052.500000000, A.D. 1993-Mar-06 00:00:00.0000,  2.110216274159803E+09,  4.379611637572636E+09, -1.060573205744107E+08,
2449053.500000000, A.D. 1993-Mar-07 00:00:00.0000,  2.109770670545992E+09,  4.379808257801491E+09, -1.060199909935896E+08,
2449054.500000000, A.D. 1993-Mar-08 00:00:00.0000,  2.109325050407455E+09,  4.380004840382304E+09, -1.059826605465822E+08,
2449055.500000000, A.D. 1993-Mar-09 00:00:00.0000,  2.108879413750613E+09,  4.380201385327158E+09, -1.059453292333806E+08,
2449056.500000000, A.D. 1993-Mar-10 00:00:00.0000,  2.108433760581323E+09,  4.380397892647901E+09, -1.059079970539596E+08,
2449057.500000000, A.D. 1993-Mar-11 00:00:00.0000,  2.107988090904935E+09,  4.380594362356141E+09, -1.058706640082829E+08,
2449058.500000000, A.D. 1993-Mar-12 00:00:00.0000,  2.107542404726356E+09,  4.380790794463236E+09, -1.058333300963061E+08,
2449059.500000000, A.D. 1993-Mar-13 00:00:00.0000,  2.107096702050095E+09,  4.380987188980304E+09, -1.057959953179843E+08,
2449060.500000000, A.D. 1993-Mar-14 00:00:00.0000,  2.106650982880309E+09,  4.381183545918222E+09, -1.057586596732709E+08,
2449061.500000000, A.D. 1993-Mar-15 00:00:00.0000,  2.106205247220838E+09,  4.381379865287655E+09, -1.057213231621230E+08,
2449062.500000000, A.D. 1993-Mar-16 00:00:00.0000,  2.105759495075232E+09,  4.381576147099050E+09, -1.056839857845006E+08,
2449063.500000000, A.D. 1993-Mar-17 00:00:00.0000,  2.105313726446779E+09,  4.381772391362662E+09, -1.056466475403688E+08,
2449064.500000000, A.D. 1993-Mar-18 00:00:00.0000,  2.104867941338521E+09,  4.381968598088567E+09, -1.056093084296961E+08,
2449065.500000000, A.D. 1993-Mar-19 00:00:00.0000,  2.104422139753274E+09,  4.382164767286667E+09, -1.055719684524574E+08,
2449066.500000000, A.D. 1993-Mar-20 00:00:00.0000,  2.103976321693634E+09,  4.382360898966712E+09, -1.055346276086295E+08,
2449067.500000000, A.D. 1993-Mar-21 00:00:00.0000,  2.103530487161991E+09,  4.382556993138308E+09, -1.054972858981955E+08,
2449068.500000000, A.D. 1993-Mar-22 00:00:00.0000,  2.103084636160535E+09,  4.382753049810924E+09, -1.054599433211403E+08,
2449069.500000000, A.D. 1993-Mar-23 00:00:00.0000,  2.102638768691260E+09,  4.382949068993904E+09, -1.054225998774524E+08,
2449070.500000000, A.D. 1993-Mar-24 00:00:00.0000,  2.102192884755969E+09,  4.383145050696477E+09, -1.053852555671210E+08,
2449071.500000000, A.D. 1993-Mar-25 00:00:00.0000,  2.101746984356276E+09,  4.383340994927758E+09, -1.053479103901379E+08,
2449072.500000000, A.D. 1993-Mar-26 00:00:00.0000,  2.101301067493605E+09,  4.383536901696756E+09, -1.053105643464942E+08,
2449073.500000000, A.D. 1993-Mar-27 00:00:00.0000,  2.100855134169194E+09,  4.383732771012381E+09, -1.052732174361815E+08,
2449074.500000000, A.D. 1993-Mar-28 00:00:00.0000,  2.100409184384094E+09,  4.383928602883440E+09, -1.052358696591911E+08,
2449075.500000000, A.D. 1993-Mar-29 00:00:00.0000,  2.099963218139168E+09,  4.384124397318650E+09, -1.051985210155108E+08,
2449076.500000000, A.D. 1993-Mar-30 00:00:00.0000,  2.099517235435088E+09,  4.384320154326628E+09, -1.051611715051277E+08,
2449077.500000000, A.D. 1993-Mar-31 00:00:00.0000,  2.099071236272339E+09,  4.384515873915899E+09, -1.051238211280265E+08,
2449078.500000000, A.D. 1993-Apr-01 00:00:00.0000,  2.098625220651213E+09,  4.384711556094896E+09, -1.050864698841877E+08,
2449079.500000000, A.D. 1993-Apr-02 00:00:00.0000,  2.098179188571809E+09,  4.384907200871955E+09, -1.050491177735877E+08,
2449080.500000000, A.D. 1993-Apr-03 00:00:00.0000,  2.097733140034033E+09,  4.385102808255315E+09, -1.050117647961991E+08,
2449081.500000000, A.D. 1993-Apr-04 00:00:00.0000,  2.097287075037595E+09,  4.385298378253120E+09, -1.049744109519906E+08,
2449082.500000000, A.D. 1993-Apr-05 00:00:00.0000,  2.096840993582006E+09,  4.385493910873412E+09, -1.049370562409239E+08,
2449083.500000000, A.D. 1993-Apr-06 00:00:00.0000,  2.096394895666580E+09,  4.385689406124128E+09, -1.048997006629567E+08,
2449084.500000000, A.D. 1993-Apr-07 00:00:00.0000,  2.095948781290427E+09,  4.385884864013100E+09, -1.048623442180407E+08,
2449085.500000000, A.D. 1993-Apr-08 00:00:00.0000,  2.095502650452458E+09,  4.386080284548049E+09, -1.048249869061210E+08,
2449086.500000000, A.D. 1993-Apr-09 00:00:00.0000,  2.095056503151376E+09,  4.386275667736578E+09, -1.047876287271373E+08,
2449087.500000000, A.D. 1993-Apr-10 00:00:00.0000,  2.094610339385681E+09,  4.386471013586171E+09, -1.047502696810215E+08,
2449088.500000000, A.D. 1993-Apr-11 00:00:00.0000,  2.094164159153665E+09,  4.386666322104186E+09, -1.047129097677007E+08,
2449089.500000000, A.D. 1993-Apr-12 00:00:00.0000,  2.093717962453408E+09,  4.386861593297848E+09, -1.046755489870939E+08,
2449090.500000000, A.D. 1993-Apr-13 00:00:00.0000,  2.093271749282782E+09,  4.387056827174244E+09, -1.046381873391142E+08,
2449091.500000000, A.D. 1993-Apr-14 00:00:00.0000,  2.092825519639445E+09,  4.387252023740313E+09, -1.046008248236680E+08,
2449092.500000000, A.D. 1993-Apr-15 00:00:00.0000,  2.092379273520841E+09,  4.387447183002843E+09, -1.045634614406545E+08,
2449093.500000000, A.D. 1993-Apr-16 00:00:00.0000,  2.091933010924201E+09,  4.387642304968453E+09, -1.045260971899664E+08,
2449094.500000000, A.D. 1993-Apr-17 00:00:00.0000,  2.091486731846534E+09,  4.387837389643601E+09, -1.044887320714910E+08,
2449095.500000000, A.D. 1993-Apr-18 00:00:00.0000,  2.091040436284636E+09,  4.388032437034551E+09, -1.044513660851088E+08,
2449096.500000000, A.D. 1993-Apr-19 00:00:00.0000,  2.090594124235081E+09,  4.388227447147379E+09, -1.044139992306952E+08,
2449097.500000000, A.D. 1993-Apr-20 00:00:00.0000,  2.090147795694225E+09,  4.388422419987953E+09, -1.043766315081208E+08,
2449098.500000000, A.D. 1993-Apr-21 00:00:00.0000,  2.089701450658202E+09,  4.388617355561920E+09, -1.043392629172513E+08,
2449099.500000000, A.D. 1993-Apr-22 00:00:00.0000,  2.089255089122929E+09,  4.388812253874697E+09, -1.043018934579496E+08,
2449100.500000000, A.D. 1993-Apr-23 00:00:00.0000,  2.088808711084103E+09,  4.389007114931441E+09, -1.042645231300759E+08,
2449101.500000000, A.D. 1993-Apr-24 00:00:00.0000,  2.088362316537205E+09,  4.389201938737046E+09, -1.042271519334900E+08,
2449102.500000000, A.D. 1993-Apr-25 00:00:00.0000,  2.087915905477502E+09,  4.389396725296112E+09, -1.041897798680508E+08,
2449103.500000000, A.D. 1993-Apr-26 00:00:00.0000,  2.087469477900056E+09,  4.389591474612928E+09, -1.041524069336209E+08,
2449104.500000000, A.D. 1993-Apr-27 00:00:00.0000,  2.087023033799725E+09,  4.389786186691445E+09, -1.041150331300669E+08,
2449105.500000000, A.D. 1993-Apr-28 00:00:00.0000,  2.086576573171180E+09,  4.389980861535254E+09, -1.040776584572632E+08,
2449106.500000000, A.D. 1993-Apr-29 00:00:00.0000,  2.086130096008914E+09,  4.390175499147552E+09, -1.040402829150939E+08,
2449107.500000000, A.D. 1993-Apr-30 00:00:00.0000,  2.085683602307258E+09,  4.390370099531115E+09, -1.040029065034592E+08,
2449108.500000000, A.D. 1993-May-01 00:00:00.0000,  2.085237092060411E+09,  4.390564662688267E+09, -1.039655292222760E+08,
2449109.500000000, A.D. 1993-May-02 00:00:00.0000,  2.084790565262460E+09,  4.390759188620843E+09, -1.039281510714855E+08,
2449110.500000000, A.D. 1993-May-03 00:00:00.0000,  2.084344021907424E+09,  4.390953677330161E+09, -1.038907720510581E+08,
2449111.500000000, A.D. 1993-May-04 00:00:00.0000,  2.083897461989294E+09,  4.391148128816980E+09, -1.038533921610005E+08,
2449112.500000000, A.D. 1993-May-05 00:00:00.0000,  2.083450885502088E+09,  4.391342543081482E+09, -1.038160114013624E+08,
2449113.500000000, A.D. 1993-May-06 00:00:00.0000,  2.083004292439918E+09,  4.391536920123232E+09, -1.037786297722440E+08,
2449114.500000000, A.D. 1993-May-07 00:00:00.0000,  2.082557682797065E+09,  4.391731259941171E+09, -1.037412472738049E+08,
2449115.500000000, A.D. 1993-May-08 00:00:00.0000,  2.082111056568068E+09,  4.391925562533603E+09, -1.037038639062719E+08,
2449116.500000000, A.D. 1993-May-09 00:00:00.0000,  2.081664413747823E+09,  4.392119827898197E+09, -1.036664796699474E+08,
2449117.500000000, A.D. 1993-May-10 00:00:00.0000,  2.081217754331688E+09,  4.392314056032022E+09, -1.036290945652170E+08,
2449118.500000000, A.D. 1993-May-11 00:00:00.0000,  2.080771078315602E+09,  4.392508246931593E+09, -1.035917085925562E+08,
2449119.500000000, A.D. 1993-May-12 00:00:00.0000,  2.080324385696194E+09,  4.392702400592938E+09, -1.035543217525334E+08,
2449120.500000000, A.D. 1993-May-13 00:00:00.0000,  2.079877676470890E+09,  4.392896517011722E+09, -1.035169340458117E+08,
2449121.500000000, A.D. 1993-May-14 00:00:00.0000,  2.079430950638008E+09,  4.393090596183367E+09, -1.034795454731436E+08,
2449122.500000000, A.D. 1993-May-15 00:00:00.0000,  2.078984208196818E+09,  4.393284638103234E+09, -1.034421560353658E+08,
2449123.500000000, A.D. 1993-May-16 00:00:00.0000,  2.078537449147576E+09,  4.393478642766808E+09, -1.034047657333851E+08,
2449124.500000000, A.D. 1993-May-17 00:00:00.0000,  2.078090673491503E+09,  4.393672610169901E+09, -1.033673745681586E+08,
2449125.500000000, A.D. 1993-May-18 00:00:00.0000,  2.077643881230721E+09,  4.393866540308865E+09, -1.033299825406721E+08,
2449126.500000000, A.D. 1993-May-19 00:00:00.0000,  2.077197072368133E+09,  4.394060433180776E+09, -1.032925896519125E+08,
2449127.500000000, A.D. 1993-May-20 00:00:00.0000,  2.076750246907251E+09,  4.394254288783601E+09, -1.032551959028370E+08,
2449128.500000000, A.D. 1993-May-21 00:00:00.0000,  2.076303404851991E+09,  4.394448107116310E+09, -1.032178012943494E+08,
2449129.500000000, A.D. 1993-May-22 00:00:00.0000,  2.075856546206435E+09,  4.394641888178938E+09, -1.031804058272684E+08,
2449130.500000000, A.D. 1993-May-23 00:00:00.0000,  2.075409670974602E+09,  4.394835631972578E+09, -1.031430095023084E+08,
2449131.500000000, A.D. 1993-May-24 00:00:00.0000,  2.074962779160208E+09,  4.395029338499325E+09, -1.031056123200638E+08,
2449132.500000000, A.D. 1993-May-25 00:00:00.0000,  2.074515870766481E+09,  4.395223007762167E+09, -1.030682142809963E+08,
2449133.500000000, A.D. 1993-May-26 00:00:00.0000,  2.074068945795988E+09,  4.395416639764826E+09, -1.030308153854373E+08,
2449134.500000000, A.D. 1993-May-27 00:00:00.0000,  2.073622004250529E+09,  4.395610234511596E+09, -1.029934156335874E+08,
2449135.500000000, A.D. 1993-May-28 00:00:00.0000,  2.073175046131068E+09,  4.395803792007150E+09, -1.029560150255265E+08,
2449136.500000000, A.D. 1993-May-29 00:00:00.0000,  2.072728071437710E+09,  4.395997312256364E+09, -1.029186135612268E+08,
2449137.500000000, A.D. 1993-May-30 00:00:00.0000,  2.072281080169718E+09,  4.396190795264154E+09, -1.028812112405665E+08,
2449138.500000000, A.D. 1993-May-31 00:00:00.0000,  2.071834072325556E+09,  4.396384241035331E+09, -1.028438080633469E+08,
2449139.500000000, A.D. 1993-Jun-01 00:00:00.0000,  2.071387047902957E+09,  4.396577649574472E+09, -1.028064040293074E+08,
2449140.500000000, A.D. 1993-Jun-02 00:00:00.0000,  2.070940006898999E+09,  4.396771020885839E+09, -1.027689991381397E+08,
2449141.500000000, A.D. 1993-Jun-03 00:00:00.0000,  2.070492949310195E+09,  4.396964354973297E+09, -1.027315933895032E+08,
2449142.500000000, A.D. 1993-Jun-04 00:00:00.0000,  2.070045875132577E+09,  4.397157651840264E+09, -1.026941867830355E+08,
2449143.500000000, A.D. 1993-Jun-05 00:00:00.0000,  2.069598784361777E+09,  4.397350911489687E+09, -1.026567793183637E+08,
2449144.500000000, A.D. 1993-Jun-06 00:00:00.0000,  2.069151676993112E+09,  4.397544133924019E+09, -1.026193709951112E+08,
2449145.500000000, A.D. 1993-Jun-07 00:00:00.0000,  2.068704553021649E+09,  4.397737319145219E+09, -1.025819618129058E+08,
2449146.500000000, A.D. 1993-Jun-08 00:00:00.0000,  2.068257412442270E+09,  4.397930467154752E+09, -1.025445517713859E+08,
2449147.500000000, A.D. 1993-Jun-09 00:00:00.0000,  2.067810255249731E+09,  4.398123577953608E+09, -1.025071408702016E+08,
2449148.500000000, A.D. 1993-Jun-10 00:00:00.0000,  2.067363081438703E+09,  4.398316651542311E+09, -1.024697291090207E+08,
2449149.500000000, A.D. 1993-Jun-11 00:00:00.0000,  2.066915891003822E+09,  4.398509687920943E+09, -1.024323164875300E+08,
2449150.500000000, A.D. 1993-Jun-12 00:00:00.0000,  2.066468683939715E+09,  4.398702687089163E+09, -1.023949030054352E+08,
2449151.500000000, A.D. 1993-Jun-13 00:00:00.0000,  2.066021460241034E+09,  4.398895649046228E+09, -1.023574886624649E+08,
2449152.500000000, A.D. 1993-Jun-14 00:00:00.0000,  2.065574219902480E+09,  4.399088573791018E+09, -1.023200734583683E+08,
2449153.500000000, A.D. 1993-Jun-15 00:00:00.0000,  2.065126962918822E+09,  4.399281461322052E+09, -1.022826573929164E+08,
2449154.500000000, A.D. 1993-Jun-16 00:00:00.0000,  2.064679689284912E+09,  4.399474311637514E+09, -1.022452404659014E+08,
2449155.500000000, A.D. 1993-Jun-17 00:00:00.0000,  2.064232398995700E+09,  4.399667124735268E+09, -1.022078226771367E+08,
2449156.500000000, A.D. 1993-Jun-18 00:00:00.0000,  2.063785092046248E+09,  4.399859900612879E+09, -1.021704040264571E+08,
2449157.500000000, A.D. 1993-Jun-19 00:00:00.0000,  2.063337768431732E+09,  4.400052639267630E+09, -1.021329845137167E+08,
2449158.500000000, A.D. 1993-Jun-20 00:00:00.0000,  2.062890428147454E+09,  4.400245340696538E+09, -1.020955641387897E+08,
2449159.500000000, A.D. 1993-Jun-21 00:00:00.0000,  2.062443071188844E+09,  4.400438004896368E+09, -1.020581429015689E+08,
2449160.500000000, A.D. 1993-Jun-22 00:00:00.0000,  2.061995697551471E+09,  4.400630631863647E+09, -1.020207208019640E+08,
2449161.500000000, A.D. 1993-Jun-23 00:00:00.0000,  2.061548307231035E+09,  4.400823221594680E+09, -1.019832978399050E+08,
2449162.500000000, A.D. 1993-Jun-24 00:00:00.0000,  2.061100900223383E+09,  4.401015774085556E+09, -1.019458740153363E+08,
2449163.500000000, A.D. 1993-Jun-25 00:00:00.0000,  2.060653476524500E+09,  4.401208289332165E+09, -1.019084493282194E+08,
2449164.500000000, A.D. 1993-Jun-26 00:00:00.0000,  2.060206036130515E+09,  4.401400767330202E+09, -1.018710237785304E+08,
2449165.500000000, A.D. 1993-Jun-27 00:00:00.0000,  2.059758579037700E+09,  4.401593208075187E+09, -1.018335973662624E+08,
2449166.500000000, A.D. 1993-Jun-28 00:00:00.0000,  2.059311105242473E+09,  4.401785611562459E+09, -1.017961700914207E+08,
2449167.500000000, A.D. 1993-Jun-29 00:00:00.0000,  2.058863614741394E+09,  4.401977977787197E+09, -1.017587419540250E+08,
2449168.500000000, A.D. 1993-Jun-30 00:00:00.0000,  2.058416107531169E+09,  4.402170306744419E+09, -1.017213129541090E+08,
2449169.500000000, A.D. 1993-Jul-01 00:00:00.0000,  2.057968583608645E+09,  4.402362598428993E+09, -1.016838830917177E+08,
2449170.500000000, A.D. 1993-Jul-02 00:00:00.0000,  2.057521042970811E+09,  4.402554852835644E+09, -1.016464523669102E+08,
2449171.500000000, A.D. 1993-Jul-03 00:00:00.0000,  2.057073485614799E+09,  4.402747069958958E+09, -1.016090207797563E+08,
2449172.500000000, A.D. 1993-Jul-04 00:00:00.0000,  2.056625911537876E+09,  4.402939249793385E+09, -1.015715883303378E+08,
2449173.500000000, A.D. 1993-Jul-05 00:00:00.0000,  2.056178320737451E+09,  4.403131392333246E+09, -1.015341550187464E+08,
2449174.500000000, A.D. 1993-Jul-06 00:00:00.0000,  2.055730713211065E+09,  4.403323497572742E+09, -1.014967208450866E+08,
2449175.500000000, A.D. 1993-Jul-07 00:00:00.0000,  2.055283088956396E+09,  4.403515565505949E+09, -1.014592858094704E+08,
2449176.500000000, A.D. 1993-Jul-08 00:00:00.0000,  2.054835447971251E+09,  4.403707596126827E+09, -1.014218499120231E+08,
2449177.500000000, A.D. 1993-Jul-09 00:00:00.0000,  2.054387790253566E+09,  4.403899589429219E+09, -1.013844131528776E+08,
2449178.500000000, A.D. 1993-Jul-10 00:00:00.0000,  2.053940115801403E+09,  4.404091545406858E+09, -1.013469755321767E+08,
2449179.500000000, A.D. 1993-Jul-11 00:00:00.0000,  2.053492424612948E+09,  4.404283464053363E+09, -1.013095370500741E+08,
2449180.500000000, A.D. 1993-Jul-12 00:00:00.0000,  2.053044716686506E+09,  4.404475345362241E+09, -1.012720977067304E+08,
2449181.500000000, A.D. 1993-Jul-13 00:00:00.0000,  2.052596992020498E+09,  4.404667189326889E+09, -1.012346575023177E+08,
2449182.500000000, A.D. 1993-Jul-14 00:00:00.0000,  2.052149250613461E+09,  4.404858995940592E+09, -1.011972164370153E+08,
2449183.500000000, A.D. 1993-Jul-15 00:00:00.0000,  2.051701492464041E+09,  4.405050765196519E+09, -1.011597745110142E+08,
2449184.500000000, A.D. 1993-Jul-16 00:00:00.0000,  2.051253717570990E+09,  4.405242497087721E+09, -1.011223317245131E+08,
2449185.500000000, A.D. 1993-Jul-17 00:00:00.0000,  2.050805925933165E+09,  4.405434191607129E+09, -1.010848880777209E+08,
2449186.500000000, A.D. 1993-Jul-18 00:00:00.0000,  2.050358117549522E+09,  4.405625848747543E+09, -1.010474435708570E+08,
2449187.500000000, A.D. 1993-Jul-19 00:00:00.0000,  2.049910292419118E+09,  4.405817468501634E+09, -1.010099982041519E+08,
2449188.500000000, A.D. 1993-Jul-20 00:00:00.0000,  2.049462450541104E+09,  4.406009050861921E+09, -1.009725519778471E+08,
2449189.500000000, A.D. 1993-Jul-21 00:00:00.0000,  2.049014591914727E+09,  4.406200595820777E+09, -1.009351048921971E+08,
2449190.500000000, A.D. 1993-Jul-22 00:00:00.0000,  2.048566716539328E+09,  4.406392103370402E+09, -1.008976569474699E+08,
2449191.500000000, A.D. 1993-Jul-23 00:00:00.0000,  2.048118824414345E+09,  4.406583573502820E+09, -1.008602081439500E+08,
2449192.500000000, A.D. 1993-Jul-24 00:00:00.0000,  2.047670915539316E+09,  4.406775006209855E+09, -1.008227584819384E+08,
2449193.500000000, A.D. 1993-Jul-25 00:00:00.0000,  2.047222989913886E+09,  4.406966401483112E+09, -1.007853079617555E+08,
2449194.500000000, A.D. 1993-Jul-26 00:00:00.0000,  2.046775047537814E+09,  4.407157759313963E+09, -1.007478565837464E+08,
2449195.500000000, A.D. 1993-Jul-27 00:00:00.0000,  2.046327088410988E+09,  4.407349079693514E+09, -1.007104043482802E+08,
2449196.500000000, A.D. 1993-Jul-28 00:00:00.0000,  2.045879112533443E+09,  4.407540362612589E+09, -1.006729512557569E+08,
2449197.500000000, A.D. 1993-Jul-29 00:00:00.0000,  2.045431119905387E+09,  4.407731608061695E+09, -1.006354973066123E+08,
2449198.500000000, A.D. 1993-Jul-30 00:00:00.0000,  2.044983110527228E+09,  4.407922816031007E+09, -1.005980425013208E+08,
2449199.500000000, A.D. 1993-Jul-31 00:00:00.0000,  2.044535084399621E+09,  4.408113986510324E+09, -1.005605868404040E+08,
2449200.500000000, A.D. 1993-Aug-01 00:00:00.0000,  2.044087041523509E+09,  4.408305119489066E+09, -1.005231303244371E+08,
2449201.500000000, A.D. 1993-Aug-02 00:00:00.0000,  2.043638981900190E+09,  4.408496214956239E+09, -1.004856729540541E+08,
2449202.500000000, A.D. 1993-Aug-03 00:00:00.0000,  2.043190905531388E+09,  4.408687272900427E+09, -1.004482147299600E+08,
2449203.500000000, A.D. 1993-Aug-04 00:00:00.0000,  2.042742812419329E+09,  4.408878293309793E+09, -1.004107556529334E+08,
2449204.500000000, A.D. 1993-Aug-05 00:00:00.0000,  2.042294702566844E+09,  4.409069276172091E+09, -1.003732957238393E+08,
2449205.500000000, A.D. 1993-Aug-06 00:00:00.0000,  2.041846575977462E+09,  4.409260221474697E+09, -1.003358349436328E+08,
2449206.500000000, A.D. 1993-Aug-07 00:00:00.0000,  2.041398432655524E+09,  4.409451129204664E+09, -1.002983733133676E+08,
2449207.500000000, A.D. 1993-Aug-08 00:00:00.0000,  2.040950272606287E+09,  4.409641999348808E+09, -1.002609108341954E+08,
2449208.500000000, A.D. 1993-Aug-09 00:00:00.0000,  2.040502095836027E+09,  4.409832831893818E+09, -1.002234475073702E+08,
2449209.500000000, A.D. 1993-Aug-10 00:00:00.0000,  2.040053902352118E+09,  4.410023626826399E+09, -1.001859833342431E+08,
2449210.500000000, A.D. 1993-Aug-11 00:00:00.0000,  2.039605692163093E+09,  4.410214384133451E+09, -1.001485183162527E+08,
2449211.500000000, A.D. 1993-Aug-12 00:00:00.0000,  2.039157465278666E+09,  4.410405103802261E+09, -1.001110524549124E+08,
2449212.500000000, A.D. 1993-Aug-13 00:00:00.0000,  2.038709221709706E+09,  4.410595785820715E+09, -1.000735857517917E+08,
2449213.500000000, A.D. 1993-Aug-14 00:00:00.0000,  2.038260961468158E+09,  4.410786430177509E+09, -1.000361182084906E+08,
2449214.500000000, A.D. 1993-Aug-15 00:00:00.0000,  2.037812684566921E+09,  4.410977036862341E+09, -9.999864982661390E+07,
2449215.500000000, A.D. 1993-Aug-16 00:00:00.0000,  2.037364391019661E+09,  4.411167605866078E+09, -9.996118060774136E+07,
2449216.500000000, A.D. 1993-Aug-17 00:00:00.0000,  2.036916080840605E+09,  4.411358137180877E+09, -9.992371055339789E+07,
2449217.500000000, A.D. 1993-Aug-18 00:00:00.0000,  2.036467754044290E+09,  4.411548630800237E+09, -9.988623966502738E+07,
2449218.500000000, A.D. 1993-Aug-19 00:00:00.0000,  2.036019410645326E+09,  4.411739086719006E+09, -9.984876794397116E+07,
2449219.500000000, A.D. 1993-Aug-20 00:00:00.0000,  2.035571050658155E+09,  4.411929504933318E+09, -9.981129539144921E+07,
2449220.500000000, A.D. 1993-Aug-21 00:00:00.0000,  2.035122674096851E+09,  4.412119885440491E+09, -9.977382200855255E+07,
2449221.500000000, A.D. 1993-Aug-22 00:00:00.0000,  2.034674280974946E+09,  4.412310228238870E+09, -9.973634779624224E+07,
2449222.500000000, A.D. 1993-Aug-23 00:00:00.0000,  2.034225871305319E+09,  4.412500533327658E+09, -9.969887275534701E+07,
2449223.500000000, A.D. 1993-Aug-24 00:00:00.0000,  2.033777445100115E+09,  4.412690800706740E+09, -9.966139688657713E+07,
2449224.500000000, A.D. 1993-Aug-25 00:00:00.0000,  2.033329002370720E+09,  4.412881030376502E+09, -9.962392019053340E+07,
2449225.500000000, A.D. 1993-Aug-26 00:00:00.0000,  2.032880543127769E+09,  4.413071222337670E+09, -9.958644266772318E+07,
2449226.500000000, A.D. 1993-Aug-27 00:00:00.0000,  2.032432067381181E+09,  4.413261376591166E+09, -9.954896431857371E+07,
2449227.500000000, A.D. 1993-Aug-28 00:00:00.0000,  2.031983575140221E+09,  4.413451493137995E+09, -9.951148514345074E+07,
2449228.500000000, A.D. 1993-Aug-29 00:00:00.0000,  2.031535066413569E+09,  4.413641571979141E+09, -9.947400514266896E+07,
2449229.500000000, A.D. 1993-Aug-30 00:00:00.0000,  2.031086541209397E+09,  4.413831613115514E+09, -9.943652431650877E+07,
2449230.500000000, A.D. 1993-Aug-31 00:00:00.0000,  2.030637999535450E+09,  4.414021616547886E+09, -9.939904266522455E+07,
2449231.500000000, A.D. 1993-Sep-01 00:00:00.0000,  2.030189441399117E+09,  4.414211582276873E+09, -9.936156018905592E+07,
2449232.500000000, A.D. 1993-Sep-02 00:00:00.0000,  2.029740866807506E+09,  4.414401510302908E+09, -9.932407688823652E+07,
2449233.500000000, A.D. 1993-Sep-03 00:00:00.0000,  2.029292275767501E+09,  4.414591400626253E+09, -9.928659276299834E+07,
2449234.500000000, A.D. 1993-Sep-04 00:00:00.0000,  2.028843668285820E+09,  4.414781253246990E+09, -9.924910781357718E+07,
2449235.500000000, A.D. 1993-Sep-05 00:00:00.0000,  2.028395044369061E+09,  4.414971068165043E+09, -9.921162204021811E+07,
2449236.500000000, A.D. 1993-Sep-06 00:00:00.0000,  2.027946404023743E+09,  4.415160845380186E+09, -9.917413544317484E+07,
2449237.500000000, A.D. 1993-Sep-07 00:00:00.0000,  2.027497747256336E+09,  4.415350584892068E+09, -9.913664802271342E+07,
2449238.500000000, A.D. 1993-Sep-08 00:00:00.0000,  2.027049074073287E+09,  4.415540286700232E+09, -9.909915977911329E+07,
2449239.500000000, A.D. 1993-Sep-09 00:00:00.0000,  2.026600384481044E+09,  4.415729950804133E+09, -9.906167071266627E+07,
2449240.500000000, A.D. 1993-Sep-10 00:00:00.0000,  2.026151678486068E+09,  4.415919577203164E+09, -9.902418082367873E+07,
2449241.500000000, A.D. 1993-Sep-11 00:00:00.0000,  2.025702956094845E+09,  4.416109165896669E+09, -9.898669011246943E+07,
2449242.500000000, A.D. 1993-Sep-12 00:00:00.0000,  2.025254217313895E+09,  4.416298716883969E+09, -9.894919857936954E+07,
2449243.500000000, A.D. 1993-Sep-13 00:00:00.0000,  2.024805462149779E+09,  4.416488230164374E+09, -9.891170622472119E+07,
2449244.500000000, A.D. 1993-Sep-14 00:00:00.0000,  2.024356690609097E+09,  4.416677705737203E+09, -9.887421304887819E+07,
2449245.500000000, A.D. 1993-Sep-15 00:00:00.0000,  2.023907902698492E+09,  4.416867143601796E+09, -9.883671905220437E+07,
2449246.500000000, A.D. 1993-Sep-16 00:00:00.0000,  2.023459098424647E+09,  4.417056543757534E+09, -9.879922423507047E+07,
2449247.500000000, A.D. 1993-Sep-17 00:00:00.0000,  2.023010277794285E+09,  4.417245906203841E+09, -9.876172859785581E+07,
2449248.500000000, A.D. 1993-Sep-18 00:00:00.0000,  2.022561440814162E+09,  4.417435230940206E+09, -9.872423214094734E+07,
2449249.500000000, A.D. 1993-Sep-19 00:00:00.0000,  2.022112587491064E+09,  4.417624517966182E+09, -9.868673486473584E+07,
2449250.500000000, A.D. 1993-Sep-20 00:00:00.0000,  2.021663717831801E+09,  4.417813767281405E+09, -9.864923676961780E+07,
2449251.500000000, A.D. 1993-Sep-21 00:00:00.0000,  2.021214831843204E+09,  4.418002978885596E+09, -9.861173785599113E+07,
2449252.500000000, A.D. 1993-Sep-22 00:00:00.0000,  2.020765929532113E+09,  4.418192152778564E+09, -9.857423812425876E+07,
2449253.500000000, A.D. 1993-Sep-23 00:00:00.0000,  2.020317010905374E+09,  4.418381288960221E+09, -9.853673757482243E+07,
2449254.500000000, A.D. 1993-Sep-24 00:00:00.0000,  2.019868075969833E+09,  4.418570387430576E+09, -9.849923620808601E+07,
2449255.500000000, A.D. 1993-Sep-25 00:00:00.0000,  2.019419124732323E+09,  4.418759448189748E+09, -9.846173402445412E+07,
2449256.500000000, A.D. 1993-Sep-26 00:00:00.0000,  2.018970157199663E+09,  4.418948471237960E+09, -9.842423102432704E+07,
2449257.500000000, A.D. 1993-Sep-27 00:00:00.0000,  2.018521173378646E+09,  4.419137456575550E+09, -9.838672720810509E+07,
2449258.500000000, A.D. 1993-Sep-28 00:00:00.0000,  2.018072173276032E+09,  4.419326404202964E+09, -9.834922257618570E+07,
2449259.500000000, A.D. 1993-Sep-29 00:00:00.0000,  2.017623156898540E+09,  4.419515314120764E+09, -9.831171712896204E+07,
2449260.500000000, A.D. 1993-Sep-30 00:00:00.0000,  2.017174124252841E+09,  4.419704186329621E+09, -9.827421086682415E+07,
2449261.500000000, A.D. 1993-Oct-01 00:00:00.0000,  2.016725075345546E+09,  4.419893020830322E+09, -9.823670379015541E+07,
2449262.500000000, A.D. 1993-Oct-02 00:00:00.0000,  2.016276010183204E+09,  4.420081817623760E+09, -9.819919589933586E+07,
2449263.500000000, A.D. 1993-Oct-03 00:00:00.0000,  2.015826928772287E+09,  4.420270576710936E+09, -9.816168719473720E+07,
2449264.500000000, A.D. 1993-Oct-04 00:00:00.0000,  2.015377831119188E+09,  4.420459298092957E+09, -9.812417767672706E+07,
2449265.500000000, A.D. 1993-Oct-05 00:00:00.0000,  2.014928717230206E+09,  4.420647981771034E+09, -9.808666734566355E+07,
2449266.500000000, A.D. 1993-Oct-06 00:00:00.0000,  2.014479587111543E+09,  4.420836627746468E+09, -9.804915620189929E+07,
2449267.500000000, A.D. 1993-Oct-07 00:00:00.0000,  2.014030440769293E+09,  4.421025236020657E+09, -9.801164424577737E+07,
2449268.500000000, A.D. 1993-Oct-08 00:00:00.0000,  2.013581278209433E+09,  4.421213806595080E+09, -9.797413147763443E+07,
2449269.500000000, A.D. 1993-Oct-09 00:00:00.0000,  2.013132099437818E+09,  4.421402339471298E+09, -9.793661789779687E+07,
2449270.500000000, A.D. 1993-Oct-10 00:00:00.0000,  2.012682904460168E+09,  4.421590834650939E+09, -9.789910350658441E+07,
2449271.500000000, A.D. 1993-Oct-11 00:00:00.0000,  2.012233693282065E+09,  4.421779292135692E+09, -9.786158830430722E+07,
2449272.500000000, A.D. 1993-Oct-12 00:00:00.0000,  2.011784465908940E+09,  4.421967711927295E+09, -9.782407229126644E+07,
2449273.500000000, A.D. 1993-Oct-13 00:00:00.0000,  2.011335222346071E+09,  4.422156094027527E+09, -9.778655546775579E+07,
2449274.500000000, A.D. 1993-Oct-14 00:00:00.0000,  2.010885962598571E+09,  4.422344438438189E+09, -9.774903783406043E+07,
2449275.500000000, A.D. 1993-Oct-15 00:00:00.0000,  2.010436686671384E+09,  4.422532745161093E+09, -9.771151939045882E+07,
2449276.500000000, A.D. 1993-Oct-16 00:00:00.0000,  2.009987394569280E+09,  4.422721014198045E+09, -9.767400013722229E+07,
2449277.500000000, A.D. 1993-Oct-17 00:00:00.0000,  2.009538086296849E+09,  4.422909245550825E+09, -9.763648007461596E+07,
2449278.500000000, A.D. 1993-Oct-18 00:00:00.0000,  2.009088761858498E+09,  4.423097439221168E+09, -9.759895920290136E+07,
2449279.500000000, A.D. 1993-Oct-19 00:00:00.0000,  2.008639421258451E+09,  4.423285595210736E+09, -9.756143752233577E+07,
2449280.500000000, A.D. 1993-Oct-20 00:00:00.0000,  2.008190064500747E+09,  4.423473713521109E+09, -9.752391503317690E+07,
2449281.500000000, A.D. 1993-Oct-21 00:00:00.0000,  2.007740691589248E+09,  4.423661794153732E+09, -9.748639173568344E+07,
2449282.500000000, A.D. 1993-Oct-22 00:00:00.0000,  2.007291302527641E+09,  4.423849837109911E+09, -9.744886763011742E+07,
2449283.500000000, A.D. 1993-Oct-23 00:00:00.0000,  2.006841897319455E+09,  4.424037842390764E+09, -9.741134271675086E+07,
2449284.500000000, A.D. 1993-Oct-24 00:00:00.0000,  2.006392475968072E+09,  4.424225809997197E+09, -9.737381699586535E+07,
2449285.500000000, A.D. 1993-Oct-25 00:00:00.0000,  2.005943038476755E+09,  4.424413739929864E+09, -9.733629046776080E+07,
2449286.500000000, A.D. 1993-Oct-26 00:00:00.0000,  2.005493584848677E+09,  4.424601632189133E+09, -9.729876313275957E+07,
2449287.500000000, A.D. 1993-Oct-27 00:00:00.0000,  2.005044115086958E+09,  4.424789486775052E+09, -9.726123499121070E+07,
2449288.500000000, A.D. 1993-Oct-28 00:00:00.0000,  2.004594629194718E+09,  4.424977303687318E+09, -9.722370604350019E+07,
2449289.500000000, A.D. 1993-Oct-29 00:00:00.0000,  2.004145127175134E+09,  4.425165082925245E+09, -9.718617629005694E+07,
2449290.500000000, A.D. 1993-Oct-30 00:00:00.0000,  2.003695609031512E+09,  4.425352824487749E+09, -9.714864573135948E+07,
2449291.500000000, A.D. 1993-Oct-31 00:00:00.0000,  2.003246074767372E+09,  4.425540528373331E+09, -9.711111436794782E+07,
2449292.500000000, A.D. 1993-Nov-01 00:00:00.0000,  2.002796524386538E+09,  4.425728194580089E+09, -9.707358220042706E+07,
2449293.500000000, A.D. 1993-Nov-02 00:00:00.0000,  2.002346957893248E+09,  4.425915823105738E+09, -9.703604922947764E+07,
2449294.500000000, A.D. 1993-Nov-03 00:00:00.0000,  2.001897375292251E+09,  4.426103413947660E+09, -9.699851545586061E+07,
2449295.500000000, A.D. 1993-Nov-04 00:00:00.0000,  2.001447776588928E+09,  4.426290967102978E+09, -9.696098088041997E+07,
2449296.500000000, A.D. 1993-Nov-05 00:00:00.0000,  2.000998161789384E+09,  4.426478482568662E+09, -9.692344550408483E+07,
2449297.500000000, A.D. 1993-Nov-06 00:00:00.0000,  2.000548530900537E+09,  4.426665960341663E+09, -9.688590932786417E+07,
2449298.500000000, A.D. 1993-Nov-07 00:00:00.0000,  2.000098883930173E+09,  4.426853400419087E+09, -9.684837235283899E+07,
2449299.500000000, A.D. 1993-Nov-08 00:00:00.0000,  1.999649220886973E+09,  4.427040802798373E+09, -9.681083458014989E+07,
2449300.500000000, A.D. 1993-Nov-09 00:00:00.0000,  1.999199541780484E+09,  4.427228167477505E+09, -9.677329601097560E+07,
2449301.500000000, A.D. 1993-Nov-10 00:00:00.0000,  1.998749846621046E+09,  4.427415494455206E+09, -9.673575664651155E+07,
2449302.500000000, A.D. 1993-Nov-11 00:00:00.0000,  1.998300135419664E+09,  4.427602783731131E+09, -9.669821648794127E+07,
2449303.500000000, A.D. 1993-Nov-12 00:00:00.0000,  1.997850408187834E+09,  4.427790035306020E+09, -9.666067553640771E+07,
2449304.500000000, A.D. 1993-Nov-13 00:00:00.0000,  1.997400664937323E+09,  4.427977249181805E+09, -9.662313379298568E+07,
2449305.500000000, A.D. 1993-Nov-14 00:00:00.0000,  1.996950905679938E+09,  4.428164425361655E+09, -9.658559125865316E+07,
2449306.500000000, A.D. 1993-Nov-15 00:00:00.0000,  1.996501130427280E+09,  4.428351563849984E+09, -9.654804793427157E+07,
2449307.500000000, A.D. 1993-Nov-16 00:00:00.0000,  1.996051339190517E+09,  4.428538664652364E+09, -9.651050382056928E+07,
2449308.500000000, A.D. 1993-Nov-17 00:00:00.0000,  1.995601531980179E+09,  4.428725727775418E+09, -9.647295891813254E+07,
2449309.500000000, A.D. 1993-Nov-18 00:00:00.0000,  1.995151708806002E+09,  4.428912753226660E+09, -9.643541322740340E+07,
2449310.500000000, A.D. 1993-Nov-19 00:00:00.0000,  1.994701869676810E+09,  4.429099741014318E+09, -9.639786674868298E+07,
2449311.500000000, A.D. 1993-Nov-20 00:00:00.0000,  1.994252014600450E+09,  4.429286691147143E+09, -9.636031948214221E+07,
2449312.500000000, A.D. 1993-Nov-21 00:00:00.0000,  1.993802143583772E+09,  4.429473603634232E+09, -9.632277142783165E+07,
2449313.500000000, A.D. 1993-Nov-22 00:00:00.0000,  1.993352256632636E+09,  4.429660478484848E+09, -9.628522258569860E+07,
2449314.500000000, A.D. 1993-Nov-23 00:00:00.0000,  1.992902353751962E+09,  4.429847315708289E+09, -9.624767295560241E+07,
2449315.500000000, A.D. 1993-Nov-24 00:00:00.0000,  1.992452434945794E+09,  4.430034115313745E+09, -9.621012253732944E+07,
2449316.500000000, A.D. 1993-Nov-25 00:00:00.0000,  1.992002500217372E+09,  4.430220877310219E+09, -9.617257133060813E+07,
2449317.500000000, A.D. 1993-Nov-26 00:00:00.0000,  1.991552549569223E+09,  4.430407601706434E+09, -9.613501933512402E+07,
2449318.500000000, A.D. 1993-Nov-27 00:00:00.0000,  1.991102583003238E+09,  4.430594288510796E+09, -9.609746655052972E+07,
2449319.500000000, A.D. 1993-Nov-28 00:00:00.0000,  1.990652600520760E+09,  4.430780937731345E+09, -9.605991297645521E+07,
2449320.500000000, A.D. 1993-Nov-29 00:00:00.0000,  1.990202602122653E+09,  4.430967549375748E+09, -9.602235861251783E+07,
2449321.500000000, A.D. 1993-Nov-30 00:00:00.0000,  1.989752587809377E+09,  4.431154123451279E+09, -9.598480345832705E+07,
2449322.500000000, A.D. 1993-Dec-01 00:00:00.0000,  1.989302557581046E+09,  4.431340659964828E+09, -9.594724751349092E+07,
2449323.500000000, A.D. 1993-Dec-02 00:00:00.0000,  1.988852511437479E+09,  4.431527158922907E+09, -9.590969077761936E+07,
2449324.500000000, A.D. 1993-Dec-03 00:00:00.0000,  1.988402449378252E+09,  4.431713620331656E+09, -9.587213325032806E+07,
2449325.500000000, A.D. 1993-Dec-04 00:00:00.0000,  1.987952371402733E+09,  4.431900044196867E+09, -9.583457493124151E+07,
2449326.500000000, A.D. 1993-Dec-05 00:00:00.0000,  1.987502277510118E+09,  4.432086430523992E+09, -9.579701581999111E+07,
2449327.500000000, A.D. 1993-Dec-06 00:00:00.0000,  1.987052167699454E+09,  4.432272779318162E+09, -9.575945591621923E+07,
2449328.500000000, A.D. 1993-Dec-07 00:00:00.0000,  1.986602041969666E+09,  4.432459090584209E+09, -9.572189521957874E+07,
2449329.500000000, A.D. 1993-Dec-08 00:00:00.0000,  1.986151900319575E+09,  4.432645364326677E+09, -9.568433372973394E+07,
2449330.500000000, A.D. 1993-Dec-09 00:00:00.0000,  1.985701742747911E+09,  4.432831600549840E+09, -9.564677144635844E+07,
2449331.500000000, A.D. 1993-Dec-10 00:00:00.0000,  1.985251569253331E+09,  4.433017799257714E+09, -9.560920836913705E+07,
2449332.500000000, A.D. 1993-Dec-11 00:00:00.0000,  1.984801379834423E+09,  4.433203960454077E+09, -9.557164449776387E+07,
2449333.500000000, A.D. 1993-Dec-12 00:00:00.0000,  1.984351174489716E+09,  4.433390084142475E+09, -9.553407983194423E+07,
2449334.500000000, A.D. 1993-Dec-13 00:00:00.0000,  1.983900953217690E+09,  4.433576170326236E+09, -9.549651437139034E+07,
2449335.500000000, A.D. 1993-Dec-14 00:00:00.0000,  1.983450716016778E+09,  4.433762219008482E+09, -9.545894811582518E+07,
2449336.500000000, A.D. 1993-Dec-15 00:00:00.0000,  1.983000462885369E+09,  4.433948230192135E+09, -9.542138106497693E+07,
2449337.500000000, A.D. 1993-Dec-16 00:00:00.0000,  1.982550193821815E+09,  4.434134203879926E+09, -9.538381321858358E+07,
2449338.500000000, A.D. 1993-Dec-17 00:00:00.0000,  1.982099908824430E+09,  4.434320140074405E+09, -9.534624457638907E+07,
2449339.500000000, A.D. 1993-Dec-18 00:00:00.0000,  1.981649607891494E+09,  4.434506038777944E+09, -9.530867513814378E+07,
2449340.500000000, A.D. 1993-Dec-19 00:00:00.0000,  1.981199291021253E+09,  4.434691899992745E+09, -9.527110490360451E+07,
2449341.500000000, A.D. 1993-Dec-20 00:00:00.0000,  1.980748958211924E+09,  4.434877723720844E+09, -9.523353387253308E+07,
2449342.500000000, A.D. 1993-Dec-21 00:00:00.0000,  1.980298609461687E+09,  4.435063509964115E+09, -9.519596204469633E+07,
2449343.500000000, A.D. 1993-Dec-22 00:00:00.0000,  1.979848244768698E+09,  4.435249258724274E+09, -9.515838941986609E+07,
2449344.500000000, A.D. 1993-Dec-23 00:00:00.0000,  1.979397864131075E+09,  4.435434970002880E+09, -9.512081599781847E+07,
2449345.500000000, A.D. 1993-Dec-24 00:00:00.0000,  1.978947467546912E+09,  4.435620643801344E+09, -9.508324177833462E+07,
2449346.500000000, A.D. 1993-Dec-25 00:00:00.0000,  1.978497055014268E+09,  4.435806280120921E+09, -9.504566676119757E+07,
2449347.500000000, A.D. 1993-Dec-26 00:00:00.0000,  1.978046626531171E+09,  4.435991878962720E+09, -9.500809094619513E+07,
2449348.500000000, A.D. 1993-Dec-27 00:00:00.0000,  1.977596182095620E+09,  4.436177440327701E+09, -9.497051433311796E+07,
2449349.500000000, A.D. 1993-Dec-28 00:00:00.0000,  1.977145721705580E+09,  4.436362964216676E+09, -9.493293692176056E+07,
2449350.500000000, A.D. 1993-Dec-29 00:00:00.0000,  1.976695245358984E+09,  4.436548450630308E+09, -9.489535871192074E+07,
2449351.500000000, A.D. 1993-Dec-30 00:00:00.0000,  1.976244753053731E+09,  4.436733899569116E+09, -9.485777970339680E+07,
2449352.500000000, A.D. 1993-Dec-31 00:00:00.0000,  1.975794244787685E+09,  4.436919311033464E+09, -9.482019989599252E+07,
2449353.500000000, A.D. 1994-Jan-01 00:00:00.0000,  1.975343720558676E+09,  4.437104685023572E+09, -9.478261928951287E+07,
2449354.500000000, A.D. 1994-Jan-02 00:00:00.0000,  1.974893180364496E+09,  4.437290021539499E+09, -9.474503788376641E+07,
2449355.500000000, A.D. 1994-Jan-03 00:00:00.0000,  1.974442624202900E+09,  4.437475320581158E+09, -9.470745567856479E+07,
2449356.500000000, A.D. 1994-Jan-04 00:00:00.0000,  1.973992052071603E+09,  4.437660582148295E+09, -9.466987267372179E+07,
2449357.500000000, A.D. 1994-Jan-05 00:00:00.0000,  1.973541463968279E+09,  4.437845806240499E+09, -9.463228886905384E+07,
2449358.500000000, A.D. 1994-Jan-06 00:00:00.0000,  1.973090859890562E+09,  4.438030992857185E+09, -9.459470426438308E+07,
2449359.500000000, A.D. 1994-Jan-07 00:00:00.0000,  1.972640239836041E+09,  4.438216141997602E+09, -9.455711885953212E+07,
2449360.500000000, A.D. 1994-Jan-08 00:00:00.0000,  1.972189603802261E+09,  4.438401253660810E+09, -9.451953265433097E+07,
2449361.500000000, A.D. 1994-Jan-09 00:00:00.0000,  1.971738951786722E+09,  4.438586327845686E+09, -9.448194564861155E+07,
2449362.500000000, A.D. 1994-Jan-10 00:00:00.0000,  1.971288283786877E+09,  4.438771364550907E+09, -9.444435784221244E+07,
2449363.500000000, A.D. 1994-Jan-11 00:00:00.0000,  1.970837599800133E+09,  4.438956363774941E+09, -9.440676923497939E+07,
2449364.500000000, A.D. 1994-Jan-12 00:00:00.0000,  1.970386899823854E+09,  4.439141325516035E+09, -9.436917982676268E+07,
2449365.500000000, A.D. 1994-Jan-13 00:00:00.0000,  1.969936183855354E+09,  4.439326249772200E+09, -9.433158961742425E+07,
2449366.500000000, A.D. 1994-Jan-14 00:00:00.0000,  1.969485451891910E+09,  4.439511136541194E+09, -9.429399860683370E+07,
2449367.500000000, A.D. 1994-Jan-15 00:00:00.0000,  1.969034703930759E+09,  4.439695985820511E+09, -9.425640679487491E+07,
2449368.500000000, A.D. 1994-Jan-16 00:00:00.0000,  1.968583939969108E+09,  4.439880797607349E+09, -9.421881418144417E+07,
2449369.500000000, A.D. 1994-Jan-17 00:00:00.0000,  1.968133160004142E+09,  4.440065571898602E+09, -9.418122076645470E+07,
2449370.500000000, A.D. 1994-Jan-18 00:00:00.0000,  1.967682364033036E+09,  4.440250308690819E+09, -9.414362654984164E+07,
2449371.500000000, A.D. 1994-Jan-19 00:00:00.0000,  1.967231552052973E+09,  4.440435007980193E+09, -9.410603153156161E+07,
2449372.500000000, A.D. 1994-Jan-20 00:00:00.0000,  1.966780724061164E+09,  4.440619669762526E+09, -9.406843571160197E+07,
2449373.500000000, A.D. 1994-Jan-21 00:00:00.0000,  1.966329880054877E+09,  4.440804294033195E+09, -9.403083908998084E+07,
2449374.500000000, A.D. 1994-Jan-22 00:00:00.0000,  1.965879020031471E+09,  4.440988880787133E+09, -9.399324166675639E+07,
2449375.500000000, A.D. 1994-Jan-23 00:00:00.0000,  1.965428143988443E+09,  4.441173430018794E+09, -9.395564344203234E+07,
2449376.500000000, A.D. 1994-Jan-24 00:00:00.0000,  1.964977251923479E+09,  4.441357941722125E+09, -9.391804441596437E+07,
2449377.500000000, A.D. 1994-Jan-25 00:00:00.0000,  1.964526343834516E+09,  4.441542415890547E+09, -9.388044458876801E+07,
2449378.500000000, A.D. 1994-Jan-26 00:00:00.0000,  1.964075419719824E+09,  4.441726852516941E+09, -9.384284396072865E+07,
2449379.500000000, A.D. 1994-Jan-27 00:00:00.0000,  1.963624479578085E+09,  4.441911251593645E+09, -9.380524253220677E+07,
2449380.500000000, A.D. 1994-Jan-28 00:00:00.0000,  1.963173523408498E+09,  4.442095613112463E+09, -9.376764030364799E+07,
2449381.500000000, A.D. 1994-Jan-29 00:00:00.0000,  1.962722551210881E+09,  4.442279937064700E+09, -9.373003727559090E+07,
2449382.500000000, A.D. 1994-Jan-30 00:00:00.0000,  1.962271562985782E+09,  4.442464223441214E+09, -9.369243344867110E+07,
2449383.500000000, A.D. 1994-Jan-31 00:00:00.0000,  1.961820558734593E+09,  4.442648472232498E+09, -9.365482882362628E+07,
2449384.500000000, A.D. 1994-Feb-01 00:00:00.0000,  1.961369538459651E+09,  4.442832683428800E+09, -9.361722340129495E+07,
2449385.500000000, A.D. 1994-Feb-02 00:00:00.0000,  1.960918502164324E+09,  4.443016857020252E+09, -9.357961718261528E+07,
2449386.500000000, A.D. 1994-Feb-03 00:00:00.0000,  1.960467449853074E+09,  4.443200992997066E+09, -9.354201016861343E+07,
2449387.500000000, A.D. 1994-Feb-04 00:00:00.0000,  1.960016381531476E+09,  4.443385091349706E+09, -9.350440236039233E+07,
2449388.500000000, A.D. 1994-Feb-05 00:00:00.0000,  1.959565297206195E+09,  4.443569152069114E+09, -9.346679375911140E+07,
2449389.500000000, A.D. 1994-Feb-06 00:00:00.0000,  1.959114196884913E+09,  4.443753175146914E+09, -9.342918436596227E+07,
2449390.500000000, A.D. 1994-Feb-07 00:00:00.0000,  1.958663080576201E+09,  4.443937160575597E+09, -9.339157418214202E+07,
2449391.500000000, A.D. 1994-Feb-08 00:00:00.0000,  1.958211948289339E+09,  4.444121108348698E+09, -9.335396320882535E+07,
2449392.500000000, A.D. 1994-Feb-09 00:00:00.0000,  1.957760800034108E+09,  4.444305018460890E+09, -9.331635144713283E+07,
2449393.500000000, A.D. 1994-Feb-10 00:00:00.0000,  1.957309635820546E+09,  4.444488890908055E+09, -9.327873889810801E+07,
2449394.500000000, A.D. 1994-Feb-11 00:00:00.0000,  1.956858455658713E+09,  4.444672725687272E+09, -9.324112556269264E+07,
2449395.500000000, A.D. 1994-Feb-12 00:00:00.0000,  1.956407259558461E+09,  4.444856522796759E+09, -9.320351144171429E+07,
2449396.500000000, A.D. 1994-Feb-13 00:00:00.0000,  1.955956047529230E+09,  4.445040282235751E+09, -9.316589653587389E+07,
2449397.500000000, A.D. 1994-Feb-14 00:00:00.0000,  1.955504819579895E+09,  4.445224004004366E+09, -9.312828084574580E+07,
2449398.500000000, A.D. 1994-Feb-15 00:00:00.0000,  1.955053575718649E+09,  4.445407688103415E+09, -9.309066437178254E+07,
2449399.500000000, A.D. 1994-Feb-16 00:00:00.0000,  1.954602315952940E+09,  4.445591334534233E+09, -9.305304711432123E+07,
2449400.500000000, A.D. 1994-Feb-17 00:00:00.0000,  1.954151040289447E+09,  4.445774943298496E+09, -9.301542907359743E+07,
2449401.500000000, A.D. 1994-Feb-18 00:00:00.0000,  1.953699748734094E+09,  4.445958514398065E+09, -9.297781024975896E+07,
2449402.500000000, A.D. 1994-Feb-19 00:00:00.0000,  1.953248441292098E+09,  4.446142047834839E+09, -9.294019064288473E+07,
2449403.500000000, A.D. 1994-Feb-20 00:00:00.0000,  1.952797117968027E+09,  4.446325543610648E+09, -9.290257025299573E+07,
2449404.500000000, A.D. 1994-Feb-21 00:00:00.0000,  1.952345778765881E+09,  4.446509001727151E+09, -9.286494908007288E+07,
2449405.500000000, A.D. 1994-Feb-22 00:00:00.0000,  1.951894423689173E+09,  4.446692422185777E+09, -9.282732712406898E+07,
2449406.500000000, A.D. 1994-Feb-23 00:00:00.0000,  1.951443052741012E+09,  4.446875804987674E+09, -9.278970438492131E+07,
2449407.500000000, A.D. 1994-Feb-24 00:00:00.0000,  1.950991665924180E+09,  4.447059150133687E+09, -9.275208086255932E+07,
2449408.500000000, A.D. 1994-Feb-25 00:00:00.0000,  1.950540263241209E+09,  4.447242457624336E+09, -9.271445655691528E+07,
2449409.500000000, A.D. 1994-Feb-26 00:00:00.0000,  1.950088844694445E+09,  4.447425727459821E+09, -9.267683146792936E+07,
2449410.500000000, A.D. 1994-Feb-27 00:00:00.0000,  1.949637410286110E+09,  4.447608959640028E+09, -9.263920559555531E+07,
2449411.500000000, A.D. 1994-Feb-28 00:00:00.0000,  1.949185960018352E+09,  4.447792154164542E+09, -9.260157893976235E+07,
2449412.500000000, A.D. 1994-Mar-01 00:00:00.0000,  1.948734493893283E+09,  4.447975311032666E+09, -9.256395150054026E+07,
2449413.500000000, A.D. 1994-Mar-02 00:00:00.0000,  1.948283011913026E+09,  4.448158430243439E+09, -9.252632327790117E+07,
2449414.500000000, A.D. 1994-Mar-03 00:00:00.0000,  1.947831514079735E+09,  4.448341511795660E+09, -9.248869427187777E+07,
2449415.500000000, A.D. 1994-Mar-04 00:00:00.0000,  1.947380000395624E+09,  4.448524555687915E+09, -9.245106448252892E+07,
2449416.500000000, A.D. 1994-Mar-05 00:00:00.0000,  1.946928470862987E+09,  4.448707561918592E+09, -9.241343390993476E+07,
2449417.500000000, A.D. 1994-Mar-06 00:00:00.0000,  1.946476925484214E+09,  4.448890530485911E+09, -9.237580255419898E+07,
2449418.500000000, A.D. 1994-Mar-07 00:00:00.0000,  1.946025364261800E+09,  4.449073461387938E+09, -9.233817041544914E+07,
2449419.500000000, A.D. 1994-Mar-08 00:00:00.0000,  1.945573787198356E+09,  4.449256354622611E+09, -9.230053749383521E+07,
2449420.500000000, A.D. 1994-Mar-09 00:00:00.0000,  1.945122194296615E+09,  4.449439210187759E+09, -9.226290378952765E+07,
2449421.500000000, A.D. 1994-Mar-10 00:00:00.0000,  1.944670585559436E+09,  4.449622028081114E+09, -9.222526930271864E+07,
2449422.500000000, A.D. 1994-Mar-11 00:00:00.0000,  1.944218960989810E+09,  4.449804808300337E+09, -9.218763403362060E+07,
2449423.500000000, A.D. 1994-Mar-12 00:00:00.0000,  1.943767320590854E+09,  4.449987550843022E+09, -9.214999798246384E+07,
2449424.500000000, A.D. 1994-Mar-13 00:00:00.0000,  1.943315664365818E+09,  4.450170255706722E+09, -9.211236114949799E+07,
2449425.500000000, A.D. 1994-Mar-14 00:00:00.0000,  1.942863992318079E+09,  4.450352922888953E+09, -9.207472353498840E+07,
2449426.500000000, A.D. 1994-Mar-15 00:00:00.0000,  1.942412304451140E+09,  4.450535552387212E+09, -9.203708513921905E+07,
2449427.500000000, A.D. 1994-Mar-16 00:00:00.0000,  1.941960600768631E+09,  4.450718144198983E+09, -9.199944596248722E+07,
2449428.500000000, A.D. 1994-Mar-17 00:00:00.0000,  1.941508881274302E+09,  4.450900698321753E+09, -9.196180600510550E+07,
2449429.500000000, A.D. 1994-Mar-18 00:00:00.0000,  1.941057145972017E+09,  4.451083214753016E+09, -9.192416526740098E+07,
2449430.500000000, A.D. 1994-Mar-19 00:00:00.0000,  1.940605394865756E+09,  4.451265693490288E+09, -9.188652374971223E+07,
2449431.500000000, A.D. 1994-Mar-20 00:00:00.0000,  1.940153627959606E+09,  4.451448134531103E+09, -9.184888145239067E+07,
2449432.500000000, A.D. 1994-Mar-21 00:00:00.0000,  1.939701845257756E+09,  4.451630537873035E+09, -9.181123837579846E+07,
2449433.500000000, A.D. 1994-Mar-22 00:00:00.0000,  1.939250046764497E+09,  4.451812903513698E+09, -9.177359452030921E+07,
2449434.500000000, A.D. 1994-Mar-23 00:00:00.0000,  1.938798232484205E+09,  4.451995231450742E+09, -9.173594988630605E+07,
2449435.500000000, A.D. 1994-Mar-24 00:00:00.0000,  1.938346402421348E+09,  4.452177521681876E+09, -9.169830447418070E+07,
2449436.500000000, A.D. 1994-Mar-25 00:00:00.0000,  1.937894556580474E+09,  4.452359774204861E+09, -9.166065828433418E+07,
2449437.500000000, A.D. 1994-Mar-26 00:00:00.0000,  1.937442694966202E+09,  4.452541989017514E+09, -9.162301131717491E+07,
2449438.500000000, A.D. 1994-Mar-27 00:00:00.0000,  1.936990817583222E+09,  4.452724166117717E+09, -9.158536357311845E+07,
2449439.500000000, A.D. 1994-Mar-28 00:00:00.0000,  1.936538924436282E+09,  4.452906305503415E+09, -9.154771505258799E+07,
2449440.500000000, A.D. 1994-Mar-29 00:00:00.0000,  1.936087015530184E+09,  4.453088407172618E+09, -9.151006575601149E+07,
2449441.500000000, A.D. 1994-Mar-30 00:00:00.0000,  1.935635090869779E+09,  4.453270471123405E+09, -9.147241568382382E+07,
2449442.500000000, A.D. 1994-Mar-31 00:00:00.0000,  1.935183150459955E+09,  4.453452497353923E+09, -9.143476483646488E+07,
2449443.500000000, A.D. 1994-Apr-01 00:00:00.0000,  1.934731194305632E+09,  4.453634485862386E+09, -9.139711321437836E+07,
2449444.500000000, A.D. 1994-Apr-02 00:00:00.0000,  1.934279222411755E+09,  4.453816436647076E+09, -9.135946081801367E+07,
2449445.500000000, A.D. 1994-Apr-03 00:00:00.0000,  1.933827234783285E+09,  4.453998349706336E+09, -9.132180764782357E+07,
2449446.500000000, A.D. 1994-Apr-04 00:00:00.0000,  1.933375231425192E+09,  4.454180225038576E+09, -9.128415370426512E+07,
2449447.500000000, A.D. 1994-Apr-05 00:00:00.0000,  1.932923212342446E+09,  4.454362062642258E+09, -9.124649898779869E+07,
2449448.500000000, A.D. 1994-Apr-06 00:00:00.0000,  1.932471177540009E+09,  4.454543862515901E+09, -9.120884349888897E+07,
2449449.500000000, A.D. 1994-Apr-07 00:00:00.0000,  1.932019127022830E+09,  4.454725624658063E+09, -9.117118723800468E+07,
2449450.500000000, A.D. 1994-Apr-08 00:00:00.0000,  1.931567060795834E+09,  4.454907349067348E+09, -9.113353020561814E+07,
2449451.500000000, A.D. 1994-Apr-09 00:00:00.0000,  1.931114978863919E+09,  4.455089035742377E+09, -9.109587240220499E+07,
2449452.500000000, A.D. 1994-Apr-10 00:00:00.0000,  1.930662881231945E+09,  4.455270684681797E+09, -9.105821382824779E+07,
2449453.500000000, A.D. 1994-Apr-11 00:00:00.0000,  1.930210767904732E+09,  4.455452295884251E+09, -9.102055448423386E+07,
2449454.500000000, A.D. 1994-Apr-12 00:00:00.0000,  1.929758638887057E+09,  4.455633869348371E+09, -9.098289437065840E+07,
2449455.500000000, A.D. 1994-Apr-13 00:00:00.0000,  1.929306494183645E+09,  4.455815405072757E+09, -9.094523348802257E+07,
2449456.500000000, A.D. 1994-Apr-14 00:00:00.0000,  1.928854333799178E+09,  4.455996903055961E+09, -9.090757183684111E+07,
2449457.500000000, A.D. 1994-Apr-15 00:00:00.0000,  1.928402157738286E+09,  4.456178363296458E+09, -9.086990941763830E+07,
2449458.500000000, A.D. 1994-Apr-16 00:00:00.0000,  1.927949966005565E+09,  4.456359785792630E+09, -9.083224623095393E+07,
2449459.500000000, A.D. 1994-Apr-17 00:00:00.0000,  1.927497758605574E+09,  4.456541170542729E+09, -9.079458227734804E+07,
2449460.500000000, A.D. 1994-Apr-18 00:00:00.0000,  1.927045535542861E+09,  4.456722517544858E+09, -9.075691755740047E+07,
2449461.500000000, A.D. 1994-Apr-19 00:00:00.0000,  1.926593296821978E+09,  4.456903826796932E+09, -9.071925207171869E+07,
2449462.500000000, A.D. 1994-Apr-20 00:00:00.0000,  1.926141042447509E+09,  4.457085098296657E+09, -9.068158582094336E+07,
2449463.500000000, A.D. 1994-Apr-21 00:00:00.0000,  1.925688772424111E+09,  4.457266332041488E+09, -9.064391880575085E+07,
2449464.500000000, A.D. 1994-Apr-22 00:00:00.0000,  1.925236486756559E+09,  4.457447528028612E+09, -9.060625102686524E+07,
2449465.500000000, A.D. 1994-Apr-23 00:00:00.0000,  1.924784185449801E+09,  4.457628686254921E+09, -9.056858248505998E+07,
2449466.500000000, A.D. 1994-Apr-24 00:00:00.0000,  1.924331868509032E+09,  4.457809806716994E+09, -9.053091318117023E+07,
2449467.500000000, A.D. 1994-Apr-25 00:00:00.0000,  1.923879535939769E+09,  4.457990889411095E+09, -9.049324311609745E+07,
2449468.500000000, A.D. 1994-Apr-26 00:00:00.0000,  1.923427187747947E+09,  4.458171934333181E+09, -9.045557229081988E+07,
2449469.500000000, A.D. 1994-Apr-27 00:00:00.0000,  1.922974823940015E+09,  4.458352941478935E+09, -9.041790070639682E+07,
2449470.500000000, A.D. 1994-Apr-28 00:00:00.0000,  1.922522444523044E+09,  4.458533910843813E+09, -9.038022836397600E+07,
2449471.500000000, A.D. 1994-Apr-29 00:00:00.0000,  1.922070049504826E+09,  4.458714842423131E+09, -9.034255526479435E+07,
2449472.500000000, A.D. 1994-Apr-30 00:00:00.0000,  1.921617638893976E+09,  4.458895736212173E+09, -9.030488141018176E+07,
2449473.500000000, A.D. 1994-May-01 00:00:00.0000,  1.921165212700008E+09,  4.459076592206329E+09, -9.026720680155182E+07,
2449474.500000000, A.D. 1994-May-02 00:00:00.0000,  1.920712770933387E+09,  4.459257410401274E+09, -9.022953144039631E+07,
2449475.500000000, A.D. 1994-May-03 00:00:00.0000,  1.920260313605545E+09,  4.459438190793155E+09, -9.019185532827020E+07,
2449476.500000000, A.D. 1994-May-04 00:00:00.0000,  1.919807840728851E+09,  4.459618933378799E+09, -9.015417846677017E+07,
2449477.500000000, A.D. 1994-May-05 00:00:00.0000,  1.919355352316525E+09,  4.459799638155917E+09, -9.011650085751367E+07,
2449478.500000000, A.D. 1994-May-06 00:00:00.0000,  1.918902848382503E+09,  4.459980305123288E+09, -9.007882250210738E+07,
2449479.500000000, A.D. 1994-May-07 00:00:00.0000,  1.918450328941255E+09,  4.460160934280922E+09, -9.004114340211987E+07,
2449480.500000000, A.D. 1994-May-08 00:00:00.0000,  1.917997794007565E+09,  4.460341525630157E+09, -9.000346355905342E+07,
2449481.500000000, A.D. 1994-May-09 00:00:00.0000,  1.917545243596283E+09,  4.460522079173716E+09, -8.996578297431493E+07,
2449482.500000000, A.D. 1994-May-10 00:00:00.0000,  1.917092677722084E+09,  4.460702594915692E+09, -8.992810164919639E+07,
2449483.500000000, A.D. 1994-May-11 00:00:00.0000,  1.916640096399228E+09,  4.460883072861483E+09, -8.989041958485818E+07,
2449484.500000000, A.D. 1994-May-12 00:00:00.0000,  1.916187499641363E+09,  4.461063513017664E+09, -8.985273678231978E+07,
2449485.500000000, A.D. 1994-May-13 00:00:00.0000,  1.915734887461359E+09,  4.461243915391840E+09, -8.981505324245834E+07,
2449486.500000000, A.D. 1994-May-14 00:00:00.0000,  1.915282259871187E+09,  4.461424279992462E+09, -8.977736896601176E+07,
2449487.500000000, A.D. 1994-May-15 00:00:00.0000,  1.914829616881858E+09,  4.461604606828638E+09, -8.973968395358896E+07,
2449488.500000000, A.D. 1994-May-16 00:00:00.0000,  1.914376958503391E+09,  4.461784895909958E+09, -8.970199820567894E+07,
2449489.500000000, A.D. 1994-May-17 00:00:00.0000,  1.913924284744826E+09,  4.461965147246318E+09, -8.966431172266889E+07,
2449490.500000000, A.D. 1994-May-18 00:00:00.0000,  1.913471595614264E+09,  4.462145360847784E+09, -8.962662450485802E+07,
2449491.500000000, A.D. 1994-May-19 00:00:00.0000,  1.913018891118930E+09,  4.462325536724461E+09, -8.958893655247355E+07,
2449492.500000000, A.D. 1994-May-20 00:00:00.0000,  1.912566171265239E+09,  4.462505674886402E+09, -8.955124786568403E+07,
2449493.500000000, A.D. 1994-May-21 00:00:00.0000,  1.912113436058880E+09,  4.462685775343532E+09, -8.951355844461346E+07,
2449494.500000000, A.D. 1994-May-22 00:00:00.0000,  1.911660685504892E+09,  4.462865838105593E+09, -8.947586828935242E+07,
2449495.500000000, A.D. 1994-May-23 00:00:00.0000,  1.911207919607742E+09,  4.463045863182117E+09, -8.943817739996696E+07,
2449496.500000000, A.D. 1994-May-24 00:00:00.0000,  1.910755138371392E+09,  4.463225850582401E+09, -8.940048577650785E+07,
2449497.500000000, A.D. 1994-May-25 00:00:00.0000,  1.910302341799366E+09,  4.463405800315493E+09, -8.936279341901517E+07,
2449498.500000000, A.D. 1994-May-26 00:00:00.0000,  1.909849529894802E+09,  4.463585712390204E+09, -8.932510032752442E+07,
2449499.500000000, A.D. 1994-May-27 00:00:00.0000,  1.909396702660505E+09,  4.463765586815107E+09, -8.928740650207067E+07,
2449500.500000000, A.D. 1994-May-28 00:00:00.0000,  1.908943860098979E+09,  4.463945423598547E+09, -8.924971194268847E+07,
2449501.500000000, A.D. 1994-May-29 00:00:00.0000,  1.908491002212472E+09,  4.464125222748656E+09, -8.921201664941764E+07,
2449502.500000000, A.D. 1994-May-30 00:00:00.0000,  1.908038129002993E+09,  4.464304984273372E+09, -8.917432062230062E+07,
2449503.500000000, A.D. 1994-May-31 00:00:00.0000,  1.907585240472342E+09,  4.464484708180442E+09, -8.913662386138582E+07,
2449504.500000000, A.D. 1994-Jun-01 00:00:00.0000,  1.907132336622124E+09,  4.464664394477450E+09, -8.909892636672616E+07,
2449505.500000000, A.D. 1994-Jun-02 00:00:00.0000,  1.906679417453768E+09,  4.464844043171824E+09, -8.906122813837934E+07,
2449506.500000000, A.D. 1994-Jun-03 00:00:00.0000,  1.906226482968528E+09,  4.465023654270851E+09, -8.902352917640805E+07,
2449507.500000000, A.D. 1994-Jun-04 00:00:00.0000,  1.905773533167501E+09,  4.465203227781688E+09, -8.898582948087740E+07,
2449508.500000000, A.D. 1994-Jun-05 00:00:00.0000,  1.905320568051629E+09,  4.465382763711375E+09, -8.894812905185795E+07,
2449509.500000000, A.D. 1994-Jun-06 00:00:00.0000,  1.904867587621700E+09,  4.465562262066843E+09, -8.891042788942075E+07,
2449510.500000000, A.D. 1994-Jun-07 00:00:00.0000,  1.904414591878352E+09,  4.465741722854923E+09, -8.887272599363971E+07,
2449511.500000000, A.D. 1994-Jun-08 00:00:00.0000,  1.903961580822079E+09,  4.465921146082352E+09, -8.883502336458921E+07,
2449512.500000000, A.D. 1994-Jun-09 00:00:00.0000,  1.903508554453223E+09,  4.466100531755782E+09, -8.879732000234365E+07,
2449513.500000000, A.D. 1994-Jun-10 00:00:00.0000,  1.903055512771980E+09,  4.466279879881781E+09, -8.875961590697598E+07,
2449514.500000000, A.D. 1994-Jun-11 00:00:00.0000,  1.902602455778392E+09,  4.466459190466837E+09, -8.872191107856011E+07,
2449515.500000000, A.D. 1994-Jun-12 00:00:00.0000,  1.902149383472355E+09,  4.466638463517365E+09, -8.868420551716399E+07,
2449516.500000000, A.D. 1994-Jun-13 00:00:00.0000,  1.901696295853605E+09,  4.466817699039704E+09, -8.864649922285628E+07,
2449517.500000000, A.D. 1994-Jun-14 00:00:00.0000,  1.901243192921728E+09,  4.466996897040122E+09, -8.860879219569993E+07,
2449518.500000000, A.D. 1994-Jun-15 00:00:00.0000,  1.900790074676146E+09,  4.467176057524813E+09, -8.857108443575430E+07,
2449519.500000000, A.D. 1994-Jun-16 00:00:00.0000,  1.900336941116126E+09,  4.467355180499897E+09, -8.853337594307303E+07,
2449520.500000000, A.D. 1994-Jun-17 00:00:00.0000,  1.899883792240765E+09,  4.467534265971423E+09, -8.849566671770620E+07,
2449521.500000000, A.D. 1994-Jun-18 00:00:00.0000,  1.899430628048999E+09,  4.467713313945360E+09, -8.845795675969648E+07,
2449522.500000000, A.D. 1994-Jun-19 00:00:00.0000,  1.898977448539592E+09,  4.467892324427604E+09, -8.842024606908131E+07,
2449523.500000000, A.D. 1994-Jun-20 00:00:00.0000,  1.898524253711133E+09,  4.468071297423965E+09, -8.838253464589047E+07,
2449524.500000000, A.D. 1994-Jun-21 00:00:00.0000,  1.898071043562040E+09,  4.468250232940171E+09, -8.834482249014759E+07,
2449525.500000000, A.D. 1994-Jun-22 00:00:00.0000,  1.897617818090555E+09,  4.468429130981862E+09, -8.830710960186863E+07,
2449526.500000000, A.D. 1994-Jun-23 00:00:00.0000,  1.897164577294735E+09,  4.468607991554585E+09, -8.826939598106194E+07,
2449527.500000000, A.D. 1994-Jun-24 00:00:00.0000,  1.896711321172456E+09,  4.468786814663787E+09, -8.823168162772727E+07,
2449528.500000000, A.D. 1994-Jun-25 00:00:00.0000,  1.896258049721410E+09,  4.468965600314814E+09, -8.819396654185677E+07,
2449529.500000000, A.D. 1994-Jun-26 00:00:00.0000,  1.895804762939096E+09,  4.469144348512902E+09, -8.815625072343540E+07,
2449530.500000000, A.D. 1994-Jun-27 00:00:00.0000,  1.895351460822826E+09,  4.469323059263171E+09, -8.811853417243743E+07,
2449531.500000000, A.D. 1994-Jun-28 00:00:00.0000,  1.894898143369715E+09,  4.469501732570617E+09, -8.808081688883114E+07,
2449532.500000000, A.D. 1994-Jun-29 00:00:00.0000,  1.894444810576684E+09,  4.469680368440101E+09, -8.804309887257457E+07,
2449533.500000000, A.D. 1994-Jun-30 00:00:00.0000,  1.893991462440454E+09,  4.469858966876348E+09, -8.800538012361932E+07,
2449534.500000000, A.D. 1994-Jul-01 00:00:00.0000,  1.893538098957546E+09,  4.470037527883931E+09, -8.796766064190769E+07,
2449535.500000000, A.D. 1994-Jul-02 00:00:00.0000,  1.893084720124274E+09,  4.470216051467261E+09, -8.792994042737389E+07,
2449536.500000000, A.D. 1994-Jul-03 00:00:00.0000,  1.892631325936754E+09,  4.470394537630575E+09, -8.789221947994590E+07,
2449537.500000000, A.D. 1994-Jul-04 00:00:00.0000,  1.892177916390890E+09,  4.470572986377928E+09, -8.785449779954433E+07,
2449538.500000000, A.D. 1994-Jul-05 00:00:00.0000,  1.891724491482380E+09,  4.470751397713171E+09, -8.781677538608456E+07,
2449539.500000000, A.D. 1994-Jul-06 00:00:00.0000,  1.891271051206715E+09,  4.470929771639940E+09, -8.777905223947334E+07,
2449540.500000000, A.D. 1994-Jul-07 00:00:00.0000,  1.890817595559176E+09,  4.471108108161642E+09, -8.774132835961747E+07,
2449541.500000000, A.D. 1994-Jul-08 00:00:00.0000,  1.890364124534842E+09,  4.471286407281427E+09, -8.770360374641824E+07,
2449542.500000000, A.D. 1994-Jul-09 00:00:00.0000,  1.889910638128587E+09,  4.471464669002174E+09, -8.766587839977622E+07,
2449543.500000000, A.D. 1994-Jul-10 00:00:00.0000,  1.889457136335085E+09,  4.471642893326471E+09, -8.762815231959224E+07,
2449544.500000000, A.D. 1994-Jul-11 00:00:00.0000,  1.889003619148822E+09,  4.471821080256578E+09, -8.759042550576973E+07,
2449545.500000000, A.D. 1994-Jul-12 00:00:00.0000,  1.888550086564100E+09,  4.471999229794414E+09, -8.755269795821834E+07,
2449546.500000000, A.D. 1994-Jul-13 00:00:00.0000,  1.888096538575054E+09,  4.472177341941520E+09, -8.751496967685699E+07,
2449547.500000000, A.D. 1994-Jul-14 00:00:00.0000,  1.887642975175668E+09,  4.472355416699027E+09, -8.747724066161489E+07,
2449548.500000000, A.D. 1994-Jul-15 00:00:00.0000,  1.887189396359799E+09,  4.472533454067629E+09, -8.743951091244149E+07,
2449549.500000000, A.D. 1994-Jul-16 00:00:00.0000,  1.886735802121206E+09,  4.472711454047544E+09, -8.740178042930532E+07,
2449550.500000000, A.D. 1994-Jul-17 00:00:00.0000,  1.886282192453587E+09,  4.472889416638483E+09, -8.736404921220469E+07,
2449551.500000000, A.D. 1994-Jul-18 00:00:00.0000,  1.885828567350623E+09,  4.473067341839613E+09, -8.732631726117158E+07,
2449552.500000000, A.D. 1994-Jul-19 00:00:00.0000,  1.885374926806037E+09,  4.473245229649532E+09, -8.728858457628155E+07,
2449553.500000000, A.D. 1994-Jul-20 00:00:00.0000,  1.884921270813658E+09,  4.473423080066239E+09, -8.725085115765667E+07,
2449554.500000000, A.D. 1994-Jul-21 00:00:00.0000,  1.884467599367499E+09,  4.473600893087117E+09, -8.721311700547934E+07,
2449555.500000000, A.D. 1994-Jul-22 00:00:00.0000,  1.884013912461846E+09,  4.473778668708928E+09, -8.717538211999774E+07,
2449556.500000000, A.D. 1994-Jul-23 00:00:00.0000,  1.883560210091359E+09,  4.473956406927819E+09, -8.713764650153399E+07,
2449557.500000000, A.D. 1994-Jul-24 00:00:00.0000,  1.883106492251182E+09,  4.474134107739354E+09, -8.709991015049243E+07,
2449558.500000000, A.D. 1994-Jul-25 00:00:00.0000,  1.882652758937053E+09,  4.474311771138561E+09, -8.706217306736517E+07,
2449559.500000000, A.D. 1994-Jul-26 00:00:00.0000,  1.882199010145420E+09,  4.474489397120018E+09, -8.702443525273609E+07,
2449560.500000000, A.D. 1994-Jul-27 00:00:00.0000,  1.881745245873542E+09,  4.474666985677959E+09, -8.698669670727897E+07,
2449561.500000000, A.D. 1994-Jul-28 00:00:00.0000,  1.881291466119582E+09,  4.474844536806425E+09, -8.694895743175745E+07,
2449562.500000000, A.D. 1994-Jul-29 00:00:00.0000,  1.880837670882663E+09,  4.475022050499417E+09, -8.691121742701149E+07,
2449563.500000000, A.D. 1994-Jul-30 00:00:00.0000,  1.880383860162889E+09,  4.475199526751114E+09, -8.687347669394755E+07,
2449564.500000000, A.D. 1994-Jul-31 00:00:00.0000,  1.879930033961329E+09,  4.475376965556061E+09, -8.683573523351741E+07,
2449565.500000000, A.D. 1994-Aug-01 00:00:00.0000,  1.879476192279930E+09,  4.475554366909376E+09, -8.679799304669452E+07,
2449566.500000000, A.D. 1994-Aug-02 00:00:00.0000,  1.879022335121399E+09,  4.475731730806944E+09, -8.676025013444543E+07,
2449567.500000000, A.D. 1994-Aug-03 00:00:00.0000,  1.878568462489021E+09,  4.475909057245566E+09, -8.672250649770474E+07,
2449568.500000000, A.D. 1994-Aug-04 00:00:00.0000,  1.878114574386446E+09,  4.476086346223070E+09, -8.668476213734102E+07,
2449569.500000000, A.D. 1994-Aug-05 00:00:00.0000,  1.877660670817460E+09,  4.476263597738352E+09, -8.664701705413628E+07,
2449570.500000000, A.D. 1994-Aug-06 00:00:00.0000,  1.877206751785737E+09,  4.476440811791373E+09, -8.660927124876070E+07,
2449571.500000000, A.D. 1994-Aug-07 00:00:00.0000,  1.876752817294626E+09,  4.476617988383088E+09, -8.657152472175980E+07,
2449572.500000000, A.D. 1994-Aug-08 00:00:00.0000,  1.876298867346948E+09,  4.476795127515324E+09, -8.653377747354674E+07,
2449573.500000000, A.D. 1994-Aug-09 00:00:00.0000,  1.875844901944849E+09,  4.476972229190628E+09, -8.649602950439811E+07,
2449574.500000000, A.D. 1994-Aug-10 00:00:00.0000,  1.875390921089689E+09,  4.477149293412090E+09, -8.645828081446028E+07,
2449575.500000000, A.D. 1994-Aug-11 00:00:00.0000,  1.874936924781986E+09,  4.477326320183155E+09, -8.642053140375853E+07,
2449576.500000000, A.D. 1994-Aug-12 00:00:00.0000,  1.874482913021396E+09,  4.477503309507453E+09, -8.638278127221012E+07,
2449577.500000000, A.D. 1994-Aug-13 00:00:00.0000,  1.874028885806739E+09,  4.477680261388627E+09, -8.634503041963935E+07,
2449578.500000000, A.D. 1994-Aug-14 00:00:00.0000,  1.873574843136041E+09,  4.477857175830197E+09, -8.630727884579206E+07,
2449579.500000000, A.D. 1994-Aug-15 00:00:00.0000,  1.873120785006610E+09,  4.478034052835440E+09, -8.626952655035329E+07,
2449580.500000000, A.D. 1994-Aug-16 00:00:00.0000,  1.872666711415108E+09,  4.478210892407298E+09, -8.623177353296161E+07,
2449581.500000000, A.D. 1994-Aug-17 00:00:00.0000,  1.872212622357647E+09,  4.478387694548316E+09, -8.619401979322147E+07,
2449582.500000000, A.D. 1994-Aug-18 00:00:00.0000,  1.871758517829867E+09,  4.478564459260581E+09, -8.615626533071637E+07,
2449583.500000000, A.D. 1994-Aug-19 00:00:00.0000,  1.871304397827025E+09,  4.478741186545707E+09, -8.611851014501786E+07,
2449584.500000000, A.D. 1994-Aug-20 00:00:00.0000,  1.870850262344069E+09,  4.478917876404812E+09, -8.608075423569226E+07,
2449585.500000000, A.D. 1994-Aug-21 00:00:00.0000,  1.870396111375709E+09,  4.479094528838515E+09, -8.604299760231185E+07,
2449586.500000000, A.D. 1994-Aug-22 00:00:00.0000,  1.869941944916482E+09,  4.479271143846949E+09, -8.600524024445510E+07,
2449587.500000000, A.D. 1994-Aug-23 00:00:00.0000,  1.869487762960802E+09,  4.479447721429763E+09, -8.596748216171455E+07,
2449588.500000000, A.D. 1994-Aug-24 00:00:00.0000,  1.869033565503010E+09,  4.479624261586148E+09, -8.592972335369539E+07,
2449589.500000000, A.D. 1994-Aug-25 00:00:00.0000,  1.868579352537416E+09,  4.479800764314848E+09, -8.589196382002163E+07,
2449590.500000000, A.D. 1994-Aug-26 00:00:00.0000,  1.868125124058329E+09,  4.479977229614185E+09, -8.585420356033659E+07,
2449591.500000000, A.D. 1994-Aug-27 00:00:00.0000,  1.867670880060088E+09,  4.480153657482081E+09, -8.581644257430029E+07,
2449592.500000000, A.D. 1994-Aug-28 00:00:00.0000,  1.867216620537084E+09,  4.480330047916079E+09, -8.577868086159658E+07,
2449593.500000000, A.D. 1994-Aug-29 00:00:00.0000,  1.866762345483785E+09,  4.480506400913357E+09, -8.574091842192602E+07,
2449594.500000000, A.D. 1994-Aug-30 00:00:00.0000,  1.866308054894743E+09,  4.480682716470759E+09, -8.570315525501060E+07,
2449595.500000000, A.D. 1994-Aug-31 00:00:00.0000,  1.865853748764618E+09,  4.480858994584811E+09, -8.566539136059165E+07,
2449596.500000000, A.D. 1994-Sep-01 00:00:00.0000,  1.865399427088179E+09,  4.481035235251732E+09, -8.562762673842907E+07,
2449597.500000000, A.D. 1994-Sep-02 00:00:00.0000,  1.864945089860321E+09,  4.481211438467455E+09, -8.558986138830233E+07,
2449598.500000000, A.D. 1994-Sep-03 00:00:00.0000,  1.864490737076067E+09,  4.481387604227648E+09, -8.555209531000757E+07,
2449599.500000000, A.D. 1994-Sep-04 00:00:00.0000,  1.864036368730574E+09,  4.481563732527721E+09, -8.551432850335908E+07,
2449600.500000000, A.D. 1994-Sep-05 00:00:00.0000,  1.863581984819142E+09,  4.481739823362844E+09, -8.547656096818805E+07,
2449601.500000000, A.D. 1994-Sep-06 00:00:00.0000,  1.863127585337212E+09,  4.481915876727953E+09, -8.543879270434117E+07,
2449602.500000000, A.D. 1994-Sep-07 00:00:00.0000,  1.862673170280371E+09,  4.482091892617773E+09, -8.540102371168089E+07,
2449603.500000000, A.D. 1994-Sep-08 00:00:00.0000,  1.862218739644358E+09,  4.482267871026818E+09, -8.536325399008441E+07,
2449604.500000000, A.D. 1994-Sep-09 00:00:00.0000,  1.861764293425057E+09,  4.482443811949408E+09, -8.532548353944349E+07,
2449605.500000000, A.D. 1994-Sep-10 00:00:00.0000,  1.861309831618507E+09,  4.482619715379668E+09, -8.528771235966301E+07,
2449606.500000000, A.D. 1994-Sep-11 00:00:00.0000,  1.860855354220898E+09,  4.482795581311554E+09, -8.524994045066261E+07,
2449607.500000000, A.D. 1994-Sep-12 00:00:00.0000,  1.860400861228569E+09,  4.482971409738841E+09, -8.521216781237149E+07,
2449608.500000000, A.D. 1994-Sep-13 00:00:00.0000,  1.859946352638016E+09,  4.483147200655145E+09, -8.517439444473433E+07,
2449609.500000000, A.D. 1994-Sep-14 00:00:00.0000,  1.859491828445884E+09,  4.483322954053922E+09, -8.513662034770632E+07,
2449610.500000000, A.D. 1994-Sep-15 00:00:00.0000,  1.859037288648968E+09,  4.483498669928477E+09, -8.509884552125382E+07,
2449611.500000000, A.D. 1994-Sep-16 00:00:00.0000,  1.858582733244217E+09,  4.483674348271970E+09, -8.506106996535444E+07,
2449612.500000000, A.D. 1994-Sep-17 00:00:00.0000,  1.858128162228729E+09,  4.483849989077419E+09, -8.502329367999673E+07,
2449613.500000000, A.D. 1994-Sep-18 00:00:00.0000,  1.857673575599747E+09,  4.484025592337704E+09, -8.498551666517830E+07,
2449614.500000000, A.D. 1994-Sep-19 00:00:00.0000,  1.857218973354665E+09,  4.484201158045576E+09, -8.494773892090917E+07,
2449615.500000000, A.D. 1994-Sep-20 00:00:00.0000,  1.856764355491020E+09,  4.484376686193656E+09, -8.490996044720650E+07,
2449616.500000000, A.D. 1994-Sep-21 00:00:00.0000,  1.856309722006495E+09,  4.484552176774439E+09, -8.487218124409914E+07,
2449617.500000000, A.D. 1994-Sep-22 00:00:00.0000,  1.855855072898911E+09,  4.484727629780297E+09, -8.483440131162333E+07,
2449618.500000000, A.D. 1994-Sep-23 00:00:00.0000,  1.855400408166232E+09,  4.484903045203482E+09, -8.479662064982581E+07,
2449619.500000000, A.D. 1994-Sep-24 00:00:00.0000,  1.854945727806558E+09,  4.485078423036126E+09, -8.475883925876260E+07,
2449620.500000000, A.D. 1994-Sep-25 00:00:00.0000,  1.854491031818121E+09,  4.485253763270242E+09, -8.472105713849735E+07,
2449621.500000000, A.D. 1994-Sep-26 00:00:00.0000,  1.854036320199289E+09,  4.485429065897722E+09, -8.468327428910422E+07,
2449622.500000000, A.D. 1994-Sep-27 00:00:00.0000,  1.853581592948555E+09,  4.485604330910337E+09, -8.464549071066523E+07,
2449623.500000000, A.D. 1994-Sep-28 00:00:00.0000,  1.853126850064542E+09,  4.485779558299740E+09, -8.460770640327311E+07,
2449624.500000000, A.D. 1994-Sep-29 00:00:00.0000,  1.852672091545994E+09,  4.485954748057450E+09, -8.456992136702752E+07,
2449625.500000000, A.D. 1994-Sep-30 00:00:00.0000,  1.852217317391778E+09,  4.486129900174864E+09, -8.453213560204124E+07,
2449626.500000000, A.D. 1994-Oct-01 00:00:00.0000,  1.851762527600878E+09,  4.486305014643236E+09, -8.449434910843444E+07,
2449627.500000000, A.D. 1994-Oct-02 00:00:00.0000,  1.851307722172395E+09,  4.486480091453685E+09, -8.445656188634181E+07,
2449628.500000000, A.D. 1994-Oct-03 00:00:00.0000,  1.850852901105548E+09,  4.486655130597170E+09, -8.441877393590641E+07,
2449629.500000000, A.D. 1994-Oct-04 00:00:00.0000,  1.850398064399669E+09,  4.486830132064491E+09, -8.438098525728655E+07,
2449630.500000000, A.D. 1994-Oct-05 00:00:00.0000,  1.849943212054205E+09,  4.487005095846275E+09, -8.434319585065436E+07,
2449631.500000000, A.D. 1994-Oct-06 00:00:00.0000,  1.849488344068724E+09,  4.487180021932957E+09, -8.430540571619749E+07,
2449632.500000000, A.D. 1994-Oct-07 00:00:00.0000,  1.849033460442913E+09,  4.487354910314766E+09, -8.426761485412288E+07,
2449633.500000000, A.D. 1994-Oct-08 00:00:00.0000,  1.848578561176593E+09,  4.487529760981706E+09, -8.422982326465821E+07,
2449634.500000000, A.D. 1994-Oct-09 00:00:00.0000,  1.848123646269723E+09,  4.487704573923535E+09, -8.419203094805455E+07,
2449635.500000000, A.D. 1994-Oct-10 00:00:00.0000,  1.847668715722416E+09,  4.487879349129743E+09, -8.415423790458965E+07,
2449636.500000000, A.D. 1994-Oct-11 00:00:00.0000,  1.847213769534961E+09,  4.488054086589522E+09, -8.411644413457346E+07,
2449637.500000000, A.D. 1994-Oct-12 00:00:00.0000,  1.846758807707847E+09,  4.488228786291748E+09, -8.407864963835263E+07,
2449638.500000000, A.D. 1994-Oct-13 00:00:00.0000,  1.846303830241798E+09,  4.488403448224947E+09, -8.404085441631532E+07,
2449639.500000000, A.D. 1994-Oct-14 00:00:00.0000,  1.845848837137814E+09,  4.488578072377275E+09, -8.400305846889782E+07,
2449640.500000000, A.D. 1994-Oct-15 00:00:00.0000,  1.845393828397220E+09,  4.488752658736490E+09, -8.396526179659081E+07,
2449641.500000000, A.D. 1994-Oct-16 00:00:00.0000,  1.844938804021734E+09,  4.488927207289942E+09, -8.392746439994979E+07,
2449642.500000000, A.D. 1994-Oct-17 00:00:00.0000,  1.844483764013536E+09,  4.489101718024551E+09, -8.388966627959847E+07,
2449643.500000000, A.D. 1994-Oct-18 00:00:00.0000,  1.844028708375354E+09,  4.489276190926821E+09, -8.385186743624163E+07,
2449644.500000000, A.D. 1994-Oct-19 00:00:00.0000,  1.843573637110562E+09,  4.489450625982844E+09, -8.381406787066841E+07,
2449645.500000000, A.D. 1994-Oct-20 00:00:00.0000,  1.843118550223279E+09,  4.489625023178349E+09, -8.377626758376431E+07,
2449646.500000000, A.D. 1994-Oct-21 00:00:00.0000,  1.842663447718483E+09,  4.489799382498746E+09, -8.373846657651043E+07,
2449647.500000000, A.D. 1994-Oct-22 00:00:00.0000,  1.842208329602112E+09,  4.489973703929230E+09, -8.370066484999347E+07,
2449648.500000000, A.D. 1994-Oct-23 00:00:00.0000,  1.841753195881169E+09,  4.490147987454889E+09, -8.366286240539837E+07,
2449649.500000000, A.D. 1994-Oct-24 00:00:00.0000,  1.841298046563797E+09,  4.490322233060860E+09, -8.362505924401069E+07,
2449650.500000000, A.D. 1994-Oct-25 00:00:00.0000,  1.840842881659336E+09,  4.490496440732499E+09, -8.358725536720204E+07,
2449651.500000000, A.D. 1994-Oct-26 00:00:00.0000,  1.840387701178339E+09,  4.490670610455594E+09, -8.354945077641869E+07,
2449652.500000000, A.D. 1994-Oct-27 00:00:00.0000,  1.839932505132537E+09,  4.490844742216564E+09, -8.351164547315979E+07,
2449653.500000000, A.D. 1994-Oct-28 00:00:00.0000,  1.839477293534755E+09,  4.491018836002676E+09, -8.347383945895481E+07,
2449654.500000000, A.D. 1994-Oct-29 00:00:00.0000,  1.839022066398778E+09,  4.491192891802238E+09, -8.343603273533416E+07,
2449655.500000000, A.D. 1994-Oct-30 00:00:00.0000,  1.838566823739169E+09,  4.491366909604754E+09, -8.339822530380011E+07,
2449656.500000000, A.D. 1994-Oct-31 00:00:00.0000,  1.838111565571041E+09,  4.491540889401037E+09, -8.336041716579866E+07,
2449657.500000000, A.D. 1994-Nov-01 00:00:00.0000,  1.837656291909822E+09,  4.491714831183260E+09, -8.332260832269311E+07,
2449658.500000000, A.D. 1994-Nov-02 00:00:00.0000,  1.837201002771003E+09,  4.491888734944947E+09, -8.328479877574134E+07,
2449659.500000000, A.D. 1994-Nov-03 00:00:00.0000,  1.836745698169915E+09,  4.492062600680911E+09, -8.324698852608323E+07,
2449660.500000000, A.D. 1994-Nov-04 00:00:00.0000,  1.836290378121525E+09,  4.492236428387136E+09, -8.320917757472920E+07,
2449661.500000000, A.D. 1994-Nov-05 00:00:00.0000,  1.835835042640275E+09,  4.492410218060622E+09, -8.317136592255950E+07,
2449662.500000000, A.D. 1994-Nov-06 00:00:00.0000,  1.835379691739971E+09,  4.492583969699221E+09, -8.313355357032990E+07,
2449663.500000000, A.D. 1994-Nov-07 00:00:00.0000,  1.834924325433718E+09,  4.492757683301447E+09, -8.309574051867890E+07,
2449664.500000000, A.D. 1994-Nov-08 00:00:00.0000,  1.834468943733895E+09,  4.492931358866311E+09, -8.305792676813984E+07,
2449665.500000000, A.D. 1994-Nov-09 00:00:00.0000,  1.834013546652171E+09,  4.493104996393155E+09, -8.302011231915760E+07,
2449666.500000000, A.D. 1994-Nov-10 00:00:00.0000,  1.833558134199544E+09,  4.493278595881522E+09, -8.298229717210317E+07,
2449667.500000000, A.D. 1994-Nov-11 00:00:00.0000,  1.833102706386404E+09,  4.493452157331036E+09, -8.294448132728791E+07,
2449668.500000000, A.D. 1994-Nov-12 00:00:00.0000,  1.832647263222604E+09,  4.493625680741314E+09, -8.290666478497839E+07,
2449669.500000000, A.D. 1994-Nov-13 00:00:00.0000,  1.832191804717538E+09,  4.493799166111907E+09, -8.286884754541087E+07,
2449670.500000000, A.D. 1994-Nov-14 00:00:00.0000,  1.831736330880221E+09,  4.493972613442255E+09, -8.283102960880017E+07,
2449671.500000000, A.D. 1994-Nov-15 00:00:00.0000,  1.831280841719359E+09,  4.494146022731653E+09, -8.279321097534943E+07,
2449672.500000000, A.D. 1994-Nov-16 00:00:00.0000,  1.830825337243425E+09,  4.494319393979251E+09, -8.275539164526105E+07,
2449673.500000000, A.D. 1994-Nov-17 00:00:00.0000,  1.830369817460710E+09,  4.494492727184040E+09, -8.271757161873555E+07,
2449674.500000000, A.D. 1994-Nov-18 00:00:00.0000,  1.829914282379386E+09,  4.494666022344872E+09, -8.267975089598560E+07,
2449675.500000000, A.D. 1994-Nov-19 00:00:00.0000,  1.829458732007547E+09,  4.494839279460468E+09, -8.264192947723174E+07,
2449676.500000000, A.D. 1994-Nov-20 00:00:00.0000,  1.829003166353247E+09,  4.495012498529436E+09, -8.260410736270857E+07,
2449677.500000000, A.D. 1994-Nov-21 00:00:00.0000,  1.828547585424530E+09,  4.495185679550291E+09, -8.256628455266500E+07,
2449678.500000000, A.D. 1994-Nov-22 00:00:00.0000,  1.828091989229460E+09,  4.495358822521482E+09, -8.252846104736686E+07,
2449679.500000000, A.D. 1994-Nov-23 00:00:00.0000,  1.827636377776134E+09,  4.495531927441405E+09, -8.249063684709501E+07,
2449680.500000000, A.D. 1994-Nov-24 00:00:00.0000,  1.827180751072701E+09,  4.495704994308434E+09, -8.245281195214629E+07,
2449681.500000000, A.D. 1994-Nov-25 00:00:00.0000,  1.826725109127369E+09,  4.495878023120934E+09, -8.241498636283445E+07,
2449682.500000000, A.D. 1994-Nov-26 00:00:00.0000,  1.826269451948416E+09,  4.496051013877288E+09, -8.237716007948589E+07,
2449683.500000000, A.D. 1994-Nov-27 00:00:00.0000,  1.825813779544189E+09,  4.496223966575912E+09, -8.233933310244370E+07,
2449684.500000000, A.D. 1994-Nov-28 00:00:00.0000,  1.825358091923114E+09,  4.496396881215275E+09, -8.230150543206263E+07,
2449685.500000000, A.D. 1994-Nov-29 00:00:00.0000,  1.824902389093683E+09,  4.496569757793908E+09, -8.226367706871057E+07,
2449686.500000000, A.D. 1994-Nov-30 00:00:00.0000,  1.824446671064463E+09,  4.496742596310431E+09, -8.222584801276636E+07,
2449687.500000000, A.D. 1994-Dec-01 00:00:00.0000,  1.823990937844090E+09,  4.496915396763554E+09, -8.218801826461911E+07,
2449688.500000000, A.D. 1994-Dec-02 00:00:00.0000,  1.823535189441259E+09,  4.497088159152095E+09, -8.215018782466674E+07,
2449689.500000000, A.D. 1994-Dec-03 00:00:00.0000,  1.823079425864726E+09,  4.497260883474994E+09, -8.211235669331479E+07,
2449690.500000000, A.D. 1994-Dec-04 00:00:00.0000,  1.822623647123293E+09,  4.497433569731317E+09, -8.207452487097764E+07,
2449691.500000000, A.D. 1994-Dec-05 00:00:00.0000,  1.822167853225811E+09,  4.497606217920261E+09, -8.203669235807252E+07,
2449692.500000000, A.D. 1994-Dec-06 00:00:00.0000,  1.821712044181164E+09,  4.497778828041177E+09, -8.199885915502429E+07,
2449693.500000000, A.D. 1994-Dec-07 00:00:00.0000,  1.821256219998266E+09,  4.497951400093557E+09, -8.196102526226068E+07,
2449694.500000000, A.D. 1994-Dec-08 00:00:00.0000,  1.820800380686051E+09,  4.498123934077056E+09, -8.192319068021226E+07,
2449695.500000000, A.D. 1994-Dec-09 00:00:00.0000,  1.820344526253463E+09,  4.498296429991482E+09, -8.188535540931129E+07,
2449696.500000000, A.D. 1994-Dec-10 00:00:00.0000,  1.819888656709450E+09,  4.498468887836813E+09, -8.184751944999218E+07,
2449697.500000000, A.D. 1994-Dec-11 00:00:00.0000,  1.819432772062953E+09,  4.498641307613192E+09, -8.180968280268931E+07,
2449698.500000000, A.D. 1994-Dec-12 00:00:00.0000,  1.818976872322897E+09,  4.498813689320933E+09, -8.177184546783662E+07,
2449699.500000000, A.D. 1994-Dec-13 00:00:00.0000,  1.818520957498184E+09,  4.498986032960518E+09, -8.173400744586587E+07,
2449700.500000000, A.D. 1994-Dec-14 00:00:00.0000,  1.818065027597679E+09,  4.499158338532605E+09, -8.169616873720837E+07,
2449701.500000000, A.D. 1994-Dec-15 00:00:00.0000,  1.817609082630204E+09,  4.499330606038021E+09, -8.165832934229231E+07,
2449702.500000000, A.D. 1994-Dec-16 00:00:00.0000,  1.817153122604527E+09,  4.499502835477763E+09, -8.162048926154184E+07,
2449703.500000000, A.D. 1994-Dec-17 00:00:00.0000,  1.816697147529351E+09,  4.499675026853001E+09, -8.158264849537849E+07,
2449704.500000000, A.D. 1994-Dec-18 00:00:00.0000,  1.816241157413308E+09,  4.499847180165068E+09, -8.154480704421782E+07,
2449705.500000000, A.D. 1994-Dec-19 00:00:00.0000,  1.815785152264945E+09,  4.500019295415464E+09, -8.150696490847206E+07,
2449706.500000000, A.D. 1994-Dec-20 00:00:00.0000,  1.815329132092716E+09,  4.500191372605850E+09, -8.146912208854508E+07,
2449707.500000000, A.D. 1994-Dec-21 00:00:00.0000,  1.814873096904969E+09,  4.500363411738043E+09, -8.143127858483887E+07,
2449708.500000000, A.D. 1994-Dec-22 00:00:00.0000,  1.814417046709941E+09,  4.500535412814004E+09, -8.139343439774632E+07,
2449709.500000000, A.D. 1994-Dec-23 00:00:00.0000,  1.813960981515746E+09,  4.500707375835844E+09, -8.135558952765441E+07,
2449710.500000000, A.D. 1994-Dec-24 00:00:00.0000,  1.813504901330361E+09,  4.500879300805807E+09, -8.131774397494340E+07,
2449711.500000000, A.D. 1994-Dec-25 00:00:00.0000,  1.813048806161624E+09,  4.501051187726266E+09, -8.127989773998761E+07,
2449712.500000000, A.D. 1994-Dec-26 00:00:00.0000,  1.812592696017217E+09,  4.501223036599704E+09, -8.124205082315397E+07,
2449713.500000000, A.D. 1994-Dec-27 00:00:00.0000,  1.812136570904660E+09,  4.501394847428714E+09, -8.120420322480154E+07,
2449714.500000000, A.D. 1994-Dec-28 00:00:00.0000,  1.811680430831304E+09,  4.501566620215979E+09, -8.116635494528508E+07,
2449715.500000000, A.D. 1994-Dec-29 00:00:00.0000,  1.811224275804320E+09,  4.501738354964256E+09, -8.112850598495197E+07,
2449716.500000000, A.D. 1994-Dec-30 00:00:00.0000,  1.810768105830692E+09,  4.501910051676369E+09, -8.109065634414458E+07,
2449717.500000000, A.D. 1994-Dec-31 00:00:00.0000,  1.810311920917212E+09,  4.502081710355173E+09, -8.105280602320218E+07,
2449718.500000000, A.D. 1995-Jan-01 00:00:00.0000,  1.809855721070475E+09,  4.502253331003551E+09, -8.101495502245903E+07,
2449719.500000000, A.D. 1995-Jan-02 00:00:00.0000,  1.809399506296874E+09,  4.502424913624384E+09, -8.097710334224916E+07,
2449720.500000000, A.D. 1995-Jan-03 00:00:00.0000,  1.808943276602602E+09,  4.502596458220519E+09, -8.093925098290801E+07,
2449721.500000000, A.D. 1995-Jan-04 00:00:00.0000,  1.808487031993654E+09,  4.502767964794754E+09, -8.090139794477129E+07,
2449722.500000000, A.D. 1995-Jan-05 00:00:00.0000,  1.808030772475830E+09,  4.502939433349798E+09, -8.086354422818255E+07,
2449723.500000000, A.D. 1995-Jan-06 00:00:00.0000,  1.807574498054748E+09,  4.503110863888243E+09, -8.082568983349371E+07,
2449724.500000000, A.D. 1995-Jan-07 00:00:00.0000,  1.807118208735859E+09,  4.503282256412531E+09, -8.078783476107025E+07,
2449725.500000000, A.D. 1995-Jan-08 00:00:00.0000,  1.806661904524469E+09,  4.503453610924913E+09, -8.074997901129556E+07,
2449726.500000000, A.D. 1995-Jan-09 00:00:00.0000,  1.806205585425771E+09,  4.503624927427423E+09, -8.071212258457780E+07,
2449727.500000000, A.D. 1995-Jan-10 00:00:00.0000,  1.805749251444878E+09,  4.503796205921832E+09, -8.067426548135376E+07,
2449728.500000000, A.D. 1995-Jan-11 00:00:00.0000,  1.805292902586879E+09,  4.503967446409626E+09, -8.063640770209742E+07,
2449729.500000000, A.D. 1995-Jan-12 00:00:00.0000,  1.804836538856894E+09,  4.504138648891971E+09, -8.059854924732804E+07,
2449730.500000000, A.D. 1995-Jan-13 00:00:00.0000,  1.804380160260145E+09,  4.504309813369696E+09, -8.056069011761618E+07,
2449731.500000000, A.D. 1995-Jan-14 00:00:00.0000,  1.803923766802044E+09,  4.504480939843284E+09, -8.052283031359363E+07,
2449732.500000000, A.D. 1995-Jan-15 00:00:00.0000,  1.803467358488280E+09,  4.504652028312881E+09, -8.048496983596158E+07,
2449733.500000000, A.D. 1995-Jan-16 00:00:00.0000,  1.803010935324925E+09,  4.504823078778318E+09, -8.044710868549466E+07,
2449734.500000000, A.D. 1995-Jan-17 00:00:00.0000,  1.802554497318543E+09,  4.504994091239170E+09, -8.040924686304879E+07,
2449735.500000000, A.D. 1995-Jan-18 00:00:00.0000,  1.802098044476287E+09,  4.505165065694823E+09, -8.037138436956573E+07,
2449736.500000000, A.D. 1995-Jan-19 00:00:00.0000,  1.801641576806008E+09,  4.505336002144596E+09, -8.033352120606852E+07,
2449737.500000000, A.D. 1995-Jan-20 00:00:00.0000,  1.801185094316324E+09,  4.505506900587872E+09, -8.029565737366080E+07,
2449738.500000000, A.D. 1995-Jan-21 00:00:00.0000,  1.800728597016682E+09,  4.505677761024270E+09, -8.025779287351513E+07,
2449739.500000000, A.D. 1995-Jan-22 00:00:00.0000,  1.800272084917361E+09,  4.505848583453837E+09, -8.021992770686078E+07,
2449740.500000000, A.D. 1995-Jan-23 00:00:00.0000,  1.799815558029447E+09,  4.506019367877249E+09, -8.018206187496090E+07,
2449741.500000000, A.D. 1995-Jan-24 00:00:00.0000,  1.799359016364744E+09,  4.506190114296008E+09, -8.014419537909150E+07,
2449742.500000000, A.D. 1995-Jan-25 00:00:00.0000,  1.798902459935639E+09,  4.506360822712629E+09, -8.010632822051001E+07,
2449743.500000000, A.D. 1995-Jan-26 00:00:00.0000,  1.798445888754916E+09,  4.506531493130784E+09, -8.006846040043116E+07,
2449744.500000000, A.D. 1995-Jan-27 00:00:00.0000,  1.797989302835536E+09,  4.506702125555396E+09, -8.003059191999197E+07,
2449745.500000000, A.D. 1995-Jan-28 00:00:00.0000,  1.797532702190398E+09,  4.506872719992688E+09, -7.999272278023171E+07,
2449746.500000000, A.D. 1995-Jan-29 00:00:00.0000,  1.797076086832092E+09,  4.507043276450158E+09, -7.995485298206735E+07,
2449747.500000000, A.D. 1995-Jan-30 00:00:00.0000,  1.796619456772676E+09,  4.507213794936502E+09, -7.991698252627969E+07,
2449748.500000000, A.D. 1995-Jan-31 00:00:00.0000,  1.796162812023477E+09,  4.507384275461486E+09, -7.987911141350698E+07,
2449749.500000000, A.D. 1995-Feb-01 00:00:00.0000,  1.795706152594933E+09,  4.507554718035789E+09, -7.984123964424062E+07,
2449750.500000000, A.D. 1995-Feb-02 00:00:00.0000,  1.795249478496492E+09,  4.507725122670815E+09, -7.980336721883178E+07,
2449751.500000000, A.D. 1995-Feb-03 00:00:00.0000,  1.794792789736543E+09,  4.507895489378506E+09, -7.976549413750076E+07,
2449752.500000000, A.D. 1995-Feb-04 00:00:00.0000,  1.794336086322405E+09,  4.508065818171153E+09, -7.972762040034890E+07,
2449753.500000000, A.D. 1995-Feb-05 00:00:00.0000,  1.793879368260338E+09,  4.508236109061241E+09, -7.968974600737572E+07,
2449754.500000000, A.D. 1995-Feb-06 00:00:00.0000,  1.793422635555595E+09,  4.508406362061289E+09, -7.965187095849133E+07,
2449755.500000000, A.D. 1995-Feb-07 00:00:00.0000,  1.792965888212489E+09,  4.508576577183738E+09, -7.961399525353622E+07,
2449756.500000000, A.D. 1995-Feb-08 00:00:00.0000,  1.792509126234462E+09,  4.508746754440848E+09, -7.957611889229155E+07,
2449757.500000000, A.D. 1995-Feb-09 00:00:00.0000,  1.792052349624179E+09,  4.508916893844631E+09, -7.953824187449718E+07,
2449758.500000000, A.D. 1995-Feb-10 00:00:00.0000,  1.791595558383602E+09,  4.509086995406794E+09, -7.950036419985843E+07,
2449759.500000000, A.D. 1995-Feb-11 00:00:00.0000,  1.791138752514075E+09,  4.509257059138705E+09, -7.946248586805844E+07,
2449760.500000000, A.D. 1995-Feb-12 00:00:00.0000,  1.790681932016397E+09,  4.509427085051376E+09, -7.942460687876606E+07,
2449761.500000000, A.D. 1995-Feb-13 00:00:00.0000,  1.790225096890887E+09,  4.509597073155456E+09, -7.938672723164344E+07,
2449762.500000000, A.D. 1995-Feb-14 00:00:00.0000,  1.789768247137446E+09,  4.509767023461219E+09, -7.934884692634606E+07,
2449763.500000000, A.D. 1995-Feb-15 00:00:00.0000,  1.789311382755608E+09,  4.509936935978586E+09, -7.931096596253300E+07,
2449764.500000000, A.D. 1995-Feb-16 00:00:00.0000,  1.788854503744583E+09,  4.510106810717128E+09, -7.927308433986807E+07,
2449765.500000000, A.D. 1995-Feb-17 00:00:00.0000,  1.788397610103297E+09,  4.510276647686073E+09, -7.923520205801749E+07,
2449766.500000000, A.D. 1995-Feb-18 00:00:00.0000,  1.787940701830421E+09,  4.510446446894335E+09, -7.919731911665726E+07,
2449767.500000000, A.D. 1995-Feb-19 00:00:00.0000,  1.787483778924400E+09,  4.510616208350510E+09, -7.915943551547027E+07,
2449768.500000000, A.D. 1995-Feb-20 00:00:00.0000,  1.787026841383473E+09,  4.510785932062908E+09, -7.912155125414705E+07,
2449769.500000000, A.D. 1995-Feb-21 00:00:00.0000,  1.786569889205695E+09,  4.510955618039562E+09, -7.908366633238816E+07,
2449770.500000000, A.D. 1995-Feb-22 00:00:00.0000,  1.786112922388945E+09,  4.511125266288235E+09, -7.904578074990082E+07,
2449771.500000000, A.D. 1995-Feb-23 00:00:00.0000,  1.785655940930944E+09,  4.511294876816441E+09, -7.900789450640321E+07,
2449772.500000000, A.D. 1995-Feb-24 00:00:00.0000,  1.785198944829262E+09,  4.511464449631453E+09, -7.897000760161662E+07,
2449773.500000000, A.D. 1995-Feb-25 00:00:00.0000,  1.784741934081326E+09,  4.511633984740310E+09, -7.893212003527284E+07,
2449774.500000000, A.D. 1995-Feb-26 00:00:00.0000,  1.784284908684428E+09,  4.511803482149833E+09, -7.889423180710912E+07,
2449775.500000000, A.D. 1995-Feb-27 00:00:00.0000,  1.783827868635728E+09,  4.511972941866631E+09, -7.885634291686988E+07,
2449776.500000000, A.D. 1995-Feb-28 00:00:00.0000,  1.783370813932259E+09,  4.512142363897102E+09, -7.881845336430287E+07,
2449777.500000000, A.D. 1995-Mar-01 00:00:00.0000,  1.782913744570930E+09,  4.512311748247449E+09, -7.878056314916277E+07,
2449778.500000000, A.D. 1995-Mar-02 00:00:00.0000,  1.782456660548532E+09,  4.512481094923673E+09, -7.874267227120781E+07,
2449779.500000000, A.D. 1995-Mar-03 00:00:00.0000,  1.781999561861732E+09,  4.512650403931591E+09, -7.870478073019981E+07,
2449780.500000000, A.D. 1995-Mar-04 00:00:00.0000,  1.781542448507085E+09,  4.512819675276832E+09, -7.866688852590489E+07,
2449781.500000000, A.D. 1995-Mar-05 00:00:00.0000,  1.781085320481028E+09,  4.512988908964834E+09, -7.862899565809155E+07,
2449782.500000000, A.D. 1995-Mar-06 00:00:00.0000,  1.780628177779883E+09,  4.513158105000861E+09, -7.859110212653160E+07,
2449783.500000000, A.D. 1995-Mar-07 00:00:00.0000,  1.780171020399859E+09,  4.513327263389990E+09, -7.855320793099785E+07,
2449784.500000000, A.D. 1995-Mar-08 00:00:00.0000,  1.779713848337053E+09,  4.513496384137122E+09, -7.851531307126641E+07,
2449785.500000000, A.D. 1995-Mar-09 00:00:00.0000,  1.779256661587448E+09,  4.513665467246977E+09, -7.847741754711318E+07,
2449786.500000000, A.D. 1995-Mar-10 00:00:00.0000,  1.778799460146917E+09,  4.513834512724096E+09, -7.843952135831738E+07,
2449787.500000000, A.D. 1995-Mar-11 00:00:00.0000,  1.778342244011220E+09,  4.514003520572841E+09, -7.840162450465846E+07,
2449788.500000000, A.D. 1995-Mar-12 00:00:00.0000,  1.777885013176008E+09,  4.514172490797392E+09, -7.836372698591566E+07,
2449789.500000000, A.D. 1995-Mar-13 00:00:00.0000,  1.777427767636821E+09,  4.514341423401747E+09, -7.832582880187058E+07,
2449790.500000000, A.D. 1995-Mar-14 00:00:00.0000,  1.776970507389085E+09,  4.514510318389722E+09, -7.828792995230484E+07,
2449791.500000000, A.D. 1995-Mar-15 00:00:00.0000,  1.776513232428119E+09,  4.514679175764946E+09, -7.825003043699980E+07,
2449792.500000000, A.D. 1995-Mar-16 00:00:00.0000,  1.776055942749130E+09,  4.514847995530857E+09, -7.821213025573778E+07,
2449793.500000000, A.D. 1995-Mar-17 00:00:00.0000,  1.775598638347215E+09,  4.515016777690702E+09, -7.817422940830231E+07,
2449794.500000000, A.D. 1995-Mar-18 00:00:00.0000,  1.775141319217357E+09,  4.515185522247534E+09, -7.813632789447570E+07,
2449795.500000000, A.D. 1995-Mar-19 00:00:00.0000,  1.774683985354431E+09,  4.515354229204202E+09, -7.809842571404266E+07,
2449796.500000000, A.D. 1995-Mar-20 00:00:00.0000,  1.774226636753199E+09,  4.515522898563351E+09, -7.806052286678624E+07,
2449797.500000000, A.D. 1995-Mar-21 00:00:00.0000,  1.773769273408313E+09,  4.515691530327413E+09, -7.802261935249186E+07,
2449798.500000000, A.D. 1995-Mar-22 00:00:00.0000,  1.773311895314309E+09,  4.515860124498605E+09, -7.798471517094636E+07,
2449799.500000000, A.D. 1995-Mar-23 00:00:00.0000,  1.772854502465615E+09,  4.516028681078915E+09, -7.794681032193637E+07,
2449800.500000000, A.D. 1995-Mar-24 00:00:00.0000,  1.772397094856545E+09,  4.516197200070099E+09, -7.790890480525351E+07,
2449801.500000000, A.D. 1995-Mar-25 00:00:00.0000,  1.771939672481301E+09,  4.516365681473667E+09, -7.787099862068820E+07,
2449802.500000000, A.D. 1995-Mar-26 00:00:00.0000,  1.771482235333974E+09,  4.516534125290877E+09, -7.783309176803684E+07,
2449803.500000000, A.D. 1995-Mar-27 00:00:00.0000,  1.771024783408545E+09,  4.516702531522716E+09, -7.779518424709916E+07,
2449804.500000000, A.D. 1995-Mar-28 00:00:00.0000,  1.770567316698888E+09,  4.516870900169890E+09, -7.775727605768037E+07,
2449805.500000000, A.D. 1995-Mar-29 00:00:00.0000,  1.770109835198768E+09,  4.517039231232812E+09, -7.771936719959092E+07,
2449806.500000000, A.D. 1995-Mar-30 00:00:00.0000,  1.769652338901854E+09,  4.517207524711575E+09, -7.768145767265224E+07,
2449807.500000000, A.D. 1995-Mar-31 00:00:00.0000,  1.769194827801715E+09,  4.517375780605942E+09, -7.764354747669530E+07,
2449808.500000000, A.D. 1995-Apr-01 00:00:00.0000,  1.768737301891836E+09,  4.517543998915318E+09, -7.760563661156130E+07,
2449809.500000000, A.D. 1995-Apr-02 00:00:00.0000,  1.768279761165626E+09,  4.517712179638729E+09, -7.756772507710934E+07,
2449810.500000000, A.D. 1995-Apr-03 00:00:00.0000,  1.767822205616431E+09,  4.517880322774797E+09, -7.752981287321663E+07,
2449811.500000000, A.D. 1995-Apr-04 00:00:00.0000,  1.767364635237554E+09,  4.518048428321710E+09, -7.749189999978304E+07,
2449812.500000000, A.D. 1995-Apr-05 00:00:00.0000,  1.766907050022281E+09,  4.518216496277191E+09, -7.745398645673442E+07,
2449813.500000000, A.D. 1995-Apr-06 00:00:00.0000,  1.766449449963909E+09,  4.518384526638474E+09, -7.741607224403048E+07,
2449814.500000000, A.D. 1995-Apr-07 00:00:00.0000,  1.765991835055784E+09,  4.518552519402267E+09, -7.737815736166644E+07,
2449815.500000000, A.D. 1995-Apr-08 00:00:00.0000,  1.765534205291349E+09,  4.518720474564724E+09, -7.734024180968547E+07,
2449816.500000000, A.D. 1995-Apr-09 00:00:00.0000,  1.765076560664200E+09,  4.518888392121424E+09, -7.730232558817983E+07,
2449817.500000000, A.D. 1995-Apr-10 00:00:00.0000,  1.764618901168154E+09,  4.519056272067335E+09, -7.726440869730234E+07,
2449818.500000000, A.D. 1995-Apr-11 00:00:00.0000,  1.764161226797327E+09,  4.519224114396821E+09, -7.722649113727427E+07,
2449819.500000000, A.D. 1995-Apr-12 00:00:00.0000,  1.763703537546225E+09,  4.519391919103622E+09, -7.718857290839338E+07,
2449820.500000000, A.D. 1995-Apr-13 00:00:00.0000,  1.763245833409842E+09,  4.519559686180875E+09, -7.715065401104045E+07,
2449821.500000000, A.D. 1995-Apr-14 00:00:00.0000,  1.762788114383776E+09,  4.519727415621148E+09, -7.711273444568920E+07,
2449822.500000000, A.D. 1995-Apr-15 00:00:00.0000,  1.762330380464333E+09,  4.519895107416499E+09, -7.707481421291089E+07,
2449823.500000000, A.D. 1995-Apr-16 00:00:00.0000,  1.761872631648645E+09,  4.520062761558558E+09, -7.703689331337500E+07,
2449824.500000000, A.D. 1995-Apr-17 00:00:00.0000,  1.761414867934772E+09,  4.520230378038647E+09, -7.699897174785352E+07,
2449825.500000000, A.D. 1995-Apr-18 00:00:00.0000,  1.760957089321785E+09,  4.520397956847929E+09, -7.696104951721287E+07,
2449826.500000000, A.D. 1995-Apr-19 00:00:00.0000,  1.760499295809826E+09,  4.520565497977584E+09, -7.692312662240601E+07,
2449827.500000000, A.D. 1995-Apr-20 00:00:00.0000,  1.760041487400119E+09,  4.520733001419006E+09, -7.688520306445837E+07,
2449828.500000000, A.D. 1995-Apr-21 00:00:00.0000,  1.759583664094949E+09,  4.520900467164019E+09, -7.684727884444761E+07,
2449829.500000000, A.D. 1995-Apr-22 00:00:00.0000,  1.759125825897574E+09,  4.521067895205069E+09, -7.680935396347737E+07,
2449830.500000000, A.D. 1995-Apr-23 00:00:00.0000,  1.758667972812094E+09,  4.521235285535429E+09, -7.677142842265391E+07,
2449831.500000000, A.D. 1995-Apr-24 00:00:00.0000,  1.758210104843270E+09,  4.521402638149345E+09, -7.673350222305250E+07,
2449832.500000000, A.D. 1995-Apr-25 00:00:00.0000,  1.757752221996304E+09,  4.521569953042139E+09, -7.669557536569118E+07,
2449833.500000000, A.D. 1995-Apr-26 00:00:00.0000,  1.757294324276605E+09,  4.521737230210258E+09, -7.665764785150433E+07,
2449834.500000000, A.D. 1995-Apr-27 00:00:00.0000,  1.756836411689550E+09,  4.521904469651261E+09, -7.661971968132377E+07,
2449835.500000000, A.D. 1995-Apr-28 00:00:00.0000,  1.756378484240259E+09,  4.522071671363748E+09, -7.658179085586095E+07,
2449836.500000000, A.D. 1995-Apr-29 00:00:00.0000,  1.755920541933404E+09,  4.522238835347235E+09, -7.654386137570310E+07,
2449837.500000000, A.D. 1995-Apr-30 00:00:00.0000,  1.755462584773057E+09,  4.522405961602007E+09, -7.650593124130678E+07,
2449838.500000000, A.D. 1995-May-01 00:00:00.0000,  1.755004612762587E+09,  4.522573050128937E+09, -7.646800045300841E+07,
2449839.500000000, A.D. 1995-May-02 00:00:00.0000,  1.754546625904602E+09,  4.522740100929308E+09, -7.643006901103067E+07,
2449840.500000000, A.D. 1995-May-03 00:00:00.0000,  1.754088624200937E+09,  4.522907114004640E+09, -7.639213691549492E+07,
2449841.500000000, A.D. 1995-May-04 00:00:00.0000,  1.753630607652673E+09,  4.523074089356522E+09, -7.635420416643906E+07,
2449842.500000000, A.D. 1995-May-05 00:00:00.0000,  1.753172576260186E+09,  4.523241026986487E+09, -7.631627076383114E+07,
2449843.500000000, A.D. 1995-May-06 00:00:00.0000,  1.752714530023217E+09,  4.523407926895894E+09, -7.627833670758462E+07,
2449844.500000000, A.D. 1995-May-07 00:00:00.0000,  1.752256468940952E+09,  4.523574789085836E+09, -7.624040199757433E+07,
2449845.500000000, A.D. 1995-May-08 00:00:00.0000,  1.751798393012102E+09,  4.523741613557089E+09, -7.620246663364935E+07,
2449846.500000000, A.D. 1995-May-09 00:00:00.0000,  1.751340302234989E+09,  4.523908400310053E+09, -7.616453061564326E+07,
2449847.500000000, A.D. 1995-May-10 00:00:00.0000,  1.750882196607631E+09,  4.524075149344740E+09, -7.612659394338441E+07,
2449848.500000000, A.D. 1995-May-11 00:00:00.0000,  1.750424076127810E+09,  4.524241860660753E+09, -7.608865661670375E+07,
2449849.500000000, A.D. 1995-May-12 00:00:00.0000,  1.749965940793142E+09,  4.524408534257295E+09, -7.605071863544154E+07,
2449850.500000000, A.D. 1995-May-13 00:00:00.0000,  1.749507790601137E+09,  4.524575170133168E+09, -7.601277999945211E+07,
2449851.500000000, A.D. 1995-May-14 00:00:00.0000,  1.749049625549249E+09,  4.524741768286798E+09, -7.597484070860624E+07,
2449852.500000000, A.D. 1995-May-15 00:00:00.0000,  1.748591445634922E+09,  4.524908328716248E+09, -7.593690076279497E+07,
2449853.500000000, A.D. 1995-May-16 00:00:00.0000,  1.748133250855623E+09,  4.525074851419232E+09, -7.589896016193247E+07,
2449854.500000000, A.D. 1995-May-17 00:00:00.0000,  1.747675041208878E+09,  4.525241336393158E+09, -7.586101890595508E+07,
2449855.500000000, A.D. 1995-May-18 00:00:00.0000,  1.747216816692293E+09,  4.525407783635128E+09, -7.582307699482226E+07,
2449856.500000000, A.D. 1995-May-19 00:00:00.0000,  1.746758577303578E+09,  4.525574193141982E+09, -7.578513442851877E+07,
2449857.500000000, A.D. 1995-May-20 00:00:00.0000,  1.746300323040560E+09,  4.525740564910302E+09, -7.574719120705223E+07,
2449858.500000000, A.D. 1995-May-21 00:00:00.0000,  1.745842053901202E+09,  4.525906898936449E+09, -7.570924733045363E+07,
2449859.500000000, A.D. 1995-May-22 00:00:00.0000,  1.745383769883605E+09,  4.526073195216572E+09, -7.567130279877687E+07,
2449860.500000000, A.D. 1995-May-23 00:00:00.0000,  1.744925470986021E+09,  4.526239453746637E+09, -7.563335761209846E+07,
2449861.500000000, A.D. 1995-May-24 00:00:00.0000,  1.744467157206861E+09,  4.526405674522440E+09, -7.559541177051473E+07,
2449862.500000000, A.D. 1995-May-25 00:00:00.0000,  1.744008828544691E+09,  4.526571857539621E+09, -7.555746527414489E+07,
2449863.500000000, A.D. 1995-May-26 00:00:00.0000,  1.743550484998242E+09,  4.526738002793686E+09, -7.551951812312579E+07,
2449864.500000000, A.D. 1995-May-27 00:00:00.0000,  1.743092126566407E+09,  4.526904110280022E+09, -7.548157031761456E+07,
2449865.500000000, A.D. 1995-May-28 00:00:00.0000,  1.742633753248244E+09,  4.527070179993904E+09, -7.544362185778666E+07,
2449866.500000000, A.D. 1995-May-29 00:00:00.0000,  1.742175365042973E+09,  4.527236211930512E+09, -7.540567274383163E+07,
2449867.500000000, A.D. 1995-May-30 00:00:00.0000,  1.741716961949976E+09,  4.527402206084946E+09, -7.536772297595954E+07,
2449868.500000000, A.D. 1995-May-31 00:00:00.0000,  1.741258543968795E+09,  4.527568162452228E+09, -7.532977255439353E+07,
2449869.500000000, A.D. 1995-Jun-01 00:00:00.0000,  1.740800111099130E+09,  4.527734081027320E+09, -7.529182147937179E+07,
2449870.500000000, A.D. 1995-Jun-02 00:00:00.0000,  1.740341663340835E+09,  4.527899961805131E+09, -7.525386975114655E+07,
2449871.500000000, A.D. 1995-Jun-03 00:00:00.0000,  1.739883200693917E+09,  4.528065804780524E+09, -7.521591736998439E+07,
2449872.500000000, A.D. 1995-Jun-04 00:00:00.0000,  1.739424723158531E+09,  4.528231609948324E+09, -7.517796433616209E+07,
2449873.500000000, A.D. 1995-Jun-05 00:00:00.0000,  1.738966230734975E+09,  4.528397377303328E+09, -7.514001064997053E+07,
2449874.500000000, A.D. 1995-Jun-06 00:00:00.0000,  1.738507723423688E+09,  4.528563106840307E+09, -7.510205631171083E+07,
2449875.500000000, A.D. 1995-Jun-07 00:00:00.0000,  1.738049201225245E+09,  4.528728798554017E+09, -7.506410132169509E+07,
2449876.500000000, A.D. 1995-Jun-08 00:00:00.0000,  1.737590664140352E+09,  4.528894452439202E+09, -7.502614568024516E+07,
2449877.500000000, A.D. 1995-Jun-09 00:00:00.0000,  1.737132112169840E+09,  4.529060068490598E+09, -7.498818938769197E+07,
2449878.500000000, A.D. 1995-Jun-10 00:00:00.0000,  1.736673545314663E+09,  4.529225646702938E+09, -7.495023244437599E+07,
2449879.500000000, A.D. 1995-Jun-11 00:00:00.0000,  1.736214963575890E+09,  4.529391187070954E+09, -7.491227485064626E+07,
2449880.500000000, A.D. 1995-Jun-12 00:00:00.0000,  1.735756366954698E+09,  4.529556689589389E+09, -7.487431660685849E+07,
2449881.500000000, A.D. 1995-Jun-13 00:00:00.0000,  1.735297755452372E+09,  4.529722154252984E+09, -7.483635771337700E+07,
2449882.500000000, A.D. 1995-Jun-14 00:00:00.0000,  1.734839129070291E+09,  4.529887581056490E+09, -7.479839817057371E+07,
2449883.500000000, A.D. 1995-Jun-15 00:00:00.0000,  1.734380487809928E+09,  4.530052969994669E+09, -7.476043797882533E+07,
2449884.500000000, A.D. 1995-Jun-16 00:00:00.0000,  1.733921831672842E+09,  4.530218321062288E+09, -7.472247713851595E+07,
2449885.500000000, A.D. 1995-Jun-17 00:00:00.0000,  1.733463160660669E+09,  4.530383634254126E+09, -7.468451565003681E+07,
2449886.500000000, A.D. 1995-Jun-18 00:00:00.0000,  1.733004474775121E+09,  4.530548909564964E+09, -7.464655351378345E+07,
2449887.500000000, A.D. 1995-Jun-19 00:00:00.0000,  1.732545774017970E+09,  4.530714146989590E+09, -7.460859073015952E+07,
2449888.500000000, A.D. 1995-Jun-20 00:00:00.0000,  1.732087058391052E+09,  4.530879346522784E+09, -7.457062729957223E+07,
2449889.500000000, A.D. 1995-Jun-21 00:00:00.0000,  1.731628327896254E+09,  4.531044508159328E+09, -7.453266322243690E+07,
2449890.500000000, A.D. 1995-Jun-22 00:00:00.0000,  1.731169582535508E+09,  4.531209631893981E+09, -7.449469849917340E+07,
2449891.500000000, A.D. 1995-Jun-23 00:00:00.0000,  1.730710822310788E+09,  4.531374717721489E+09, -7.445673313020968E+07,
2449892.500000000, A.D. 1995-Jun-24 00:00:00.0000,  1.730252047224102E+09,  4.531539765636561E+09, -7.441876711598063E+07,
2449893.500000000, A.D. 1995-Jun-25 00:00:00.0000,  1.729793257277491E+09,  4.531704775633862E+09, -7.438080045693064E+07,
2449894.500000000, A.D. 1995-Jun-26 00:00:00.0000,  1.729334452473022E+09,  4.531869747707999E+09, -7.434283315351224E+07,
2449895.500000000, A.D. 1995-Jun-27 00:00:00.0000,  1.728875632812791E+09,  4.532034681853502E+09, -7.430486520618939E+07,
2449896.500000000, A.D. 1995-Jun-28 00:00:00.0000,  1.728416798298920E+09,  4.532199578064809E+09, -7.426689661543894E+07,
2449897.500000000, A.D. 1995-Jun-29 00:00:00.0000,  1.727957948933563E+09,  4.532364436336242E+09, -7.422892738175392E+07,
2449898.500000000, A.D. 1995-Jun-30 00:00:00.0000,  1.727499084718910E+09,  4.532529256661984E+09, -7.419095750564432E+07,
2449899.500000000, A.D. 1995-Jul-01 00:00:00.0000,  1.727040205657203E+09,  4.532694039036057E+09, -7.415298698764181E+07,
2449900.500000000, A.D. 1995-Jul-02 00:00:00.0000,  1.726581311750748E+09,  4.532858783452289E+09, -7.411501582830453E+07,
2449901.500000000, A.D. 1995-Jul-03 00:00:00.0000,  1.726122403001941E+09,  4.533023489904288E+09, -7.407704402821851E+07,
2449902.500000000, A.D. 1995-Jul-04 00:00:00.0000,  1.725663479413297E+09,  4.533188158385415E+09, -7.403907158800864E+07,
2449903.500000000, A.D. 1995-Jul-05 00:00:00.0000,  1.725204540987487E+09,  4.533352788888755E+09, -7.400109850833845E+07,
2449904.500000000, A.D. 1995-Jul-06 00:00:00.0000,  1.724745587727393E+09,  4.533517381407089E+09, -7.396312478992224E+07,
2449905.500000000, A.D. 1995-Jul-07 00:00:00.0000,  1.724286619636161E+09,  4.533681935932878E+09, -7.392515043352818E+07,
2449906.500000000, A.D. 1995-Jul-08 00:00:00.0000,  1.723827636717276E+09,  4.533846452458243E+09, -7.388717543999052E+07,
2449907.500000000, A.D. 1995-Jul-09 00:00:00.0000,  1.723368638974645E+09,  4.534010930974977E+09, -7.384919981021285E+07,
2449908.500000000, A.D. 1995-Jul-10 00:00:00.0000,  1.722909626412687E+09,  4.534175371474546E+09, -7.381122354517984E+07,
2449909.500000000, A.D. 1995-Jul-11 00:00:00.0000,  1.722450599036438E+09,  4.534339773948132E+09, -7.377324664595985E+07,
2449910.500000000, A.D. 1995-Jul-12 00:00:00.0000,  1.721991556851651E+09,  4.534504138386688E+09, -7.373526911371493E+07,
2449911.500000000, A.D. 1995-Jul-13 00:00:00.0000,  1.721532499864905E+09,  4.534668464781026E+09, -7.369729094969869E+07,
2449912.500000000, A.D. 1995-Jul-14 00:00:00.0000,  1.721073428083697E+09,  4.534832753121934E+09, -7.365931215525746E+07,
2449913.500000000, A.D. 1995-Jul-15 00:00:00.0000,  1.720614341516519E+09,  4.534997003400331E+09, -7.362133273182654E+07,
2449914.500000000, A.D. 1995-Jul-16 00:00:00.0000,  1.720155240172902E+09,  4.535161215607430E+09, -7.358335268091869E+07,
2449915.500000000, A.D. 1995-Jul-17 00:00:00.0000,  1.719696124063431E+09,  4.535325389734950E+09, -7.354537200410914E+07,
2449916.500000000, A.D. 1995-Jul-18 00:00:00.0000,  1.719236993199696E+09,  4.535489525775313E+09, -7.350739070301509E+07,
2449917.500000000, A.D. 1995-Jul-19 00:00:00.0000,  1.718777847594213E+09,  4.535653623721858E+09, -7.346940877927232E+07,
2449918.500000000, A.D. 1995-Jul-20 00:00:00.0000,  1.718318687260270E+09,  4.535817683569019E+09, -7.343142623450446E+07,
2449919.500000000, A.D. 1995-Jul-21 00:00:00.0000,  1.717859512211745E+09,  4.535981705312482E+09, -7.339344307029605E+07,
2449920.500000000, A.D. 1995-Jul-22 00:00:00.0000,  1.717400322462873E+09,  4.536145688949278E+09, -7.335545928816175E+07,
2449921.500000000, A.D. 1995-Jul-23 00:00:00.0000,  1.716941118028005E+09,  4.536309634477833E+09, -7.331747488952017E+07,
2449922.500000000, A.D. 1995-Jul-24 00:00:00.0000,  1.716481898921363E+09,  4.536473541897944E+09, -7.327948987567520E+07,
2449923.500000000, A.D. 1995-Jul-25 00:00:00.0000,  1.716022665156804E+09,  4.536637411210708E+09, -7.324150424779963E+07,
2449924.500000000, A.D. 1995-Jul-26 00:00:00.0000,  1.715563416747628E+09,  4.536801242418390E+09, -7.320351800692677E+07,
2449925.500000000, A.D. 1995-Jul-27 00:00:00.0000,  1.715104153706417E+09,  4.536965035524277E+09, -7.316553115394998E+07,
2449926.500000000, A.D. 1995-Jul-28 00:00:00.0000,  1.714644876044925E+09,  4.537128790532482E+09, -7.312754368962765E+07,
2449927.500000000, A.D. 1995-Jul-29 00:00:00.0000,  1.714185583774018E+09,  4.537292507447775E+09, -7.308955561459041E+07,
2449928.500000000, A.D. 1995-Jul-30 00:00:00.0000,  1.713726276903651E+09,  4.537456186275393E+09, -7.305156692935705E+07,
2449929.500000000, A.D. 1995-Jul-31 00:00:00.0000,  1.713266955442887E+09,  4.537619827020882E+09, -7.301357763434577E+07,
2449930.500000000, A.D. 1995-Aug-01 00:00:00.0000,  1.712807619399932E+09,  4.537783429689957E+09, -7.297558772989416E+07,
2449931.500000000, A.D. 1995-Aug-02 00:00:00.0000,  1.712348268782209E+09,  4.537946994288387E+09, -7.293759721626925E+07,
2449932.500000000, A.D. 1995-Aug-03 00:00:00.0000,  1.711888903596419E+09,  4.538110520821898E+09, -7.289960609368563E+07,
2449933.500000000, A.D. 1995-Aug-04 00:00:00.0000,  1.711429523848625E+09,  4.538274009296110E+09, -7.286161436231613E+07,
2449934.500000000, A.D. 1995-Aug-05 00:00:00.0000,  1.710970129544332E+09,  4.538437459716488E+09, -7.282362202230358E+07,
2449935.500000000, A.D. 1995-Aug-06 00:00:00.0000,  1.710510720688554E+09,  4.538600872088307E+09, -7.278562907376909E+07,
2449936.500000000, A.D. 1995-Aug-07 00:00:00.0000,  1.710051297285887E+09,  4.538764246416642E+09, -7.274763551682210E+07,
2449937.500000000, A.D. 1995-Aug-08 00:00:00.0000,  1.709591859340571E+09,  4.538927582706360E+09, -7.270964135156417E+07,
2449938.500000000, A.D. 1995-Aug-09 00:00:00.0000,  1.709132406856539E+09,  4.539090880962122E+09, -7.267164657809258E+07,
2449939.500000000, A.D. 1995-Aug-10 00:00:00.0000,  1.708672939837467E+09,  4.539254141188392E+09, -7.263365119650698E+07,
2449940.500000000, A.D. 1995-Aug-11 00:00:00.0000,  1.708213458286810E+09,  4.539417363389451E+09, -7.259565520691061E+07,
2449941.500000000, A.D. 1995-Aug-12 00:00:00.0000,  1.707753962207835E+09,  4.539580547569408E+09, -7.255765860940981E+07,
2449942.500000000, A.D. 1995-Aug-13 00:00:00.0000,  1.707294451603646E+09,  4.539743693732224E+09, -7.251966140411687E+07,
2449943.500000000, A.D. 1995-Aug-14 00:00:00.0000,  1.706834926477202E+09,  4.539906801881720E+09, -7.248166359115195E+07,
2449944.500000000, A.D. 1995-Aug-15 00:00:00.0000,  1.706375386831340E+09,  4.540069872021592E+09, -7.244366517063880E+07,
2449945.500000000, A.D. 1995-Aug-16 00:00:00.0000,  1.705915832668778E+09,  4.540232904155440E+09, -7.240566614270902E+07,
2449946.500000000, A.D. 1995-Aug-17 00:00:00.0000,  1.705456263992133E+09,  4.540395898286767E+09, -7.236766650749803E+07,
2449947.500000000, A.D. 1995-Aug-18 00:00:00.0000,  1.704996680803920E+09,  4.540558854419001E+09, -7.232966626514745E+07,
2449948.500000000, A.D. 1995-Aug-19 00:00:00.0000,  1.704537083106558E+09,  4.540721772555502E+09, -7.229166541580105E+07,
2449949.500000000, A.D. 1995-Aug-20 00:00:00.0000,  1.704077470902375E+09,  4.540884652699576E+09, -7.225366395960689E+07,
2449950.500000000, A.D. 1995-Aug-21 00:00:00.0000,  1.703617844193604E+09,  4.541047494854485E+09, -7.221566189671516E+07,
2449951.500000000, A.D. 1995-Aug-22 00:00:00.0000,  1.703158202982387E+09,  4.541210299023450E+09, -7.217765922727704E+07,
2449952.500000000, A.D. 1995-Aug-23 00:00:00.0000,  1.702698547270770E+09,  4.541373065209663E+09, -7.213965595144320E+07,
2449953.500000000, A.D. 1995-Aug-24 00:00:00.0000,  1.702238877060704E+09,  4.541535793416288E+09, -7.210165206936574E+07,
2449954.500000000, A.D. 1995-Aug-25 00:00:00.0000,  1.701779192354037E+09,  4.541698483646469E+09, -7.206364758119369E+07,
2449955.500000000, A.D. 1995-Aug-26 00:00:00.0000,  1.701319493152517E+09,  4.541861135903336E+09, -7.202564248707533E+07,
2449956.500000000, A.D. 1995-Aug-27 00:00:00.0000,  1.700859779457784E+09,  4.542023750189997E+09, -7.198763678715444E+07,
2449957.500000000, A.D. 1995-Aug-28 00:00:00.0000,  1.700400051271368E+09,  4.542186326509552E+09, -7.194963048157263E+07,
2449958.500000000, A.D. 1995-Aug-29 00:00:00.0000,  1.699940308594684E+09,  4.542348864865088E+09, -7.191162357046628E+07,
2449959.500000000, A.D. 1995-Aug-30 00:00:00.0000,  1.699480551429028E+09,  4.542511365259674E+09, -7.187361605396724E+07,
2449960.500000000, A.D. 1995-Aug-31 00:00:00.0000,  1.699020779775573E+09,  4.542673827696376E+09, -7.183560793220067E+07,
2449961.500000000, A.D. 1995-Sep-01 00:00:00.0000,  1.698560993635366E+09,  4.542836252178239E+09, -7.179759920528674E+07,
2449962.500000000, A.D. 1995-Sep-02 00:00:00.0000,  1.698101193009321E+09,  4.542998638708293E+09, -7.175958987333870E+07,
2449963.500000000, A.D. 1995-Sep-03 00:00:00.0000,  1.697641377898215E+09,  4.543160987289552E+09, -7.172157993646216E+07,
2449964.500000000, A.D. 1995-Sep-04 00:00:00.0000,  1.697181548302686E+09,  4.543323297925005E+09, -7.168356939475465E+07,
2449965.500000000, A.D. 1995-Sep-05 00:00:00.0000,  1.696721704223226E+09,  4.543485570617620E+09, -7.164555824830675E+07,
2449966.500000000, A.D. 1995-Sep-06 00:00:00.0000,  1.696261845660177E+09,  4.543647805370334E+09, -7.160754649720025E+07,
2449967.500000000, A.D. 1995-Sep-07 00:00:00.0000,  1.695801972613729E+09,  4.543810002186049E+09, -7.156953414150715E+07,
2449968.500000000, A.D. 1995-Sep-08 00:00:00.0000,  1.695342085083914E+09,  4.543972161067629E+09, -7.153152118129277E+07,
2449969.500000000, A.D. 1995-Sep-09 00:00:00.0000,  1.694882183070600E+09,  4.544134282017890E+09, -7.149350761660957E+07,
2449970.500000000, A.D. 1995-Sep-10 00:00:00.0000,  1.694422266573491E+09,  4.544296365039601E+09, -7.145549344750476E+07,
2449971.500000000, A.D. 1995-Sep-11 00:00:00.0000,  1.693962335592117E+09,  4.544458410135468E+09, -7.141747867401314E+07,
2449972.500000000, A.D. 1995-Sep-12 00:00:00.0000,  1.693502390125837E+09,  4.544620417308129E+09, -7.137946329616141E+07,
2449973.500000000, A.D. 1995-Sep-13 00:00:00.0000,  1.693042430173829E+09,  4.544782386560148E+09, -7.134144731396651E+07,
2449974.500000000, A.D. 1995-Sep-14 00:00:00.0000,  1.692582455735090E+09,  4.544944317894001E+09, -7.130343072743607E+07,
2449975.500000000, A.D. 1995-Sep-15 00:00:00.0000,  1.692122466808430E+09,  4.545106211312065E+09, -7.126541353656769E+07,
2449976.500000000, A.D. 1995-Sep-16 00:00:00.0000,  1.691662463392471E+09,  4.545268066816613E+09, -7.122739574135208E+07,
2449977.500000000, A.D. 1995-Sep-17 00:00:00.0000,  1.691202445485642E+09,  4.545429884409791E+09, -7.118937734177065E+07,
2449978.500000000, A.D. 1995-Sep-18 00:00:00.0000,  1.690742413086178E+09,  4.545591664093609E+09, -7.115135833779669E+07,
2449979.500000000, A.D. 1995-Sep-19 00:00:00.0000,  1.690282366192117E+09,  4.545753405869925E+09, -7.111333872939801E+07,
2449980.500000000, A.D. 1995-Sep-20 00:00:00.0000,  1.689822304801300E+09,  4.545915109740427E+09, -7.107531851653552E+07,
2449981.500000000, A.D. 1995-Sep-21 00:00:00.0000,  1.689362228911372E+09,  4.546076775706614E+09, -7.103729769916654E+07,
2449982.500000000, A.D. 1995-Sep-22 00:00:00.0000,  1.688902138519783E+09,  4.546238403769770E+09, -7.099927627724409E+07,
2449983.500000000, A.D. 1995-Sep-23 00:00:00.0000,  1.688442033623791E+09,  4.546399993930946E+09, -7.096125425072193E+07,
2449984.500000000, A.D. 1995-Sep-24 00:00:00.0000,  1.687981914220469E+09,  4.546561546190937E+09, -7.092323161955452E+07,
2449985.500000000, A.D. 1995-Sep-25 00:00:00.0000,  1.687521780306713E+09,  4.546723060550245E+09, -7.088520838370013E+07,
2449986.500000000, A.D. 1995-Sep-26 00:00:00.0000,  1.687061631879256E+09,  4.546884537009057E+09, -7.084718454312372E+07,
2449987.500000000, A.D. 1995-Sep-27 00:00:00.0000,  1.686601468934684E+09,  4.547045975567208E+09, -7.080916009780335E+07,
2449988.500000000, A.D. 1995-Sep-28 00:00:00.0000,  1.686141291469459E+09,  4.547207376224154E+09, -7.077113504773116E+07,
2449989.500000000, A.D. 1995-Sep-29 00:00:00.0000,  1.685681099479950E+09,  4.547368738978932E+09, -7.073310939292097E+07,
2449990.500000000, A.D. 1995-Sep-30 00:00:00.0000,  1.685220892962467E+09,  4.547530063830128E+09, -7.069508313341355E+07,
2449991.500000000, A.D. 1995-Oct-01 00:00:00.0000,  1.684760671913306E+09,  4.547691350775841E+09, -7.065705626928163E+07,
2449992.500000000, A.D. 1995-Oct-02 00:00:00.0000,  1.684300436328811E+09,  4.547852599813659E+09, -7.061902880064058E+07,
2449993.500000000, A.D. 1995-Oct-03 00:00:00.0000,  1.683840186205435E+09,  4.548013810940624E+09, -7.058100072765398E+07,
2449994.500000000, A.D. 1995-Oct-04 00:00:00.0000,  1.683379921539821E+09,  4.548174984153224E+09, -7.054297205054116E+07,
2449995.500000000, A.D. 1995-Oct-05 00:00:00.0000,  1.682919642328891E+09,  4.548336119447385E+09, -7.050494276958799E+07,
2449996.500000000, A.D. 1995-Oct-06 00:00:00.0000,  1.682459348569947E+09,  4.548497216818478E+09, -7.046691288515329E+07,
2449997.500000000, A.D. 1995-Oct-07 00:00:00.0000,  1.681999040260781E+09,  4.548658276261354E+09, -7.042888239767694E+07,
2449998.500000000, A.D. 1995-Oct-08 00:00:00.0000,  1.681538717399785E+09,  4.548819297770404E+09, -7.039085130768442E+07,
2449999.500000000, A.D. 1995-Oct-09 00:00:00.0000,  1.681078379986064E+09,  4.548980281339630E+09, -7.035281961578989E+07,
2450000.500000000, A.D. 1995-Oct-10 00:00:00.0000,  1.680618028019536E+09,  4.549141226962777E+09, -7.031478732269764E+07,
2450001.500000000, A.D. 1995-Oct-11 00:00:00.0000,  1.680157661501020E+09,  4.549302134633466E+09, -7.027675442919421E+07,
2450002.500000000, A.D. 1995-Oct-12 00:00:00.0000,  1.679697280432281E+09,  4.549463004345372E+09, -7.023872093614268E+07,
2450003.500000000, A.D. 1995-Oct-13 00:00:00.0000,  1.679236884816056E+09,  4.549623836092427E+09, -7.020068684446573E+07,
2450004.500000000, A.D. 1995-Oct-14 00:00:00.0000,  1.678776474656011E+09,  4.549784629869016E+09, -7.016265215512466E+07,
2450005.500000000, A.D. 1995-Oct-15 00:00:00.0000,  1.678316049956665E+09,  4.549945385670181E+09, -7.012461686909628E+07,
2450006.500000000, A.D. 1995-Oct-16 00:00:00.0000,  1.677855610723246E+09,  4.550106103491813E+09, -7.008658098734641E+07,
2450007.500000000, A.D. 1995-Oct-17 00:00:00.0000,  1.677395156961514E+09,  4.550266783330785E+09, -7.004854451079869E+07,
2450008.500000000, A.D. 1995-Oct-18 00:00:00.0000,  1.676934688677538E+09,  4.550427425185062E+09, -7.001050744030547E+07,
2450009.500000000, A.D. 1995-Oct-19 00:00:00.0000,  1.676474205877460E+09,  4.550588029053731E+09, -6.997246977662611E+07,
2450010.500000000, A.D. 1995-Oct-20 00:00:00.0000,  1.676013708567258E+09,  4.550748594936989E+09, -6.993443152040386E+07,
2450011.500000000, A.D. 1995-Oct-21 00:00:00.0000,  1.675553196752525E+09,  4.550909122836055E+09, -6.989639267215276E+07,
2450012.500000000, A.D. 1995-Oct-22 00:00:00.0000,  1.675092670438278E+09,  4.551069612753053E+09, -6.985835323225141E+07,
2450013.500000000, A.D. 1995-Oct-23 00:00:00.0000,  1.674632129628814E+09,  4.551230064690845E+09, -6.982031320093870E+07,
2450014.500000000, A.D. 1995-Oct-24 00:00:00.0000,  1.674171574327604E+09,  4.551390478652858E+09, -6.978227257832360E+07,
2450015.500000000, A.D. 1995-Oct-25 00:00:00.0000,  1.673711004537249E+09,  4.551550854642892E+09, -6.974423136439347E+07,
2450016.500000000, A.D. 1995-Oct-26 00:00:00.0000,  1.673250420259460E+09,  4.551711192664950E+09, -6.970618955902600E+07,
2450017.500000000, A.D. 1995-Oct-27 00:00:00.0000,  1.672789821495090E+09,  4.551871492723073E+09, -6.966814716200686E+07,
2450018.500000000, A.D. 1995-Oct-28 00:00:00.0000,  1.672329208244179E+09,  4.552031754821200E+09, -6.963010417304277E+07,
2450019.500000000, A.D. 1995-Oct-29 00:00:00.0000,  1.671868580506032E+09,  4.552191978963060E+09, -6.959206059178138E+07,
2450020.500000000, A.D. 1995-Oct-30 00:00:00.0000,  1.671407938279292E+09,  4.552352165152075E+09, -6.955401641782117E+07,
2450021.500000000, A.D. 1995-Oct-31 00:00:00.0000,  1.670947281562034E+09,  4.552512313391298E+09, -6.951597165072846E+07,
2450022.500000000, A.D. 1995-Nov-01 00:00:00.0000,  1.670486610351843E+09,  4.552672423683372E+09, -6.947792629004645E+07,
2450023.500000000, A.D. 1995-Nov-02 00:00:00.0000,  1.670025924645903E+09,  4.552832496030496E+09, -6.943988033530521E+07,
2450024.500000000, A.D. 1995-Nov-03 00:00:00.0000,  1.669565224441067E+09,  4.552992530434412E+09, -6.940183378603101E+07,
2450025.500000000, A.D. 1995-Nov-04 00:00:00.0000,  1.669104509733929E+09,  4.553152526896410E+09, -6.936378664175248E+07,
2450026.500000000, A.D. 1995-Nov-05 00:00:00.0000,  1.668643780520883E+09,  4.553312485417324E+09, -6.932573890200353E+07,
2450027.500000000, A.D. 1995-Nov-06 00:00:00.0000,  1.668183036798178E+09,  4.553472405997550E+09, -6.928769056632876E+07,
2450028.500000000, A.D. 1995-Nov-07 00:00:00.0000,  1.667722278561961E+09,  4.553632288637067E+09, -6.924964163428831E+07,
2450029.500000000, A.D. 1995-Nov-08 00:00:00.0000,  1.667261505808316E+09,  4.553792133335441E+09, -6.921159210545492E+07,
2450030.500000000, A.D. 1995-Nov-09 00:00:00.0000,  1.666800718533299E+09,  4.553951940091862E+09, -6.917354197941971E+07,
2450031.500000000, A.D. 1995-Nov-10 00:00:00.0000,  1.666339916732963E+09,  4.554111708905151E+09, -6.913549125579119E+07,
2450032.500000000, A.D. 1995-Nov-11 00:00:00.0000,  1.665879100403383E+09,  4.554271439773793E+09, -6.909743993419504E+07,
2450033.500000000, A.D. 1995-Nov-12 00:00:00.0000,  1.665418269540672E+09,  4.554431132695944E+09, -6.905938801427698E+07,
2450034.500000000, A.D. 1995-Nov-13 00:00:00.0000,  1.664957424140996E+09,  4.554590787669458E+09, -6.902133549569821E+07,
2450035.500000000, A.D. 1995-Nov-14 00:00:00.0000,  1.664496564200591E+09,  4.554750404691908E+09, -6.898328237813783E+07,
2450036.500000000, A.D. 1995-Nov-15 00:00:00.0000,  1.664035689715769E+09,  4.554909983760593E+09, -6.894522866129446E+07,
2450037.500000000, A.D. 1995-Nov-16 00:00:00.0000,  1.663574800682926E+09,  4.555069524872561E+09, -6.890717434488034E+07,
2450038.500000000, A.D. 1995-Nov-17 00:00:00.0000,  1.663113897098553E+09,  4.555229028024627E+09, -6.886911942862606E+07,
2450039.500000000, A.D. 1995-Nov-18 00:00:00.0000,  1.662652978959234E+09,  4.555388493213375E+09, -6.883106391227698E+07,
2450040.500000000, A.D. 1995-Nov-19 00:00:00.0000,  1.662192046261656E+09,  4.555547920435181E+09, -6.879300779559255E+07,
2450041.500000000, A.D. 1995-Nov-20 00:00:00.0000,  1.661731099002611E+09,  4.555707309686220E+09, -6.875495107834744E+07,
2450042.500000000, A.D. 1995-Nov-21 00:00:00.0000,  1.661270137178994E+09,  4.555866660962480E+09, -6.871689376032996E+07,
2450043.500000000, A.D. 1995-Nov-22 00:00:00.0000,  1.660809160787812E+09,  4.556025974259766E+09, -6.867883584134197E+07,
2450044.500000000, A.D. 1995-Nov-23 00:00:00.0000,  1.660348169826179E+09,  4.556185249573713E+09, -6.864077732119679E+07,
2450045.500000000, A.D. 1995-Nov-24 00:00:00.0000,  1.659887164291318E+09,  4.556344486899796E+09, -6.860271819972181E+07,
2450046.500000000, A.D. 1995-Nov-25 00:00:00.0000,  1.659426144180564E+09,  4.556503686233332E+09, -6.856465847675347E+07,
2450047.500000000, A.D. 1995-Nov-26 00:00:00.0000,  1.658965109491360E+09,  4.556662847569493E+09, -6.852659815214181E+07,
2450048.500000000, A.D. 1995-Nov-27 00:00:00.0000,  1.658504060221262E+09,  4.556821970903307E+09, -6.848853722574711E+07,
2450049.500000000, A.D. 1995-Nov-28 00:00:00.0000,  1.658042996367930E+09,  4.556981056229668E+09, -6.845047569743943E+07,
2450050.500000000, A.D. 1995-Nov-29 00:00:00.0000,  1.657581917929138E+09,  4.557140103543337E+09, -6.841241356709886E+07,
2450051.500000000, A.D. 1995-Nov-30 00:00:00.0000,  1.657120824902763E+09,  4.557299112838952E+09, -6.837435083461571E+07,
2450052.500000000, A.D. 1995-Dec-01 00:00:00.0000,  1.656659717286790E+09,  4.557458084111026E+09, -6.833628749989009E+07,
2450053.500000000, A.D. 1995-Dec-02 00:00:00.0000,  1.656198595079307E+09,  4.557617017353957E+09, -6.829822356283045E+07,
2450054.500000000, A.D. 1995-Dec-03 00:00:00.0000,  1.655737458278507E+09,  4.557775912562027E+09, -6.826015902335429E+07,
2450055.500000000, A.D. 1995-Dec-04 00:00:00.0000,  1.655276306882681E+09,  4.557934769729405E+09, -6.822209388138866E+07,
2450056.500000000, A.D. 1995-Dec-05 00:00:00.0000,  1.654815140890220E+09,  4.558093588850151E+09, -6.818402813686800E+07,
2450057.500000000, A.D. 1995-Dec-06 00:00:00.0000,  1.654353960299613E+09,  4.558252369918217E+09, -6.814596178973579E+07,
2450058.500000000, A.D. 1995-Dec-07 00:00:00.0000,  1.653892765109441E+09,  4.558411112927444E+09, -6.810789483994341E+07,
2450059.500000000, A.D. 1995-Dec-08 00:00:00.0000,  1.653431555318378E+09,  4.558569817871572E+09, -6.806982728745127E+07,
2450060.500000000, A.D. 1995-Dec-09 00:00:00.0000,  1.652970330925187E+09,  4.558728484744227E+09, -6.803175913222694E+07,
2450061.500000000, A.D. 1995-Dec-10 00:00:00.0000,  1.652509091928715E+09,  4.558887113538929E+09, -6.799369037424755E+07,
2450062.500000000, A.D. 1995-Dec-11 00:00:00.0000,  1.652047838327896E+09,  4.559045704249087E+09, -6.795562101349688E+07,
2450063.500000000, A.D. 1995-Dec-12 00:00:00.0000,  1.651586570121740E+09,  4.559204256867995E+09, -6.791755104996943E+07,
2450064.500000000, A.D. 1995-Dec-13 00:00:00.0000,  1.651125287309337E+09,  4.559362771388828E+09, -6.787948048366761E+07,
2450065.500000000, A.D. 1995-Dec-14 00:00:00.0000,  1.650663989889853E+09,  4.559521247804638E+09, -6.784140931460357E+07,
2450066.500000000, A.D. 1995-Dec-15 00:00:00.0000,  1.650202677862524E+09,  4.559679686108345E+09, -6.780333754279923E+07,
2450067.500000000, A.D. 1995-Dec-16 00:00:00.0000,  1.649741351226659E+09,  4.559838086292731E+09, -6.776526516828775E+07,
2450068.500000000, A.D. 1995-Dec-17 00:00:00.0000,  1.649280009981634E+09,  4.559996448350429E+09, -6.772719219111419E+07,
2450069.500000000, A.D. 1995-Dec-18 00:00:00.0000,  1.648818654126898E+09,  4.560154772273909E+09, -6.768911861133528E+07,
2450070.500000000, A.D. 1995-Dec-19 00:00:00.0000,  1.648357283661967E+09,  4.560313058055468E+09, -6.765104442902422E+07,
2450071.500000000, A.D. 1995-Dec-20 00:00:00.0000,  1.647895898586431E+09,  4.560471305687213E+09, -6.761296964426947E+07,
2450072.500000000, A.D. 1995-Dec-21 00:00:00.0000,  1.647434498899957E+09,  4.560629515161041E+09, -6.757489425717807E+07,
2450073.500000000, A.D. 1995-Dec-22 00:00:00.0000,  1.646973084602300E+09,  4.560787686468621E+09, -6.753681826787829E+07,
2450074.500000000, A.D. 1995-Dec-23 00:00:00.0000,  1.646511655693308E+09,  4.560945819601374E+09, -6.749874167652249E+07,
2450075.500000000, A.D. 1995-Dec-24 00:00:00.0000,  1.646050212172945E+09,  4.561103914550438E+09, -6.746066448329163E+07,
2450076.500000000, A.D. 1995-Dec-25 00:00:00.0000,  1.645588754041305E+09,  4.561261971306658E+09, -6.742258668839860E+07,
2450077.500000000, A.D. 1995-Dec-26 00:00:00.0000,  1.645127281298642E+09,  4.561419989860544E+09, -6.738450829209352E+07,
2450078.500000000, A.D. 1995-Dec-27 00:00:00.0000,  1.644665793945408E+09,  4.561577970202254E+09, -6.734642929466963E+07,
2450079.500000000, A.D. 1995-Dec-28 00:00:00.0000,  1.644204291982289E+09,  4.561735912321563E+09, -6.730834969647074E+07,
2450080.500000000, A.D. 1995-Dec-29 00:00:00.0000,  1.643742775410266E+09,  4.561893816207838E+09, -6.727026949789572E+07,
2450081.500000000, A.D. 1995-Dec-30 00:00:00.0000,  1.643281244230676E+09,  4.562051681850029E+09, -6.723218869940925E+07,
2450082.500000000, A.D. 1995-Dec-31 00:00:00.0000,  1.642819698445286E+09,  4.562209509236647E+09, -6.719410730154800E+07,
2450083.500000000, A.D. 1996-Jan-01 00:00:00.0000,  1.642358138056382E+09,  4.562367298355775E+09, -6.715602530492854E+07,
2450084.500000000, A.D. 1996-Jan-02 00:00:00.0000,  1.641896563066869E+09,  4.562525049195083E+09, -6.711794271025705E+07,
2450085.500000000, A.D. 1996-Jan-03 00:00:00.0000,  1.641434973480369E+09,  4.562682761741865E+09, -6.707985951833415E+07,
2450086.500000000, A.D. 1996-Jan-04 00:00:00.0000,  1.640973369301336E+09,  4.562840435983108E+09, -6.704177573006105E+07,
2450087.500000000, A.D. 1996-Jan-05 00:00:00.0000,  1.640511750535161E+09,  4.562998071905575E+09, -6.700369134644151E+07,
2450088.500000000, A.D. 1996-Jan-06 00:00:00.0000,  1.640050117188268E+09,  4.563155669495934E+09, -6.696560636858296E+07,
2450089.500000000, A.D. 1996-Jan-07 00:00:00.0000,  1.639588469268193E+09,  4.563313228740909E+09, -6.692752079768944E+07,
2450090.500000000, A.D. 1996-Jan-08 00:00:00.0000,  1.639126806783632E+09,  4.563470749627461E+09, -6.688943463505149E+07,
2450091.500000000, A.D. 1996-Jan-09 00:00:00.0000,  1.638665129744450E+09,  4.563628232142994E+09, -6.685134788203335E+07,
2450092.500000000, A.D. 1996-Jan-10 00:00:00.0000,  1.638203438161643E+09,  4.563785676275559E+09, -6.681326054004884E+07,
2450093.500000000, A.D. 1996-Jan-11 00:00:00.0000,  1.637741732047245E+09,  4.563943082014068E+09, -6.677517261053991E+07,
2450094.500000000, A.D. 1996-Jan-12 00:00:00.0000,  1.637280011414186E+09,  4.564100449348480E+09, -6.673708409494591E+07,
2450095.500000000, A.D. 1996-Jan-13 00:00:00.0000,  1.636818276276101E+09,  4.564257778269951E+09, -6.669899499467540E+07,
2450096.500000000, A.D. 1996-Jan-14 00:00:00.0000,  1.636356526647105E+09,  4.564415068770935E+09, -6.666090531107688E+07,
2450097.500000000, A.D. 1996-Jan-15 00:00:00.0000,  1.635894762541551E+09,  4.564572320845230E+09, -6.662281504541492E+07,
2450098.500000000, A.D. 1996-Jan-16 00:00:00.0000,  1.635432983973786E+09,  4.564729534487956E+09, -6.658472419884753E+07,
2450099.500000000, A.D. 1996-Jan-17 00:00:00.0000,  1.634971190957927E+09,  4.564886709695481E+09, -6.654663277241468E+07,
2450100.500000000, A.D. 1996-Jan-18 00:00:00.0000,  1.634509383507660E+09,  4.565043846465302E+09, -6.650854076702571E+07,
2450101.500000000, A.D. 1996-Jan-19 00:00:00.0000,  1.634047561636099E+09,  4.565200944795880E+09, -6.647044818346500E+07,
2450102.500000000, A.D. 1996-Jan-20 00:00:00.0000,  1.633585725355672E+09,  4.565358004686477E+09, -6.643235502239299E+07,
2450103.500000000, A.D. 1996-Jan-21 00:00:00.0000,  1.633123874678067E+09,  4.565515026136965E+09, -6.639426128435707E+07,
2450104.500000000, A.D. 1996-Jan-22 00:00:00.0000,  1.632662009614216E+09,  4.565672009147655E+09, -6.635616696980429E+07,
2450105.500000000, A.D. 1996-Jan-23 00:00:00.0000,  1.632200130174312E+09,  4.565828953719151E+09, -6.631807207909608E+07,
2450106.500000000, A.D. 1996-Jan-24 00:00:00.0000,  1.631738236367857E+09,  4.565985859852201E+09, -6.627997661252499E+07,
2450107.500000000, A.D. 1996-Jan-25 00:00:00.0000,  1.631276328203726E+09,  4.566142727547591E+09, -6.624188057032824E+07,
2450108.500000000, A.D. 1996-Jan-26 00:00:00.0000,  1.630814405690237E+09,  4.566299556806070E+09, -6.620378395270324E+07,
2450109.500000000, A.D. 1996-Jan-27 00:00:00.0000,  1.630352468835238E+09,  4.566456347628275E+09, -6.616568675981927E+07,
2450110.500000000, A.D. 1996-Jan-28 00:00:00.0000,  1.629890517646179E+09,  4.566613100014697E+09, -6.612758899182892E+07,
2450111.500000000, A.D. 1996-Jan-29 00:00:00.0000,  1.629428552130189E+09,  4.566769813965656E+09, -6.608949064887810E+07,
2450112.500000000, A.D. 1996-Jan-30 00:00:00.0000,  1.628966572294145E+09,  4.566926489481288E+09, -6.605139173111129E+07,
2450113.500000000, A.D. 1996-Jan-31 00:00:00.0000,  1.628504578144731E+09,  4.567083126561544E+09, -6.601329223867917E+07,
2450114.500000000, A.D. 1996-Feb-01 00:00:00.0000,  1.628042569688493E+09,  4.567239725206210E+09, -6.597519217174315E+07,
2450115.500000000, A.D. 1996-Feb-02 00:00:00.0000,  1.627580546931883E+09,  4.567396285414907E+09, -6.593709153047800E+07,
2450116.500000000, A.D. 1996-Feb-03 00:00:00.0000,  1.627118509881297E+09,  4.567552807187112E+09, -6.589899031507468E+07,
2450117.500000000, A.D. 1996-Feb-04 00:00:00.0000,  1.626656458543108E+09,  4.567709290522189E+09, -6.586088852574158E+07,
2450118.500000000, A.D. 1996-Feb-05 00:00:00.0000,  1.626194392923687E+09,  4.567865735419399E+09, -6.582278616270518E+07,
2450119.500000000, A.D. 1996-Feb-06 00:00:00.0000,  1.625732313029426E+09,  4.568022141877927E+09, -6.578468322621083E+07,
2450120.500000000, A.D. 1996-Feb-07 00:00:00.0000,  1.625270218866750E+09,  4.568178509896902E+09, -6.574657971652174E+07,
2450121.500000000, A.D. 1996-Feb-08 00:00:00.0000,  1.624808110442132E+09,  4.568334839475420E+09, -6.570847563392162E+07,
2450122.500000000, A.D. 1996-Feb-09 00:00:00.0000,  1.624345987762095E+09,  4.568491130612559E+09, -6.567037097870851E+07,
2450123.500000000, A.D. 1996-Feb-10 00:00:00.0000,  1.623883850833222E+09,  4.568647383307407E+09, -6.563226575119925E+07,
2450124.500000000, A.D. 1996-Feb-11 00:00:00.0000,  1.623421699662151E+09,  4.568803597559068E+09, -6.559415995172572E+07,
2450125.500000000, A.D. 1996-Feb-12 00:00:00.0000,  1.622959534255586E+09,  4.568959773366682E+09, -6.555605358063555E+07,
2450126.500000000, A.D. 1996-Feb-13 00:00:00.0000,  1.622497354620284E+09,  4.569115910729448E+09, -6.551794663828921E+07,
2450127.500000000, A.D. 1996-Feb-14 00:00:00.0000,  1.622035160763060E+09,  4.569272009646622E+09, -6.547983912506056E+07,
2450128.500000000, A.D. 1996-Feb-15 00:00:00.0000,  1.621572952690781E+09,  4.569428070117540E+09, -6.544173104133368E+07,
2450129.500000000, A.D. 1996-Feb-16 00:00:00.0000,  1.621110730410358E+09,  4.569584092141625E+09, -6.540362238750672E+07,
2450130.500000000, A.D. 1996-Feb-17 00:00:00.0000,  1.620648493928746E+09,  4.569740075718400E+09, -6.536551316398335E+07,
2450131.500000000, A.D. 1996-Feb-18 00:00:00.0000,  1.620186243252934E+09,  4.569896020847488E+09, -6.532740337117767E+07,
2450132.500000000, A.D. 1996-Feb-19 00:00:00.0000,  1.619723978389938E+09,  4.570051927528629E+09, -6.528929300951171E+07,
2450133.500000000, A.D. 1996-Feb-20 00:00:00.0000,  1.619261699346796E+09,  4.570207795761683E+09, -6.525118207941389E+07,
2450134.500000000, A.D. 1996-Feb-21 00:00:00.0000,  1.618799406130558E+09,  4.570363625546634E+09, -6.521307058131766E+07,
2450135.500000000, A.D. 1996-Feb-22 00:00:00.0000,  1.618337098748282E+09,  4.570519416883597E+09, -6.517495851566219E+07,
2450136.500000000, A.D. 1996-Feb-23 00:00:00.0000,  1.617874777207020E+09,  4.570675169772820E+09, -6.513684588288760E+07,
2450137.500000000, A.D. 1996-Feb-24 00:00:00.0000,  1.617412441513815E+09,  4.570830884214692E+09, -6.509873268344164E+07,
2450138.500000000, A.D. 1996-Feb-25 00:00:00.0000,  1.616950091675691E+09,  4.570986560209738E+09, -6.506061891777062E+07,
2450139.500000000, A.D. 1996-Feb-26 00:00:00.0000,  1.616487727699642E+09,  4.571142197758628E+09, -6.502250458632326E+07,
2450140.500000000, A.D. 1996-Feb-27 00:00:00.0000,  1.616025349592626E+09,  4.571297796862173E+09, -6.498438968954992E+07,
2450141.500000000, A.D. 1996-Feb-28 00:00:00.0000,  1.615562957361555E+09,  4.571453357521329E+09, -6.494627422790003E+07,
2450142.500000000, A.D. 1996-Feb-29 00:00:00.0000,  1.615100551013284E+09,  4.571608879737194E+09, -6.490815820182204E+07,
2450143.500000000, A.D. 1996-Mar-01 00:00:00.0000,  1.614638130554606E+09,  4.571764363511006E+09, -6.487004161176348E+07,
2450144.500000000, A.D. 1996-Mar-02 00:00:00.0000,  1.614175695992240E+09,  4.571919808844147E+09, -6.483192445816994E+07,
2450145.500000000, A.D. 1996-Mar-03 00:00:00.0000,  1.613713247332819E+09,  4.572075215738132E+09, -6.479380674148464E+07,
2450146.500000000, A.D. 1996-Mar-04 00:00:00.0000,  1.613250784582886E+09,  4.572230584194614E+09, -6.475568846214771E+07,
2450147.500000000, A.D. 1996-Mar-05 00:00:00.0000,  1.612788307748881E+09,  4.572385914215372E+09, -6.471756962059593E+07,
2450148.500000000, A.D. 1996-Mar-06 00:00:00.0000,  1.612325816837132E+09,  4.572541205802312E+09, -6.467945021726179E+07,
2450149.500000000, A.D. 1996-Mar-07 00:00:00.0000,  1.611863311853845E+09,  4.572696458957455E+09, -6.464133025257468E+07,
2450150.500000000, A.D. 1996-Mar-08 00:00:00.0000,  1.611400792805097E+09,  4.572851673682935E+09, -6.460320972695851E+07,
2450151.500000000, A.D. 1996-Mar-09 00:00:00.0000,  1.610938259696822E+09,  4.573006849980987E+09, -6.456508864083362E+07,
2450152.500000000, A.D. 1996-Mar-10 00:00:00.0000,  1.610475712534807E+09,  4.573161987853937E+09, -6.452696699461508E+07,
2450153.500000000, A.D. 1996-Mar-11 00:00:00.0000,  1.610013151324678E+09,  4.573317087304194E+09, -6.448884478871489E+07,
2450154.500000000, A.D. 1996-Mar-12 00:00:00.0000,  1.609550576071898E+09,  4.573472148334236E+09, -6.445072202353883E+07,
2450155.500000000, A.D. 1996-Mar-13 00:00:00.0000,  1.609087986781751E+09,  4.573627170946590E+09, -6.441259869949126E+07,
2450156.500000000, A.D. 1996-Mar-14 00:00:00.0000,  1.608625383459342E+09,  4.573782155143826E+09, -6.437447481697154E+07,
2450157.500000000, A.D. 1996-Mar-15 00:00:00.0000,  1.608162766109589E+09,  4.573937100928526E+09, -6.433635037637901E+07,
2450158.500000000, A.D. 1996-Mar-16 00:00:00.0000,  1.607700134737217E+09,  4.574092008303277E+09, -6.429822537811017E+07,
2450159.500000000, A.D. 1996-Mar-17 00:00:00.0000,  1.607237489346756E+09,  4.574246877270636E+09, -6.426009982256341E+07,
2450160.500000000, A.D. 1996-Mar-18 00:00:00.0000,  1.606774829942544E+09,  4.574401707833117E+09, -6.422197371013927E+07,
2450161.500000000, A.D. 1996-Mar-19 00:00:00.0000,  1.606312156528723E+09,  4.574556499993151E+09, -6.418384704124355E+07,
2450162.500000000, A.D. 1996-Mar-20 00:00:00.0000,  1.605849469109255E+09,  4.574711253753066E+09, -6.414571981629014E+07,
2450163.500000000, A.D. 1996-Mar-21 00:00:00.0000,  1.605386767687923E+09,  4.574865969115049E+09, -6.410759203570271E+07,
2450164.500000000, A.D. 1996-Mar-22 00:00:00.0000,  1.604924052268355E+09,  4.575020646081120E+09, -6.406946369992352E+07,
2450165.500000000, A.D. 1996-Mar-23 00:00:00.0000,  1.604461322854043E+09,  4.575175284653085E+09, -6.403133480941319E+07,
2450166.500000000, A.D. 1996-Mar-24 00:00:00.0000,  1.603998579448379E+09,  4.575329884832510E+09, -6.399320536465812E+07,
2450167.500000000, A.D. 1996-Mar-25 00:00:00.0000,  1.603535822054687E+09,  4.575484446620688E+09, -6.395507536617780E+07,
2450168.500000000, A.D. 1996-Mar-26 00:00:00.0000,  1.603073050676282E+09,  4.575638970018602E+09, -6.391694481453204E+07,
2450169.500000000, A.D. 1996-Mar-27 00:00:00.0000,  1.602610265316526E+09,  4.575793455026901E+09, -6.387881371032500E+07,
2450170.500000000, A.D. 1996-Mar-28 00:00:00.0000,  1.602147465978901E+09,  4.575947901645884E+09, -6.384068205421734E+07,
2450171.500000000, A.D. 1996-Mar-29 00:00:00.0000,  1.601684652667098E+09,  4.576102309875489E+09, -6.380254984693146E+07,
2450172.500000000, A.D. 1996-Mar-30 00:00:00.0000,  1.601221825385105E+09,  4.576256679715315E+09, -6.376441708926177E+07,
2450173.500000000, A.D. 1996-Mar-31 00:00:00.0000,  1.600758984137317E+09,  4.576411011164633E+09, -6.372628378207755E+07,
2450174.500000000, A.D. 1996-Apr-01 00:00:00.0000,  1.600296128928637E+09,  4.576565304222463E+09, -6.368814992633343E+07,
2450175.500000000, A.D. 1996-Apr-02 00:00:00.0000,  1.599833259764583E+09,  4.576719558887639E+09, -6.365001552306533E+07,
2450176.500000000, A.D. 1996-Apr-03 00:00:00.0000,  1.599370376651384E+09,  4.576873775158937E+09, -6.361188057339501E+07,
2450177.500000000, A.D. 1996-Apr-04 00:00:00.0000,  1.598907479596056E+09,  4.577027953035216E+09, -6.357374507852244E+07,
2450178.500000000, A.D. 1996-Apr-05 00:00:00.0000,  1.598444568606444E+09,  4.577182092515584E+09, -6.353560903971648E+07,
2450179.500000000, A.D. 1996-Apr-06 00:00:00.0000,  1.597981643691235E+09,  4.577336193599602E+09, -6.349747245829797E+07,
2450180.500000000, A.D. 1996-Apr-07 00:00:00.0000,  1.597518704859912E+09,  4.577490256287481E+09, -6.345933533562088E+07,
2450181.500000000, A.D. 1996-Apr-08 00:00:00.0000,  1.597055752122661E+09,  4.577644280580283E+09, -6.342119767304540E+07,
2450182.500000000, A.D. 1996-Apr-09 00:00:00.0000,  1.596592785490231E+09,  4.577798266480096E+09, -6.338305947191286E+07,
2450183.500000000, A.D. 1996-Apr-10 00:00:00.0000,  1.596129804973736E+09,  4.577952213990172E+09, -6.334492073351169E+07,
2450184.500000000, A.D. 1996-Apr-11 00:00:00.0000,  1.595666810584433E+09,  4.578106123115027E+09, -6.330678145905280E+07,
2450185.500000000, A.D. 1996-Apr-12 00:00:00.0000,  1.595203802333480E+09,  4.578259993860462E+09, -6.326864164964461E+07,
2450186.500000000, A.D. 1996-Apr-13 00:00:00.0000,  1.594740780231694E+09,  4.578413826233541E+09, -6.323050130626988E+07,
2450187.500000000, A.D. 1996-Apr-14 00:00:00.0000,  1.594277744289325E+09,  4.578567620242500E+09, -6.319236042977238E+07,
2450188.500000000, A.D. 1996-Apr-15 00:00:00.0000,  1.593814694515866E+09,  4.578721375896620E+09, -6.315421902085328E+07,
2450189.500000000, A.D. 1996-Apr-16 00:00:00.0000,  1.593351630919904E+09,  4.578875093206055E+09, -6.311607708006644E+07,
2450190.500000000, A.D. 1996-Apr-17 00:00:00.0000,  1.592888553509018E+09,  4.579028772181650E+09, -6.307793460782552E+07,
2450191.500000000, A.D. 1996-Apr-18 00:00:00.0000,  1.592425462289726E+09,  4.579182412834753E+09, -6.303979160441613E+07,
2450192.500000000, A.D. 1996-Apr-19 00:00:00.0000,  1.591962357267470E+09,  4.579336015177032E+09, -6.300164807000375E+07,
2450193.500000000, A.D. 1996-Apr-20 00:00:00.0000,  1.591499238446643E+09,  4.579489579220306E+09, -6.296350400465512E+07,
2450194.500000000, A.D. 1996-Apr-21 00:00:00.0000,  1.591036105830634E+09,  4.579643104976414E+09, -6.292535940834928E+07,
2450195.500000000, A.D. 1996-Apr-22 00:00:00.0000,  1.590572959421898E+09,  4.579796592457082E+09, -6.288721428099632E+07,
2450196.500000000, A.D. 1996-Apr-23 00:00:00.0000,  1.590109799222036E+09,  4.579950041673845E+09, -6.284906862244892E+07,
2450197.500000000, A.D. 1996-Apr-24 00:00:00.0000,  1.589646625231872E+09,  4.580103452637965E+09, -6.281092243251729E+07,
2450198.500000000, A.D. 1996-Apr-25 00:00:00.0000,  1.589183437451543E+09,  4.580256825360391E+09, -6.277277571097875E+07,
2450199.500000000, A.D. 1996-Apr-26 00:00:00.0000,  1.588720235880573E+09,  4.580410159851717E+09, -6.273462845759034E+07,
2450200.500000000, A.D. 1996-Apr-27 00:00:00.0000,  1.588257020517946E+09,  4.580563456122173E+09, -6.269648067209053E+07,
2450201.500000000, A.D. 1996-Apr-28 00:00:00.0000,  1.587793791362173E+09,  4.580716714181616E+09, -6.265833235421205E+07,
2450202.500000000, A.D. 1996-Apr-29 00:00:00.0000,  1.587330548411350E+09,  4.580869934039524E+09, -6.262018350368404E+07,
2450203.500000000, A.D. 1996-Apr-30 00:00:00.0000,  1.586867291663205E+09,  4.581023115705011E+09, -6.258203412023306E+07,
2450204.500000000, A.D. 1996-May-01 00:00:00.0000,  1.586404021115147E+09,  4.581176259186831E+09, -6.254388420359015E+07,
2450205.500000000, A.D. 1996-May-02 00:00:00.0000,  1.585940736764296E+09,  4.581329364493394E+09, -6.250573375348926E+07,
2450206.500000000, A.D. 1996-May-03 00:00:00.0000,  1.585477438607519E+09,  4.581482431632783E+09, -6.246758276967168E+07,
2450207.500000000, A.D. 1996-May-04 00:00:00.0000,  1.585014126641450E+09,  4.581635460612763E+09, -6.242943125188375E+07,
2450208.500000000, A.D. 1996-May-05 00:00:00.0000,  1.584550800862519E+09,  4.581788451440800E+09, -6.239127919987774E+07,
2450209.500000000, A.D. 1996-May-06 00:00:00.0000,  1.584087461266960E+09,  4.581941404124070E+09, -6.235312661341429E+07,
2450210.500000000, A.D. 1996-May-07 00:00:00.0000,  1.583624107850832E+09,  4.582094318669478E+09, -6.231497349225831E+07,
2450211.500000000, A.D. 1996-May-08 00:00:00.0000,  1.583160740610027E+09,  4.582247195083668E+09, -6.227681983618331E+07,
2450212.500000000, A.D. 1996-May-09 00:00:00.0000,  1.582697359540281E+09,  4.582400033373028E+09, -6.223866564496517E+07,
2450213.500000000, A.D. 1996-May-10 00:00:00.0000,  1.582233964637180E+09,  4.582552833543713E+09, -6.220051091838789E+07,
2450214.500000000, A.D. 1996-May-11 00:00:00.0000,  1.581770555896168E+09,  4.582705595601635E+09, -6.216235565623784E+07,
2450215.500000000, A.D. 1996-May-12 00:00:00.0000,  1.581307133312551E+09,  4.582858319552492E+09, -6.212419985830641E+07,
2450216.500000000, A.D. 1996-May-13 00:00:00.0000,  1.580843696881497E+09,  4.583011005401754E+09, -6.208604352438712E+07,
2450217.500000000, A.D. 1996-May-14 00:00:00.0000,  1.580380246598047E+09,  4.583163653154685E+09, -6.204788665427828E+07,
2450218.500000000, A.D. 1996-May-15 00:00:00.0000,  1.579916782457112E+09,  4.583316262816334E+09, -6.200972924777722E+07,
2450219.500000000, A.D. 1996-May-16 00:00:00.0000,  1.579453304453474E+09,  4.583468834391550E+09, -6.197157130468583E+07,
2450220.500000000, A.D. 1996-May-17 00:00:00.0000,  1.578989812581791E+09,  4.583621367884977E+09, -6.193341282480526E+07,
2450221.500000000, A.D. 1996-May-18 00:00:00.0000,  1.578526306836598E+09,  4.583773863301064E+09, -6.189525380793810E+07,
2450222.500000000, A.D. 1996-May-19 00:00:00.0000,  1.578062787212307E+09,  4.583926320644053E+09, -6.185709425388718E+07,
2450223.500000000, A.D. 1996-May-20 00:00:00.0000,  1.577599253703208E+09,  4.584078739917998E+09, -6.181893416245461E+07,
2450224.500000000, A.D. 1996-May-21 00:00:00.0000,  1.577135706303468E+09,  4.584231121126753E+09, -6.178077353344250E+07,
2450225.500000000, A.D. 1996-May-22 00:00:00.0000,  1.576672145007137E+09,  4.584383464273975E+09, -6.174261236665225E+07,
2450226.500000000, A.D. 1996-May-23 00:00:00.0000,  1.576208569808143E+09,  4.584535769363123E+09, -6.170445066188383E+07,
2450227.500000000, A.D. 1996-May-24 00:00:00.0000,  1.575744980700293E+09,  4.584688036397458E+09, -6.166628841893625E+07,
2450228.500000000, A.D. 1996-May-25 00:00:00.0000,  1.575281377677279E+09,  4.584840265380045E+09, -6.162812563760591E+07,
2450229.500000000, A.D. 1996-May-26 00:00:00.0000,  1.574817760732671E+09,  4.584992456313740E+09, -6.158996231768870E+07,
2450230.500000000, A.D. 1996-May-27 00:00:00.0000,  1.574354129859922E+09,  4.585144609201204E+09, -6.155179845897889E+07,
2450231.500000000, A.D. 1996-May-28 00:00:00.0000,  1.573890485052366E+09,  4.585296724044884E+09, -6.151363406126690E+07,
2450232.500000000, A.D. 1996-May-29 00:00:00.0000,  1.573426826303217E+09,  4.585448800847019E+09, -6.147546912434340E+07,
2450233.500000000, A.D. 1996-May-30 00:00:00.0000,  1.572963153605575E+09,  4.585600839609636E+09, -6.143730364799523E+07,
2450234.500000000, A.D. 1996-May-31 00:00:00.0000,  1.572499466952419E+09,  4.585752840334541E+09, -6.139913763200831E+07,
2450235.500000000, A.D. 1996-Jun-01 00:00:00.0000,  1.572035766336609E+09,  4.585904803023316E+09, -6.136097107616639E+07,
2450236.500000000, A.D. 1996-Jun-02 00:00:00.0000,  1.571572051750889E+09,  4.586056727677318E+09, -6.132280398025203E+07,
2450237.500000000, A.D. 1996-Jun-03 00:00:00.0000,  1.571108323187884E+09,  4.586208614297663E+09, -6.128463634404469E+07,
2450238.500000000, A.D. 1996-Jun-04 00:00:00.0000,  1.570644580640100E+09,  4.586360462885228E+09, -6.124646816732454E+07,
2450239.500000000, A.D. 1996-Jun-05 00:00:00.0000,  1.570180824099926E+09,  4.586512273440639E+09, -6.120829944986916E+07,
2450240.500000000, A.D. 1996-Jun-06 00:00:00.0000,  1.569717053559633E+09,  4.586664045964261E+09, -6.117013019145727E+07,
2450241.500000000, A.D. 1996-Jun-07 00:00:00.0000,  1.569253269011373E+09,  4.586815780456186E+09, -6.113196039186716E+07,
2450242.500000000, A.D. 1996-Jun-08 00:00:00.0000,  1.568789470447185E+09,  4.586967476916229E+09, -6.109379005087900E+07,
2450243.500000000, A.D. 1996-Jun-09 00:00:00.0000,  1.568325657858992E+09,  4.587119135343906E+09, -6.105561916827273E+07,
2450244.500000000, A.D. 1996-Jun-10 00:00:00.0000,  1.567861831238603E+09,  4.587270755738426E+09, -6.101744774383450E+07,
2450245.500000000, A.D. 1996-Jun-11 00:00:00.0000,  1.567397990577723E+09,  4.587422338098669E+09, -6.097927577735209E+07,
2450246.500000000, A.D. 1996-Jun-12 00:00:00.0000,  1.566934135867947E+09,  4.587573882423173E+09, -6.094110326862288E+07,
2450247.500000000, A.D. 1996-Jun-13 00:00:00.0000,  1.566470267100778E+09,  4.587725388710111E+09, -6.090293021744990E+07,
2450248.500000000, A.D. 1996-Jun-14 00:00:00.0000,  1.566006384267628E+09,  4.587876856957267E+09, -6.086475662364841E+07,
2450249.500000000, A.D. 1996-Jun-15 00:00:00.0000,  1.565542487359834E+09,  4.588028287162017E+09, -6.082658248704624E+07,
2450250.500000000, A.D. 1996-Jun-16 00:00:00.0000,  1.565078576368670E+09,  4.588179679321296E+09, -6.078840780748940E+07,
2450251.500000000, A.D. 1996-Jun-17 00:00:00.0000,  1.564614651285369E+09,  4.588331033431576E+09, -6.075023258484411E+07,
2450252.500000000, A.D. 1996-Jun-18 00:00:00.0000,  1.564150712101153E+09,  4.588482349488829E+09, -6.071205681900263E+07,
2450253.500000000, A.D. 1996-Jun-19 00:00:00.0000,  1.563686758807254E+09,  4.588633627488502E+09, -6.067388050988793E+07,
2450254.500000000, A.D. 1996-Jun-20 00:00:00.0000,  1.563222791394964E+09,  4.588784867425483E+09, -6.063570365745926E+07,
2450255.500000000, A.D. 1996-Jun-21 00:00:00.0000,  1.562758809855679E+09,  4.588936069294071E+09, -6.059752626172066E+07,
2450256.500000000, A.D. 1996-Jun-22 00:00:00.0000,  1.562294814180957E+09,  4.589087233087955E+09, -6.055934832272720E+07,
2450257.500000000, A.D. 1996-Jun-23 00:00:00.0000,  1.561830804362590E+09,  4.589238358800186E+09, -6.052116984059167E+07,
2450258.500000000, A.D. 1996-Jun-24 00:00:00.0000,  1.561366780392686E+09,  4.589389446423166E+09, -6.048299081549478E+07,
2450259.500000000, A.D. 1996-Jun-25 00:00:00.0000,  1.560902742263757E+09,  4.589540495948652E+09, -6.044481124769354E+07,
2450260.500000000, A.D. 1996-Jun-26 00:00:00.0000,  1.560438689968826E+09,  4.589691507367768E+09, -6.040663113752770E+07,
2450261.500000000, A.D. 1996-Jun-27 00:00:00.0000,  1.559974623501534E+09,  4.589842480671045E+09, -6.036845048542881E+07,
2450262.500000000, A.D. 1996-Jun-28 00:00:00.0000,  1.559510542856257E+09,  4.589993415848478E+09, -6.033026929192305E+07,
2450263.500000000, A.D. 1996-Jun-29 00:00:00.0000,  1.559046448028216E+09,  4.590144312889624E+09, -6.029208755763674E+07,
2450264.500000000, A.D. 1996-Jun-30 00:00:00.0000,  1.558582339013580E+09,  4.590295171783713E+09, -6.025390528329301E+07,
2450265.500000000, A.D. 1996-Jul-01 00:00:00.0000,  1.558118215809544E+09,  4.590445992519816E+09, -6.021572246970868E+07,
2450266.500000000, A.D. 1996-Jul-02 00:00:00.0000,  1.557654078414385E+09,  4.590596775087011E+09, -6.017753911778426E+07,
2450267.500000000, A.D. 1996-Jul-03 00:00:00.0000,  1.557189926827472E+09,  4.590747519474590E+09, -6.013935522848487E+07,
2450268.500000000, A.D. 1996-Jul-04 00:00:00.0000,  1.556725761049228E+09,  4.590898225672268E+09, -6.010117080282712E+07,
2450269.500000000, A.D. 1996-Jul-05 00:00:00.0000,  1.556261581081043E+09,  4.591048893670391E+09, -6.006298584184623E+07,
2450270.500000000, A.D. 1996-Jul-06 00:00:00.0000,  1.555797386925130E+09,  4.591199523460113E+09, -6.002480034657264E+07,
2450271.500000000, A.D. 1996-Jul-07 00:00:00.0000,  1.555333178584344E+09,  4.591350115033546E+09, -5.998661431800175E+07,
2450272.500000000, A.D. 1996-Jul-08 00:00:00.0000,  1.554868956061953E+09,  4.591500668383861E+09, -5.994842775706530E+07,
2450273.500000000, A.D. 1996-Jul-09 00:00:00.0000,  1.554404719361409E+09,  4.591651183505315E+09, -5.991024066460800E+07,
2450274.500000000, A.D. 1996-Jul-10 00:00:00.0000,  1.553940468486104E+09,  4.591801660393240E+09, -5.987205304136562E+07,
2450275.500000000, A.D. 1996-Jul-11 00:00:00.0000,  1.553476203439153E+09,  4.591952099043953E+09, -5.983386488795257E+07,
2450276.500000000, A.D. 1996-Jul-12 00:00:00.0000,  1.553011924223211E+09,  4.592102499454634E+09, -5.979567620485520E+07,
2450277.500000000, A.D. 1996-Jul-13 00:00:00.0000,  1.552547630840328E+09,  4.592252861623171E+09, -5.975748699243140E+07,
2450278.500000000, A.D. 1996-Jul-14 00:00:00.0000,  1.552083323291850E+09,  4.592403185547974E+09, -5.971929725091553E+07,
2450279.500000000, A.D. 1996-Jul-15 00:00:00.0000,  1.551619001578376E+09,  4.592553471227799E+09, -5.968110698043180E+07,
2450280.500000000, A.D. 1996-Jul-16 00:00:00.0000,  1.551154665699743E+09,  4.592703718661582E+09, -5.964291618100309E+07,
2450281.500000000, A.D. 1996-Jul-17 00:00:00.0000,  1.550690315655060E+09,  4.592853927848267E+09, -5.960472485256958E+07,
2450282.500000000, A.D. 1996-Jul-18 00:00:00.0000,  1.550225951442756E+09,  4.593004098786687E+09, -5.956653299500370E+07,
2450283.500000000, A.D. 1996-Jul-19 00:00:00.0000,  1.549761573060655E+09,  4.593154231475451E+09, -5.952834060812569E+07,
2450284.500000000, A.D. 1996-Jul-20 00:00:00.0000,  1.549297180506052E+09,  4.593304325912855E+09, -5.949014769171667E+07,
2450285.500000000, A.D. 1996-Jul-21 00:00:00.0000,  1.548832773775804E+09,  4.593454382096830E+09, -5.945195424553466E+07,
2450286.500000000, A.D. 1996-Jul-22 00:00:00.0000,  1.548368352866412E+09,  4.593604400024895E+09, -5.941376026932073E+07,
2450287.500000000, A.D. 1996-Jul-23 00:00:00.0000,  1.547903917774100E+09,  4.593754379694139E+09, -5.937556576281452E+07,
2450288.500000000, A.D. 1996-Jul-24 00:00:00.0000,  1.547439468494892E+09,  4.593904321101210E+09, -5.933737072575712E+07,
2450289.500000000, A.D. 1996-Jul-25 00:00:00.0000,  1.546975005024677E+09,  4.594054224242310E+09, -5.929917515789938E+07,
2450290.500000000, A.D. 1996-Jul-26 00:00:00.0000,  1.546510527359270E+09,  4.594204089113218E+09, -5.926097905900455E+07,
2450291.500000000, A.D. 1996-Jul-27 00:00:00.0000,  1.546046035494458E+09,  4.594353915709296E+09, -5.922278242885566E+07,
2450292.500000000, A.D. 1996-Jul-28 00:00:00.0000,  1.545581529426052E+09,  4.594503704025510E+09, -5.918458526725411E+07,
2450293.500000000, A.D. 1996-Jul-29 00:00:00.0000,  1.545117009149914E+09,  4.594653454056450E+09, -5.914638757402444E+07,
2450294.500000000, A.D. 1996-Jul-30 00:00:00.0000,  1.544652474661997E+09,  4.594803165796361E+09, -5.910818934901285E+07,
2450295.500000000, A.D. 1996-Jul-31 00:00:00.0000,  1.544187925958364E+09,  4.594952839239156E+09, -5.906999059209013E+07,
2450296.500000000, A.D. 1996-Aug-01 00:00:00.0000,  1.543723363035212E+09,  4.595102474378445E+09, -5.903179130314970E+07,
2450297.500000000, A.D. 1996-Aug-02 00:00:00.0000,  1.543258785888889E+09,  4.595252071207559E+09, -5.899359148211050E+07,
2450298.500000000, A.D. 1996-Aug-03 00:00:00.0000,  1.542794194515903E+09,  4.595401629719565E+09, -5.895539112891173E+07,
2450299.500000000, A.D. 1996-Aug-04 00:00:00.0000,  1.542329588912941E+09,  4.595551149907297E+09, -5.891719024351811E+07,
2450300.500000000, A.D. 1996-Aug-05 00:00:00.0000,  1.541864969076870E+09,  4.595700631763363E+09, -5.887898882591510E+07,
2450301.500000000, A.D. 1996-Aug-06 00:00:00.0000,  1.541400335004744E+09,  4.595850075280173E+09, -5.884078687611032E+07,
2450302.500000000, A.D. 1996-Aug-07 00:00:00.0000,  1.540935686693815E+09,  4.595999480449953E+09, -5.880258439413118E+07,
2450303.500000000, A.D. 1996-Aug-08 00:00:00.0000,  1.540471024141526E+09,  4.596148847264759E+09, -5.876438138002539E+07,
2450304.500000000, A.D. 1996-Aug-09 00:00:00.0000,  1.540006347345521E+09,  4.596298175716494E+09, -5.872617783386016E+07,
2450305.500000000, A.D. 1996-Aug-10 00:00:00.0000,  1.539541656303647E+09,  4.596447465796922E+09, -5.868797375571990E+07,
2450306.500000000, A.D. 1996-Aug-11 00:00:00.0000,  1.539076951013944E+09,  4.596596717497679E+09, -5.864976914570737E+07,
2450307.500000000, A.D. 1996-Aug-12 00:00:00.0000,  1.538612231474657E+09,  4.596745930810285E+09, -5.861156400394177E+07,
2450308.500000000, A.D. 1996-Aug-13 00:00:00.0000,  1.538147497684228E+09,  4.596895105726158E+09, -5.857335833055925E+07,
2450309.500000000, A.D. 1996-Aug-14 00:00:00.0000,  1.537682749641295E+09,  4.597044242236623E+09, -5.853515212570882E+07,
2450310.500000000, A.D. 1996-Aug-15 00:00:00.0000,  1.537217987344692E+09,  4.597193340332918E+09, -5.849694538955712E+07,
2450311.500000000, A.D. 1996-Aug-16 00:00:00.0000,  1.536753210793446E+09,  4.597342400006208E+09, -5.845873812228203E+07,
2450312.500000000, A.D. 1996-Aug-17 00:00:00.0000,  1.536288419986774E+09,  4.597491421247590E+09, -5.842053032407618E+07,
2450313.500000000, A.D. 1996-Aug-18 00:00:00.0000,  1.535823614924080E+09,  4.597640404048102E+09, -5.838232199514461E+07,
2450314.500000000, A.D. 1996-Aug-19 00:00:00.0000,  1.535358795604953E+09,  4.597789348398730E+09, -5.834411313570452E+07,
2450315.500000000, A.D. 1996-Aug-20 00:00:00.0000,  1.534893962029163E+09,  4.597938254290415E+09, -5.830590374598455E+07,
2450316.500000000, A.D. 1996-Aug-21 00:00:00.0000,  1.534429114196654E+09,  4.598087121714055E+09, -5.826769382622385E+07,
2450317.500000000, A.D. 1996-Aug-22 00:00:00.0000,  1.533964252107546E+09,  4.598235950660516E+09, -5.822948337667298E+07,
2450318.500000000, A.D. 1996-Aug-23 00:00:00.0000,  1.533499375762126E+09,  4.598384741120634E+09, -5.819127239759183E+07,
2450319.500000000, A.D. 1996-Aug-24 00:00:00.0000,  1.533034485160847E+09,  4.598533493085219E+09, -5.815306088925004E+07,
2450320.500000000, A.D. 1996-Aug-25 00:00:00.0000,  1.532569580304320E+09,  4.598682206545060E+09, -5.811484885192680E+07,
2450321.500000000, A.D. 1996-Aug-26 00:00:00.0000,  1.532104661193310E+09,  4.598830881490925E+09, -5.807663628590965E+07,
2450322.500000000, A.D. 1996-Aug-27 00:00:00.0000,  1.531639727828734E+09,  4.598979517913568E+09, -5.803842319149423E+07,
2450323.500000000, A.D. 1996-Aug-28 00:00:00.0000,  1.531174780211650E+09,  4.599128115803726E+09, -5.800020956898594E+07,
2450324.500000000, A.D. 1996-Aug-29 00:00:00.0000,  1.530709818343258E+09,  4.599276675152122E+09, -5.796199541869640E+07,
2450325.500000000, A.D. 1996-Aug-30 00:00:00.0000,  1.530244842224889E+09,  4.599425195949463E+09, -5.792378074094605E+07,
2450326.500000000, A.D. 1996-Aug-31 00:00:00.0000,  1.529779851858001E+09,  4.599573678186444E+09, -5.788556553606200E+07,
2450327.500000000, A.D. 1996-Sep-01 00:00:00.0000,  1.529314847244176E+09,  4.599722121853741E+09, -5.784734980438066E+07,
2450328.500000000, A.D. 1996-Sep-02 00:00:00.0000,  1.528849828385109E+09,  4.599870526942004E+09, -5.780913354624414E+07,
2450329.500000000, A.D. 1996-Sep-03 00:00:00.0000,  1.528384795282608E+09,  4.600018893441863E+09, -5.777091676200461E+07,
2450330.500000000, A.D. 1996-Sep-04 00:00:00.0000,  1.527919747938584E+09,  4.600167221343915E+09, -5.773269945202208E+07,
2450331.500000000, A.D. 1996-Sep-05 00:00:00.0000,  1.527454686355049E+09,  4.600315510638716E+09, -5.769448161666322E+07,
2450332.500000000, A.D. 1996-Sep-06 00:00:00.0000,  1.526989610534112E+09,  4.600463761316772E+09, -5.765626325630784E+07,
2450333.500000000, A.D. 1996-Sep-07 00:00:00.0000,  1.526524520477974E+09,  4.600611973368530E+09, -5.761804437134409E+07,
2450334.500000000, A.D. 1996-Sep-08 00:00:00.0000,  1.526059416188925E+09,  4.600760146784366E+09, -5.757982496217227E+07,
2450335.500000000, A.D. 1996-Sep-09 00:00:00.0000,  1.525594297669349E+09,  4.600908281554562E+09, -5.754160502920747E+07,
2450336.500000000, A.D. 1996-Sep-10 00:00:00.0000,  1.525129164921719E+09,  4.601056377669293E+09, -5.750338457287836E+07,
2450337.500000000, A.D. 1996-Sep-11 00:00:00.0000,  1.524664017948609E+09,  4.601204435118610E+09, -5.746516359363246E+07,
2450338.500000000, A.D. 1996-Sep-12 00:00:00.0000,  1.524198856752695E+09,  4.601352453892413E+09, -5.742694209193850E+07,
2450339.500000000, A.D. 1996-Sep-13 00:00:00.0000,  1.523733681336773E+09,  4.601500433980428E+09, -5.738872006829000E+07,
2450340.500000000, A.D. 1996-Sep-14 00:00:00.0000,  1.523268491703775E+09,  4.601648375372177E+09, -5.735049752320623E+07,
2450341.500000000, A.D. 1996-Sep-15 00:00:00.0000,  1.522803287856795E+09,  4.601796278056959E+09, -5.731227445724392E+07,
2450342.500000000, A.D. 1996-Sep-16 00:00:00.0000,  1.522338069799117E+09,  4.601944142023819E+09, -5.727405087099624E+07,
2450343.500000000, A.D. 1996-Sep-17 00:00:00.0000,  1.521872837534264E+09,  4.602091967261515E+09, -5.723582676510119E+07,
2450344.500000000, A.D. 1996-Sep-18 00:00:00.0000,  1.521407591066040E+09,  4.602239753758505E+09, -5.719760214025092E+07,
2450345.500000000, A.D. 1996-Sep-19 00:00:00.0000,  1.520942330398599E+09,  4.602387501502922E+09, -5.715937699719572E+07,
2450346.500000000, A.D. 1996-Sep-20 00:00:00.0000,  1.520477055536515E+09,  4.602535210482573E+09, -5.712115133675361E+07,
2450347.500000000, A.D. 1996-Sep-21 00:00:00.0000,  1.520011766484869E+09,  4.602682880684928E+09, -5.708292515981936E+07,
2450348.500000000, A.D. 1996-Sep-22 00:00:00.0000,  1.519546463249340E+09,  4.602830512097154E+09, -5.704469846736860E+07,
2450349.500000000, A.D. 1996-Sep-23 00:00:00.0000,  1.519081145836312E+09,  4.602978104706143E+09, -5.700647126046753E+07,
2450350.500000000, A.D. 1996-Sep-24 00:00:00.0000,  1.518615814252976E+09,  4.603125658498585E+09, -5.696824354027653E+07,
2450351.500000000, A.D. 1996-Sep-25 00:00:00.0000,  1.518150468507435E+09,  4.603273173461055E+09, -5.693001530805254E+07,
2450352.500000000, A.D. 1996-Sep-26 00:00:00.0000,  1.517685108608797E+09,  4.603420649580141E+09, -5.689178656514716E+07,
2450353.500000000, A.D. 1996-Sep-27 00:00:00.0000,  1.517219734567245E+09,  4.603568086842598E+09, -5.685355731300163E+07,
2450354.500000000, A.D. 1996-Sep-28 00:00:00.0000,  1.516754346394081E+09,  4.603715485235530E+09, -5.681532755313492E+07,
2450355.500000000, A.D. 1996-Sep-29 00:00:00.0000,  1.516288944101728E+09,  4.603862844746590E+09, -5.677709728713036E+07,
2450356.500000000, A.D. 1996-Sep-30 00:00:00.0000,  1.515823527703683E+09,  4.604010165364195E+09, -5.673886651661181E+07,
2450357.500000000, A.D. 1996-Oct-01 00:00:00.0000,  1.515358097214415E+09,  4.604157447077726E+09, -5.670063524321890E+07,
2450358.500000000, A.D. 1996-Oct-02 00:00:00.0000,  1.514892652649218E+09,  4.604304689877714E+09, -5.666240346857905E+07,
2450359.500000000, A.D. 1996-Oct-03 00:00:00.0000,  1.514427194024012E+09,  4.604451893755986E+09, -5.662417119427776E+07,
2450360.500000000, A.D. 1996-Oct-04 00:00:00.0000,  1.513961721355113E+09,  4.604599058705753E+09, -5.658593842182994E+07,
2450361.500000000, A.D. 1996-Oct-05 00:00:00.0000,  1.513496234658986E+09,  4.604746184721653E+09, -5.654770515265298E+07,
2450362.500000000, A.D. 1996-Oct-06 00:00:00.0000,  1.513030733952002E+09,  4.604893271799721E+09, -5.650947138805103E+07,
2450363.500000000, A.D. 1996-Oct-07 00:00:00.0000,  1.512565219250208E+09,  4.605040319937305E+09, -5.647123712919593E+07,
2450364.500000000, A.D. 1996-Oct-08 00:00:00.0000,  1.512099690569134E+09,  4.605187329132944E+09, -5.643300237712407E+07,
2450365.500000000, A.D. 1996-Oct-09 00:00:00.0000,  1.511634147923649E+09,  4.605334299386200E+09, -5.639476713273335E+07,
2450366.500000000, A.D. 1996-Oct-10 00:00:00.0000,  1.511168591327847E+09,  4.605481230697482E+09, -5.635653139679146E+07,
2450367.500000000, A.D. 1996-Oct-11 00:00:00.0000,  1.510703020795000E+09,  4.605628123067862E+09, -5.631829516994357E+07,
2450368.500000000, A.D. 1996-Oct-12 00:00:00.0000,  1.510237436337540E+09,  4.605774976498899E+09, -5.628005845272565E+07,
2450369.500000000, A.D. 1996-Oct-13 00:00:00.0000,  1.509771837967077E+09,  4.605921790992492E+09, -5.624182124558139E+07,
2450370.500000000, A.D. 1996-Oct-14 00:00:00.0000,  1.509306225694446E+09,  4.606068566550725E+09, -5.620358354887462E+07,
2450371.500000000, A.D. 1996-Oct-15 00:00:00.0000,  1.508840599529769E+09,  4.606215303175776E+09, -5.616534536290646E+07,
2450372.500000000, A.D. 1996-Oct-16 00:00:00.0000,  1.508374959482531E+09,  4.606362000869819E+09, -5.612710668792868E+07,
2450373.500000000, A.D. 1996-Oct-17 00:00:00.0000,  1.507909305561655E+09,  4.606508659634965E+09, -5.608886752415633E+07,
2450374.500000000, A.D. 1996-Oct-18 00:00:00.0000,  1.507443637775577E+09,  4.606655279473221E+09, -5.605062787177873E+07,
2450375.500000000, A.D. 1996-Oct-19 00:00:00.0000,  1.506977956132322E+09,  4.606801860386456E+09, -5.601238773096585E+07,
2450376.500000000, A.D. 1996-Oct-20 00:00:00.0000,  1.506512260639567E+09,  4.606948402376400E+09, -5.597414710188007E+07,
2450377.500000000, A.D. 1996-Oct-21 00:00:00.0000,  1.506046551304702E+09,  4.607094905444630E+09, -5.593590598467875E+07,
2450378.500000000, A.D. 1996-Oct-22 00:00:00.0000,  1.505580828134880E+09,  4.607241369592585E+09, -5.589766437951899E+07,
2450379.500000000, A.D. 1996-Oct-23 00:00:00.0000,  1.505115091137059E+09,  4.607387794821568E+09, -5.585942228656125E+07,
2450380.500000000, A.D. 1996-Oct-24 00:00:00.0000,  1.504649340318039E+09,  4.607534181132770E+09, -5.582117970597172E+07,
2450381.500000000, A.D. 1996-Oct-25 00:00:00.0000,  1.504183575684494E+09,  4.607680528527280E+09, -5.578293663792372E+07,
2450382.500000000, A.D. 1996-Oct-26 00:00:00.0000,  1.503717797242990E+09,  4.607826837006107E+09, -5.574469308259773E+07,
2450383.500000000, A.D. 1996-Oct-27 00:00:00.0000,  1.503252005000008E+09,  4.607973106570196E+09, -5.570644904018307E+07,
2450384.500000000, A.D. 1996-Oct-28 00:00:00.0000,  1.502786198961956E+09,  4.608119337220446E+09, -5.566820451087594E+07,
2450385.500000000, A.D. 1996-Oct-29 00:00:00.0000,  1.502320379135179E+09,  4.608265528957724E+09, -5.562995949488163E+07,
2450386.500000000, A.D. 1996-Oct-30 00:00:00.0000,  1.501854545525964E+09,  4.608411681782888E+09, -5.559171399241066E+07,
2450387.500000000, A.D. 1996-Oct-31 00:00:00.0000,  1.501388698140550E+09,  4.608557795696794E+09, -5.555346800368094E+07,
2450388.500000000, A.D. 1996-Nov-01 00:00:00.0000,  1.500922836985121E+09,  4.608703870700310E+09, -5.551522152891517E+07,
2450389.500000000, A.D. 1996-Nov-02 00:00:00.0000,  1.500456962065815E+09,  4.608849906794335E+09, -5.547697456834078E+07,
2450390.500000000, A.D. 1996-Nov-03 00:00:00.0000,  1.499991073388716E+09,  4.608995903979800E+09, -5.543872712218761E+07,
2450391.500000000, A.D. 1996-Nov-04 00:00:00.0000,  1.499525170959856E+09,  4.609141862257683E+09, -5.540047919069028E+07,
2450392.500000000, A.D. 1996-Nov-05 00:00:00.0000,  1.499059254785207E+09,  4.609287781629013E+09, -5.536223077408266E+07,
2450393.500000000, A.D. 1996-Nov-06 00:00:00.0000,  1.498593324870682E+09,  4.609433662094878E+09, -5.532398187260008E+07,
2450394.500000000, A.D. 1996-Nov-07 00:00:00.0000,  1.498127381222125E+09,  4.609579503656434E+09, -5.528573248647785E+07,
2450395.500000000, A.D. 1996-Nov-08 00:00:00.0000,  1.497661423845309E+09,  4.609725306314902E+09, -5.524748261594915E+07,
2450396.500000000, A.D. 1996-Nov-09 00:00:00.0000,  1.497195452745930E+09,  4.609871070071580E+09, -5.520923226124525E+07,
2450397.500000000, A.D. 1996-Nov-10 00:00:00.0000,  1.496729467929598E+09,  4.610016794927838E+09, -5.517098142259622E+07,
2450398.500000000, A.D. 1996-Nov-11 00:00:00.0000,  1.496263469401834E+09,  4.610162480885125E+09, -5.513273010022521E+07,
2450399.500000000, A.D. 1996-Nov-12 00:00:00.0000,  1.495797457168062E+09,  4.610308127944963E+09, -5.509447829435372E+07,
2450400.500000000, A.D. 1996-Nov-13 00:00:00.0000,  1.495331431233606E+09,  4.610453736108959E+09, -5.505622600519681E+07,
2450401.500000000, A.D. 1996-Nov-14 00:00:00.0000,  1.494865391603677E+09,  4.610599305378792E+09, -5.501797323296404E+07,
2450402.500000000, A.D. 1996-Nov-15 00:00:00.0000,  1.494399338283371E+09,  4.610744835756219E+09, -5.497971997785878E+07,
2450403.500000000, A.D. 1996-Nov-16 00:00:00.0000,  1.493933271277662E+09,  4.610890327243069E+09, -5.494146624007726E+07,
2450404.500000000, A.D. 1996-Nov-17 00:00:00.0000,  1.493467190591393E+09,  4.611035779841244E+09, -5.490321201980758E+07,
2450405.500000000, A.D. 1996-Nov-18 00:00:00.0000,  1.493001096229273E+09,  4.611181193552714E+09, -5.486495731723142E+07,
2450406.500000000, A.D. 1996-Nov-19 00:00:00.0000,  1.492534988195867E+09,  4.611326568379512E+09, -5.482670213252068E+07,
2450407.500000000, A.D. 1996-Nov-20 00:00:00.0000,  1.492068866495592E+09,  4.611471904323730E+09, -5.478844646583867E+07,
2450408.500000000, A.D. 1996-Nov-21 00:00:00.0000,  1.491602731132707E+09,  4.611617201387518E+09, -5.475019031734085E+07,
2450409.500000000, A.D. 1996-Nov-22 00:00:00.0000,  1.491136582111310E+09,  4.611762459573070E+09, -5.471193368717146E+07,
2450410.500000000, A.D. 1996-Nov-23 00:00:00.0000,  1.490670419435329E+09,  4.611907678882624E+09, -5.467367657546616E+07,
2450411.500000000, A.D. 1996-Nov-24 00:00:00.0000,  1.490204243108517E+09,  4.612052859318451E+09, -5.463541898235059E+07,
2450412.500000000, A.D. 1996-Nov-25 00:00:00.0000,  1.489738053134445E+09,  4.612198000882850E+09, -5.459716090794134E+07,
2450413.500000000, A.D. 1996-Nov-26 00:00:00.0000,  1.489271849516496E+09,  4.612343103578135E+09, -5.455890235234237E+07,
2450414.500000000, A.D. 1996-Nov-27 00:00:00.0000,  1.488805632257858E+09,  4.612488167406630E+09, -5.452064331565118E+07,
2450415.500000000, A.D. 1996-Nov-28 00:00:00.0000,  1.488339401361519E+09,  4.612633192370649E+09, -5.448238379795408E+07,
2450416.500000000, A.D. 1996-Nov-29 00:00:00.0000,  1.487873156830263E+09,  4.612778178472495E+09, -5.444412379932714E+07,
2450417.500000000, A.D. 1996-Nov-30 00:00:00.0000,  1.487406898666661E+09,  4.612923125714437E+09, -5.440586331983852E+07,
2450418.500000000, A.D. 1996-Dec-01 00:00:00.0000,  1.486940626873068E+09,  4.613068034098700E+09, -5.436760235954762E+07,
2450419.500000000, A.D. 1996-Dec-02 00:00:00.0000,  1.486474341451622E+09,  4.613212903627443E+09, -5.432934091850662E+07,
2450420.500000000, A.D. 1996-Dec-03 00:00:00.0000,  1.486008042404238E+09,  4.613357734302752E+09, -5.429107899676108E+07,
2450421.500000000, A.D. 1996-Dec-04 00:00:00.0000,  1.485541729732604E+09,  4.613502526126605E+09, -5.425281659434986E+07,
2450422.500000000, A.D. 1996-Dec-05 00:00:00.0000,  1.485075403438188E+09,  4.613647279100859E+09, -5.421455371130991E+07,
2450423.500000000, A.D. 1996-Dec-06 00:00:00.0000,  1.484609063522232E+09,  4.613791993227223E+09, -5.417629034767532E+07,
2450424.500000000, A.D. 1996-Dec-07 00:00:00.0000,  1.484142709985762E+09,  4.613936668507233E+09, -5.413802650348043E+07,
2450425.500000000, A.D. 1996-Dec-08 00:00:00.0000,  1.483676342829590E+09,  4.614081304942221E+09, -5.409976217876339E+07,
2450426.500000000, A.D. 1996-Dec-09 00:00:00.0000,  1.483209962054330E+09,  4.614225902533283E+09, -5.406149737356830E+07,
2450427.500000000, A.D. 1996-Dec-10 00:00:00.0000,  1.482743567660412E+09,  4.614370461281254E+09, -5.402323208795023E+07,
2450428.500000000, A.D. 1996-Dec-11 00:00:00.0000,  1.482277159648103E+09,  4.614514981186661E+09, -5.398496632197785E+07,
2450429.500000000, A.D. 1996-Dec-12 00:00:00.0000,  1.481810738017534E+09,  4.614659462249695E+09, -5.394670007574224E+07,
2450430.500000000, A.D. 1996-Dec-13 00:00:00.0000,  1.481344302768738E+09,  4.614803904470179E+09, -5.390843334935808E+07,
2450431.500000000, A.D. 1996-Dec-14 00:00:00.0000,  1.480877853901698E+09,  4.614948307847523E+09, -5.387016614297438E+07,
2450432.500000000, A.D. 1996-Dec-15 00:00:00.0000,  1.480411391416396E+09,  4.615092672380703E+09, -5.383189845677948E+07,
2450433.500000000, A.D. 1996-Dec-16 00:00:00.0000,  1.479944915312885E+09,  4.615236998068233E+09, -5.379363029101062E+07,
2450434.500000000, A.D. 1996-Dec-17 00:00:00.0000,  1.479478425591365E+09,  4.615381284908143E+09, -5.375536164596152E+07,
2450435.500000000, A.D. 1996-Dec-18 00:00:00.0000,  1.479011922252275E+09,  4.615525532897983E+09, -5.371709252198911E+07,
2450436.500000000, A.D. 1996-Dec-19 00:00:00.0000,  1.478545405296390E+09,  4.615669742034828E+09, -5.367882291952395E+07,
2450437.500000000, A.D. 1996-Dec-20 00:00:00.0000,  1.478078874724930E+09,  4.615813912315316E+09, -5.364055283907652E+07,
2450438.500000000, A.D. 1996-Dec-21 00:00:00.0000,  1.477612330539673E+09,  4.615958043735705E+09, -5.360228228124166E+07,
2450439.500000000, A.D. 1996-Dec-22 00:00:00.0000,  1.477145772743060E+09,  4.616102136291961E+09, -5.356401124670053E+07,
2450440.500000000, A.D. 1996-Dec-23 00:00:00.0000,  1.476679201338297E+09,  4.616246189979874E+09, -5.352573973622203E+07,
2450441.500000000, A.D. 1996-Dec-24 00:00:00.0000,  1.476212616329428E+09,  4.616390204795208E+09, -5.348746775065517E+07,
2450442.500000000, A.D. 1996-Dec-25 00:00:00.0000,  1.475746017721385E+09,  4.616534180733883E+09, -5.344919529091954E+07,
2450443.500000000, A.D. 1996-Dec-26 00:00:00.0000,  1.475279405519997E+09,  4.616678117792165E+09, -5.341092235798931E+07,
2450444.500000000, A.D. 1996-Dec-27 00:00:00.0000,  1.474812779731941E+09,  4.616822015966870E+09, -5.337264895287371E+07,
2450445.500000000, A.D. 1996-Dec-28 00:00:00.0000,  1.474346140364653E+09,  4.616965875255569E+09, -5.333437507658982E+07,
2450446.500000000, A.D. 1996-Dec-29 00:00:00.0000,  1.473879487426184E+09,  4.617109695656760E+09, -5.329610073013568E+07,
2450447.500000000, A.D. 1996-Dec-30 00:00:00.0000,  1.473412820925002E+09,  4.617253477170007E+09, -5.325782591446280E+07,
2450448.500000000, A.D. 1996-Dec-31 00:00:00.0000,  1.472946140869774E+09,  4.617397219796027E+09, -5.321955063044429E+07,
2450449.500000000, A.D. 1997-Jan-01 00:00:00.0000,  1.472479447269124E+09,  4.617540923536719E+09, -5.318127487885237E+07,
2450450.500000000, A.D. 1997-Jan-02 00:00:00.0000,  1.472012740131397E+09,  4.617684588395134E+09, -5.314299866034150E+07,
2450451.500000000, A.D. 1997-Jan-03 00:00:00.0000,  1.471546019464438E+09,  4.617828214375382E+09, -5.310472197543073E+07,
2450452.500000000, A.D. 1997-Jan-04 00:00:00.0000,  1.471079285275411E+09,  4.617971801482503E+09, -5.306644482450151E+07,
2450453.500000000, A.D. 1997-Jan-05 00:00:00.0000,  1.470612537570652E+09,  4.618115349722297E+09, -5.302816720779347E+07,
2450454.500000000, A.D. 1997-Jan-06 00:00:00.0000,  1.470145776355584E+09,  4.618258859101141E+09, -5.298988912541580E+07,
2450455.500000000, A.D. 1997-Jan-07 00:00:00.0000,  1.469679001634661E+09,  4.618402329625808E+09, -5.295161057735419E+07,
2450456.500000000, A.D. 1997-Jan-08 00:00:00.0000,  1.469212213411370E+09,  4.618545761303284E+09, -5.291333156348586E+07,
2450457.500000000, A.D. 1997-Jan-09 00:00:00.0000,  1.468745411688251E+09,  4.618689154140610E+09, -5.287505208359551E+07,
2450458.500000000, A.D. 1997-Jan-10 00:00:00.0000,  1.468278596466960E+09,  4.618832508144747E+09, -5.283677213738942E+07,
2450459.500000000, A.D. 1997-Jan-11 00:00:00.0000,  1.467811767748334E+09,  4.618975823322459E+09, -5.279849172451401E+07,
2450460.500000000, A.D. 1997-Jan-12 00:00:00.0000,  1.467344925532477E+09,  4.619119099680229E+09, -5.276021084456563E+07,
2450461.500000000, A.D. 1997-Jan-13 00:00:00.0000,  1.466878069818843E+09,  4.619262337224196E+09, -5.272192949710989E+07,
2450462.500000000, A.D. 1997-Jan-14 00:00:00.0000,  1.466411200606321E+09,  4.619405535960106E+09, -5.268364768168712E+07,
2450463.500000000, A.D. 1997-Jan-15 00:00:00.0000,  1.465944317893316E+09,  4.619548695893289E+09, -5.264536539782453E+07,
2450464.500000000, A.D. 1997-Jan-16 00:00:00.0000,  1.465477421677823E+09,  4.619691817028640E+09, -5.260708264504266E+07,
2450465.500000000, A.D. 1997-Jan-17 00:00:00.0000,  1.465010511957495E+09,  4.619834899370625E+09, -5.256879942286348E+07,
2450466.500000000, A.D. 1997-Jan-18 00:00:00.0000,  1.464543588729701E+09,  4.619977942923277E+09, -5.253051573081350E+07,
2450467.500000000, A.D. 1997-Jan-19 00:00:00.0000,  1.464076651991574E+09,  4.620120947690212E+09, -5.249223156842852E+07,
2450468.500000000, A.D. 1997-Jan-20 00:00:00.0000,  1.463609701740062E+09,  4.620263913674641E+09, -5.245394693525457E+07,
2450469.500000000, A.D. 1997-Jan-21 00:00:00.0000,  1.463142737971961E+09,  4.620406840879388E+09, -5.241566183085179E+07,
2450470.500000000, A.D. 1997-Jan-22 00:00:00.0000,  1.462675760683946E+09,  4.620549729306909E+09, -5.237737625479484E+07,
2450471.500000000, A.D. 1997-Jan-23 00:00:00.0000,  1.462208769872601E+09,  4.620692578959308E+09, -5.233909020667434E+07,
2450472.500000000, A.D. 1997-Jan-24 00:00:00.0000,  1.461741765534437E+09,  4.620835389838356E+09, -5.230080368609548E+07,
2450473.500000000, A.D. 1997-Jan-25 00:00:00.0000,  1.461274747665914E+09,  4.620978161945513E+09, -5.226251669268107E+07,
2450474.500000000, A.D. 1997-Jan-26 00:00:00.0000,  1.460807716263450E+09,  4.621120895281937E+09, -5.222422922606730E+07,
2450475.500000000, A.D. 1997-Jan-27 00:00:00.0000,  1.460340671323440E+09,  4.621263589848507E+09, -5.218594128590727E+07,
2450476.500000000, A.D. 1997-Jan-28 00:00:00.0000,  1.459873612842262E+09,  4.621406245645832E+09, -5.214765287186861E+07,
2450477.500000000, A.D. 1997-Jan-29 00:00:00.0000,  1.459406540816283E+09,  4.621548862674271E+09, -5.210936398363423E+07,
2450478.500000000, A.D. 1997-Jan-30 00:00:00.0000,  1.458939455241872E+09,  4.621691440933936E+09, -5.207107462089801E+07,
2450479.500000000, A.D. 1997-Jan-31 00:00:00.0000,  1.458472356115397E+09,  4.621833980424715E+09, -5.203278478337145E+07,
2450480.500000000, A.D. 1997-Feb-01 00:00:00.0000,  1.458005243433235E+09,  4.621976481146272E+09, -5.199449447077608E+07,
2450481.500000000, A.D. 1997-Feb-02 00:00:00.0000,  1.457538117191776E+09,  4.622118943098061E+09, -5.195620368284535E+07,
2450482.500000000, A.D. 1997-Feb-03 00:00:00.0000,  1.457070977387417E+09,  4.622261366279336E+09, -5.191791241932607E+07,
2450483.500000000, A.D. 1997-Feb-04 00:00:00.0000,  1.456603824016576E+09,  4.622403750689154E+09, -5.187962067997575E+07,
2450484.500000000, A.D. 1997-Feb-05 00:00:00.0000,  1.456136657075684E+09,  4.622546096326384E+09, -5.184132846456146E+07,
2450485.500000000, A.D. 1997-Feb-06 00:00:00.0000,  1.455669476561191E+09,  4.622688403189715E+09, -5.180303577286172E+07,
2450486.500000000, A.D. 1997-Feb-07 00:00:00.0000,  1.455202282469563E+09,  4.622830671277658E+09, -5.176474260466504E+07,
2450487.500000000, A.D. 1997-Feb-08 00:00:00.0000,  1.454735074797289E+09,  4.622972900588554E+09, -5.172644895976734E+07,
2450488.500000000, A.D. 1997-Feb-09 00:00:00.0000,  1.454267853540874E+09,  4.623115091120574E+09, -5.168815483797550E+07,
2450489.500000000, A.D. 1997-Feb-10 00:00:00.0000,  1.453800618696841E+09,  4.623257242871725E+09, -5.164986023910475E+07,
2450490.500000000, A.D. 1997-Feb-11 00:00:00.0000,  1.453333370261736E+09,  4.623399355839856E+09, -5.161156516297722E+07,
2450491.500000000, A.D. 1997-Feb-12 00:00:00.0000,  1.452866108232121E+09,  4.623541430022656E+09, -5.157326960942554E+07,
2450492.500000000, A.D. 1997-Feb-13 00:00:00.0000,  1.452398832604574E+09,  4.623683465417658E+09, -5.153497357828760E+07,
2450493.500000000, A.D. 1997-Feb-14 00:00:00.0000,  1.451931543375695E+09,  4.623825462022242E+09, -5.149667706941032E+07,
2450494.500000000, A.D. 1997-Feb-15 00:00:00.0000,  1.451464240542098E+09,  4.623967419833631E+09, -5.145838008264732E+07,
2450495.500000000, A.D. 1997-Feb-16 00:00:00.0000,  1.450996924100412E+09,  4.624109338848900E+09, -5.142008261786008E+07,
2450496.500000000, A.D. 1997-Feb-17 00:00:00.0000,  1.450529594047282E+09,  4.624251219064970E+09, -5.138178467491651E+07,
2450497.500000000, A.D. 1997-Feb-18 00:00:00.0000,  1.450062250379366E+09,  4.624393060478609E+09, -5.134348625369167E+07,
2450498.500000000, A.D. 1997-Feb-19 00:00:00.0000,  1.449594893093332E+09,  4.624534863086432E+09, -5.130518735406804E+07,
2450499.500000000, A.D. 1997-Feb-20 00:00:00.0000,  1.449127522185861E+09,  4.624676626884896E+09, -5.126688797593403E+07,
2450500.500000000, A.D. 1997-Feb-21 00:00:00.0000,  1.448660137653641E+09,  4.624818351870304E+09, -5.122858811918616E+07,
2450501.500000000, A.D. 1997-Feb-22 00:00:00.0000,  1.448192739493368E+09,  4.624960038038795E+09, -5.119028778372693E+07,
2450502.500000000, A.D. 1997-Feb-23 00:00:00.0000,  1.447725327701743E+09,  4.625101685386345E+09, -5.115198696946740E+07,
2450503.500000000, A.D. 1997-Feb-24 00:00:00.0000,  1.447257902275471E+09,  4.625243293908757E+09, -5.111368567632508E+07,
2450504.500000000, A.D. 1997-Feb-25 00:00:00.0000,  1.446790463211259E+09,  4.625384863601663E+09, -5.107538390422678E+07,
2450505.500000000, A.D. 1997-Feb-26 00:00:00.0000,  1.446323010505816E+09,  4.625526394460505E+09, -5.103708165310645E+07,
2450506.500000000, A.D. 1997-Feb-27 00:00:00.0000,  1.445855544155850E+09,  4.625667886480539E+09, -5.099877892290831E+07,
2450507.500000000, A.D. 1997-Feb-28 00:00:00.0000,  1.445388064158070E+09,  4.625809339656814E+09, -5.096047571358585E+07,
2450508.500000000, A.D. 1997-Mar-01 00:00:00.0000,  1.444920570509185E+09,  4.625950753984168E+09, -5.092217202510428E+07,
2450509.500000000, A.D. 1997-Mar-02 00:00:00.0000,  1.444453063205905E+09,  4.626092129457210E+09, -5.088386785744095E+07,
2450510.500000000, A.D. 1997-Mar-03 00:00:00.0000,  1.443985542244945E+09,  4.626233466070305E+09, -5.084556321058726E+07,
2450511.500000000, A.D. 1997-Mar-04 00:00:00.0000,  1.443518007623027E+09,  4.626374763817558E+09, -5.080725808455014E+07,
2450512.500000000, A.D. 1997-Mar-05 00:00:00.0000,  1.443050459336892E+09,  4.626516022692794E+09, -5.076895247935581E+07,
2450513.500000000, A.D. 1997-Mar-06 00:00:00.0000,  1.442582897383303E+09,  4.626657242689535E+09, -5.073064639505005E+07,
2450514.500000000, A.D. 1997-Mar-07 00:00:00.0000,  1.442115321759064E+09,  4.626798423800977E+09, -5.069233983170462E+07,
2450515.500000000, A.D. 1997-Mar-08 00:00:00.0000,  1.441647732461036E+09,  4.626939566019959E+09, -5.065403278941751E+07,
2450516.500000000, A.D. 1997-Mar-09 00:00:00.0000,  1.441180129486157E+09,  4.627080669338947E+09, -5.061572526832104E+07,
2450517.500000000, A.D. 1997-Mar-10 00:00:00.0000,  1.440712512831478E+09,  4.627221733749994E+09, -5.057741726858449E+07,
2450518.500000000, A.D. 1997-Mar-11 00:00:00.0000,  1.440244882494197E+09,  4.627362759244715E+09, -5.053910879042149E+07,
2450519.500000000, A.D. 1997-Mar-12 00:00:00.0000,  1.439777238471708E+09,  4.627503745814264E+09, -5.050079983409500E+07,
2450520.500000000, A.D. 1997-Mar-13 00:00:00.0000,  1.439309580761653E+09,  4.627644693449306E+09, -5.046249039992666E+07,
2450521.500000000, A.D. 1997-Mar-14 00:00:00.0000,  1.438841909361998E+09,  4.627785602140002E+09, -5.042418048830271E+07,
2450522.500000000, A.D. 1997-Mar-15 00:00:00.0000,  1.438374224271105E+09,  4.627926471875996E+09, -5.038587009968472E+07,
2450523.500000000, A.D. 1997-Mar-16 00:00:00.0000,  1.437906525487825E+09,  4.628067302646420E+09, -5.034755923461390E+07,
2450524.500000000, A.D. 1997-Mar-17 00:00:00.0000,  1.437438813011600E+09,  4.628208094439917E+09, -5.030924789372206E+07,
2450525.500000000, A.D. 1997-Mar-18 00:00:00.0000,  1.436971086842570E+09,  4.628348847244678E+09, -5.027093607773709E+07,
2450526.500000000, A.D. 1997-Mar-19 00:00:00.0000,  1.436503346981680E+09,  4.628489561048509E+09, -5.023262378748822E+07,
2450527.500000000, A.D. 1997-Mar-20 00:00:00.0000,  1.436035593430797E+09,  4.628630235838931E+09, -5.019431102390814E+07,
2450528.500000000, A.D. 1997-Mar-21 00:00:00.0000,  1.435567826192796E+09,  4.628770871603299E+09, -5.015599778803205E+07,
2450529.500000000, A.D. 1997-Mar-22 00:00:00.0000,  1.435100045271645E+09,  4.628911468328966E+09, -5.011768408098960E+07,
2450530.500000000, A.D. 1997-Mar-23 00:00:00.0000,  1.434632250672443E+09,  4.629052026003462E+09, -5.007936990399933E+07,
2450531.500000000, A.D. 1997-Mar-24 00:00:00.0000,  1.434164442401431E+09,  4.629192544614701E+09, -5.004105525834608E+07,
2450532.500000000, A.D. 1997-Mar-25 00:00:00.0000,  1.433696620465941E+09,  4.629333024151195E+09, -5.000274014536548E+07,
2450533.500000000, A.D. 1997-Mar-26 00:00:00.0000,  1.433228784874302E+09,  4.629473464602249E+09, -4.996442456641579E+07,
2450534.500000000, A.D. 1997-Mar-27 00:00:00.0000,  1.432760935635689E+09,  4.629613865958157E+09, -4.992610852284861E+07,
2450535.500000000, A.D. 1997-Mar-28 00:00:00.0000,  1.432293072759933E+09,  4.629754228210334E+09, -4.988779201598096E+07,
2450536.500000000, A.D. 1997-Mar-29 00:00:00.0000,  1.431825196257289E+09,  4.629894551351417E+09, -4.984947504706812E+07,
2450537.500000000, A.D. 1997-Mar-30 00:00:00.0000,  1.431357306138195E+09,  4.630034835375291E+09, -4.981115761727715E+07,
2450538.500000000, A.D. 1997-Mar-31 00:00:00.0000,  1.430889402413038E+09,  4.630175080277066E+09, -4.977283972766685E+07,
2450539.500000000, A.D. 1997-Apr-01 00:00:00.0000,  1.430421485091926E+09,  4.630315286052996E+09, -4.973452137917614E+07,
2450540.500000000, A.D. 1997-Apr-02 00:00:00.0000,  1.429953554184508E+09,  4.630455452700342E+09, -4.969620257261825E+07,
2450541.500000000, A.D. 1997-Apr-03 00:00:00.0000,  1.429485609699828E+09,  4.630595580217217E+09, -4.965788330867863E+07,
2450542.500000000, A.D. 1997-Apr-04 00:00:00.0000,  1.429017651646234E+09,  4.630735668602413E+09, -4.961956358792233E+07,
2450543.500000000, A.D. 1997-Apr-05 00:00:00.0000,  1.428549680031320E+09,  4.630875717855211E+09, -4.958124341080546E+07,
2450544.500000000, A.D. 1997-Apr-06 00:00:00.0000,  1.428081694861931E+09,  4.631015727975220E+09, -4.954292277768564E+07,
2450545.500000000, A.D. 1997-Apr-07 00:00:00.0000,  1.427613696144177E+09,  4.631155698962214E+09, -4.950460168884087E+07,
2450546.500000000, A.D. 1997-Apr-08 00:00:00.0000,  1.427145683883489E+09,  4.631295630816014E+09, -4.946628014448047E+07,
2450547.500000000, A.D. 1997-Apr-09 00:00:00.0000,  1.426677658084690E+09,  4.631435523536371E+09, -4.942795814476609E+07,
2450548.500000000, A.D. 1997-Apr-10 00:00:00.0000,  1.426209618752068E+09,  4.631575377122890E+09, -4.938963568982053E+07,
2450549.500000000, A.D. 1997-Apr-11 00:00:00.0000,  1.425741565889459E+09,  4.631715191574970E+09, -4.935131277974272E+07,
2450550.500000000, A.D. 1997-Apr-12 00:00:00.0000,  1.425273499500330E+09,  4.631854966891770E+09, -4.931298941461849E+07,
2450551.500000000, A.D. 1997-Apr-13 00:00:00.0000,  1.424805419587852E+09,  4.631994703072181E+09, -4.927466559452796E+07,
2450552.500000000, A.D. 1997-Apr-14 00:00:00.0000,  1.424337326154967E+09,  4.632134400114822E+09, -4.923634131955576E+07,
2450553.500000000, A.D. 1997-Apr-15 00:00:00.0000,  1.423869219204456E+09,  4.632274058018043E+09, -4.919801658979273E+07,
2450554.500000000, A.D. 1997-Apr-16 00:00:00.0000,  1.423401098738989E+09,  4.632413676779931E+09, -4.915969140534353E+07,
2450555.500000000, A.D. 1997-Apr-17 00:00:00.0000,  1.422932964761171E+09,  4.632553256398333E+09, -4.912136576632881E+07,
2450556.500000000, A.D. 1997-Apr-18 00:00:00.0000,  1.422464817273582E+09,  4.632692796870866E+09, -4.908303967288780E+07,
2450557.500000000, A.D. 1997-Apr-19 00:00:00.0000,  1.421996656278811E+09,  4.632832298194946E+09, -4.904471312517929E+07,
2450558.500000000, A.D. 1997-Apr-20 00:00:00.0000,  1.421528481779475E+09,  4.632971760367810E+09, -4.900638612338161E+07,
2450559.500000000, A.D. 1997-Apr-21 00:00:00.0000,  1.421060293778250E+09,  4.633111183386534E+09, -4.896805866769457E+07,
2450560.500000000, A.D. 1997-Apr-22 00:00:00.0000,  1.420592092277877E+09,  4.633250567248056E+09, -4.892973075833893E+07,
2450561.500000000, A.D. 1997-Apr-23 00:00:00.0000,  1.420123877281183E+09,  4.633389911949204E+09, -4.889140239555550E+07,
2450562.500000000, A.D. 1997-Apr-24 00:00:00.0000,  1.419655648791082E+09,  4.633529217486713E+09, -4.885307357960439E+07,
2450563.500000000, A.D. 1997-Apr-25 00:00:00.0000,  1.419187406810588E+09,  4.633668483857238E+09, -4.881474431076503E+07,
2450564.500000000, A.D. 1997-Apr-26 00:00:00.0000,  1.418719151342813E+09,  4.633807711057384E+09, -4.877641458933473E+07,
2450565.500000000, A.D. 1997-Apr-27 00:00:00.0000,  1.418250882390973E+09,  4.633946899083715E+09, -4.873808441562843E+07,
2450566.500000000, A.D. 1997-Apr-28 00:00:00.0000,  1.417782599958386E+09,  4.634086047932772E+09, -4.869975378997636E+07,
2450567.500000000, A.D. 1997-Apr-29 00:00:00.0000,  1.417314304048470E+09,  4.634225157601084E+09, -4.866142271272445E+07,
2450568.500000000, A.D. 1997-Apr-30 00:00:00.0000,  1.416845994664744E+09,  4.634364228085187E+09, -4.862309118423176E+07,
2450569.500000000, A.D. 1997-May-01 00:00:00.0000,  1.416377671810822E+09,  4.634503259381633E+09, -4.858475920487189E+07,
2450570.500000000, A.D. 1997-May-02 00:00:00.0000,  1.415909335490406E+09,  4.634642251487000E+09, -4.854642677502894E+07,
2450571.500000000, A.D. 1997-May-03 00:00:00.0000,  1.415440985707290E+09,  4.634781204397900E+09, -4.850809389509749E+07,
2450572.500000000, A.D. 1997-May-04 00:00:00.0000,  1.414972622465347E+09,  4.634920118110994E+09, -4.846976056548429E+07,
2450573.500000000, A.D. 1997-May-05 00:00:00.0000,  1.414504245768525E+09,  4.635058992622996E+09, -4.843142678660417E+07,
2450574.500000000, A.D. 1997-May-06 00:00:00.0000,  1.414035855620842E+09,  4.635197827930681E+09, -4.839309255887961E+07,
2450575.500000000, A.D. 1997-May-07 00:00:00.0000,  1.413567452026379E+09,  4.635336624030886E+09, -4.835475788274026E+07,
2450576.500000000, A.D. 1997-May-08 00:00:00.0000,  1.413099034989274E+09,  4.635475380920527E+09, -4.831642275862312E+07,
2450577.500000000, A.D. 1997-May-09 00:00:00.0000,  1.412630604513714E+09,  4.635614098596594E+09, -4.827808718696952E+07,
2450578.500000000, A.D. 1997-May-10 00:00:00.0000,  1.412162160603927E+09,  4.635752777056160E+09, -4.823975116822743E+07,
2450579.500000000, A.D. 1997-May-11 00:00:00.0000,  1.411693703264175E+09,  4.635891416296379E+09, -4.820141470284677E+07,
2450580.500000000, A.D. 1997-May-12 00:00:00.0000,  1.411225232498750E+09,  4.636030016314501E+09, -4.816307779128242E+07,
2450581.500000000, A.D. 1997-May-13 00:00:00.0000,  1.410756748311959E+09,  4.636168577107854E+09, -4.812474043399072E+07,
2450582.500000000, A.D. 1997-May-14 00:00:00.0000,  1.410288250708121E+09,  4.636307098673867E+09, -4.808640263143086E+07,
2450583.500000000, A.D. 1997-May-15 00:00:00.0000,  1.409819739691557E+09,  4.636445581010056E+09, -4.804806438406253E+07,
2450584.500000000, A.D. 1997-May-16 00:00:00.0000,  1.409351215266583E+09,  4.636584024114032E+09, -4.800972569234681E+07,
2450585.500000000, A.D. 1997-May-17 00:00:00.0000,  1.408882677437500E+09,  4.636722427983492E+09, -4.797138655674481E+07,
2450586.500000000, A.D. 1997-May-18 00:00:00.0000,  1.408414126208586E+09,  4.636860792616225E+09, -4.793304697771716E+07,
2450587.500000000, A.D. 1997-May-19 00:00:00.0000,  1.407945561584087E+09,  4.636999118010108E+09, -4.789470695572400E+07,
2450588.500000000, A.D. 1997-May-20 00:00:00.0000,  1.407476983568207E+09,  4.637137404163096E+09, -4.785636649122286E+07,
2450589.500000000, A.D. 1997-May-21 00:00:00.0000,  1.407008392165100E+09,  4.637275651073230E+09, -4.781802558467293E+07,
2450590.500000000, A.D. 1997-May-22 00:00:00.0000,  1.406539787378864E+09,  4.637413858738619E+09, -4.777968423652983E+07,
2450591.500000000, A.D. 1997-May-23 00:00:00.0000,  1.406071169213526E+09,  4.637552027157439E+09, -4.774134244724607E+07,
2450592.500000000, A.D. 1997-May-24 00:00:00.0000,  1.405602537673040E+09,  4.637690156327926E+09, -4.770300021727490E+07,
2450593.500000000, A.D. 1997-May-25 00:00:00.0000,  1.405133892761272E+09,  4.637828246248362E+09, -4.766465754706621E+07,
2450594.500000000, A.D. 1997-May-26 00:00:00.0000,  1.404665234481998E+09,  4.637966296917070E+09, -4.762631443706870E+07,
2450595.500000000, A.D. 1997-May-27 00:00:00.0000,  1.404196562838892E+09,  4.638104308332397E+09, -4.758797088773012E+07,
2450596.500000000, A.D. 1997-May-28 00:00:00.0000,  1.403727877835523E+09,  4.638242280492702E+09, -4.754962689949822E+07,
2450597.500000000, A.D. 1997-May-29 00:00:00.0000,  1.403259179475346E+09,  4.638380213396331E+09, -4.751128247282052E+07,
2450598.500000000, A.D. 1997-May-30 00:00:00.0000,  1.402790467761702E+09,  4.638518107041615E+09, -4.747293760814691E+07,
2450599.500000000, A.D. 1997-May-31 00:00:00.0000,  1.402321742697810E+09,  4.638655961426831E+09, -4.743459230593061E+07,
2450600.500000000, A.D. 1997-Jun-01 00:00:00.0000,  1.401853004286774E+09,  4.638793776550192E+09, -4.739624656663084E+07,
2450601.500000000, A.D. 1997-Jun-02 00:00:00.0000,  1.401384252531580E+09,  4.638931552409811E+09, -4.735790039071178E+07,
2450602.500000000, A.D. 1997-Jun-03 00:00:00.0000,  1.400915487435110E+09,  4.639069289003681E+09, -4.731955377865124E+07,
2450603.500000000, A.D. 1997-Jun-04 00:00:00.0000,  1.400446709000144E+09,  4.639206986329639E+09, -4.728120673094106E+07,
2450604.500000000, A.D. 1997-Jun-05 00:00:00.0000,  1.399977917229388E+09,  4.639344644385340E+09, -4.724285924808955E+07,
2450605.500000000, A.D. 1997-Jun-06 00:00:00.0000,  1.399509112125490E+09,  4.639482263168216E+09, -4.720451133062911E+07,
2450606.500000000, A.D. 1997-Jun-07 00:00:00.0000,  1.399040293691075E+09,  4.639619842675447E+09, -4.716616297912288E+07,
2450607.500000000, A.D. 1997-Jun-08 00:00:00.0000,  1.398571461928787E+09,  4.639757382903934E+09, -4.712781419416618E+07,
2450608.500000000, A.D. 1997-Jun-09 00:00:00.0000,  1.398102616841339E+09,  4.639894883850262E+09, -4.708946497639942E+07,
2450609.500000000, A.D. 1997-Jun-10 00:00:00.0000,  1.397633758431575E+09,  4.640032345510679E+09, -4.705111532651114E+07,
2450610.500000000, A.D. 1997-Jun-11 00:00:00.0000,  1.397164886702547E+09,  4.640169767881087E+09, -4.701276524524832E+07,
2450611.500000000, A.D. 1997-Jun-12 00:00:00.0000,  1.396696001657597E+09,  4.640307150957032E+09, -4.697441473342347E+07,
2450612.500000000, A.D. 1997-Jun-13 00:00:00.0000,  1.396227103300455E+09,  4.640444494733724E+09, -4.693606379192233E+07,
2450613.500000000, A.D. 1997-Jun-14 00:00:00.0000,  1.395758191635340E+09,  4.640581799206071E+09, -4.689771242170954E+07,
2450614.500000000, A.D. 1997-Jun-15 00:00:00.0000,  1.395289266667069E+09,  4.640719064368740E+09, -4.685936062383580E+07,
2450615.500000000, A.D. 1997-Jun-16 00:00:00.0000,  1.394820328401157E+09,  4.640856290216249E+09, -4.682100839943600E+07,
2450616.500000000, A.D. 1997-Jun-17 00:00:00.0000,  1.394351376843911E+09,  4.640993476743083E+09, -4.678265574973059E+07,
2450617.500000000, A.D. 1997-Jun-18 00:00:00.0000,  1.393882412002498E+09,  4.641130623943851E+09, -4.674430267601871E+07,
2450618.500000000, A.D. 1997-Jun-19 00:00:00.0000,  1.393413433884990E+09,  4.641267731813461E+09, -4.670594917966676E+07,
2450619.500000000, A.D. 1997-Jun-20 00:00:00.0000,  1.392944442500357E+09,  4.641404800347318E+09, -4.666759526209259E+07,
2450620.500000000, A.D. 1997-Jun-21 00:00:00.0000,  1.392475437858422E+09,  4.641541829541528E+09, -4.662924092474341E+07,
2450621.500000000, A.D. 1997-Jun-22 00:00:00.0000,  1.392006419969754E+09,  4.641678819393092E+09, -4.659088616907072E+07,
2450622.500000000, A.D. 1997-Jun-23 00:00:00.0000,  1.391537388845517E+09,  4.641815769900093E+09, -4.655253099650145E+07,
2450623.500000000, A.D. 1997-Jun-24 00:00:00.0000,  1.391068344497272E+09,  4.641952681061811E+09, -4.651417540840816E+07,
2450624.500000000, A.D. 1997-Jun-25 00:00:00.0000,  1.390599286936744E+09,  4.642089552878824E+09, -4.647581940608120E+07,
2450625.500000000, A.D. 1997-Jun-26 00:00:00.0000,  1.390130216175581E+09,  4.642226385353020E+09, -4.643746299070477E+07,
2450626.500000000, A.D. 1997-Jun-27 00:00:00.0000,  1.389661132225109E+09,  4.642363178487568E+09, -4.639910616333652E+07,
2450627.500000000, A.D. 1997-Jun-28 00:00:00.0000,  1.389192035096112E+09,  4.642499932286817E+09, -4.636074892489576E+07,
2450628.500000000, A.D. 1997-Jun-29 00:00:00.0000,  1.388722924798647E+09,  4.642636646756166E+09, -4.632239127615404E+07,
2450629.500000000, A.D. 1997-Jun-30 00:00:00.0000,  1.388253801341897E+09,  4.642773321901888E+09, -4.628403321774077E+07,
2450630.500000000, A.D. 1997-Jul-01 00:00:00.0000,  1.387784664734079E+09,  4.642909957730951E+09, -4.624567475014591E+07,
2450631.500000000, A.D. 1997-Jul-02 00:00:00.0000,  1.387315514982397E+09,  4.643046554250826E+09, -4.620731587372994E+07,
2450632.500000000, A.D. 1997-Jul-03 00:00:00.0000,  1.386846352093028E+09,  4.643183111469310E+09, -4.616895658874059E+07,
2450633.500000000, A.D. 1997-Jul-04 00:00:00.0000,  1.386377176071154E+09,  4.643319629394361E+09, -4.613059689532495E+07,
2450634.500000000, A.D. 1997-Jul-05 00:00:00.0000,  1.385907986921011E+09,  4.643456108033971E+09, -4.609223679354739E+07,
2450635.500000000, A.D. 1997-Jul-06 00:00:00.0000,  1.385438784645956E+09,  4.643592547396039E+09, -4.605387628340316E+07,
2450636.500000000, A.D. 1997-Jul-07 00:00:00.0000,  1.384969569248547E+09,  4.643728947488289E+09, -4.601551536483312E+07,
2450637.500000000, A.D. 1997-Jul-08 00:00:00.0000,  1.384500340730626E+09,  4.643865308318206E+09, -4.597715403773642E+07,
2450638.500000000, A.D. 1997-Jul-09 00:00:00.0000,  1.384031099093397E+09,  4.644001629892986E+09, -4.593879230198193E+07,
2450639.500000000, A.D. 1997-Jul-10 00:00:00.0000,  1.383561844337504E+09,  4.644137912219512E+09, -4.590043015741563E+07,
2450640.500000000, A.D. 1997-Jul-11 00:00:00.0000,  1.383092576463100E+09,  4.644274155304329E+09, -4.586206760387015E+07,
2450641.500000000, A.D. 1997-Jul-12 00:00:00.0000,  1.382623295469913E+09,  4.644410359153647E+09, -4.582370464116859E+07,
2450642.500000000, A.D. 1997-Jul-13 00:00:00.0000,  1.382154001357298E+09,  4.644546523773339E+09, -4.578534126912951E+07,
2450643.500000000, A.D. 1997-Jul-14 00:00:00.0000,  1.381684694124286E+09,  4.644682649168951E+09, -4.574697748757291E+07,
2450644.500000000, A.D. 1997-Jul-15 00:00:00.0000,  1.381215373769625E+09,  4.644818735345711E+09, -4.570861329631877E+07,
2450645.500000000, A.D. 1997-Jul-16 00:00:00.0000,  1.380746040291814E+09,  4.644954782308539E+09, -4.567024869519114E+07,
2450646.500000000, A.D. 1997-Jul-17 00:00:00.0000,  1.380276693689133E+09,  4.645090790062077E+09, -4.563188368401885E+07,
2450647.500000000, A.D. 1997-Jul-18 00:00:00.0000,  1.379807333959663E+09,  4.645226758610680E+09, -4.559351826263595E+07,
2450648.500000000, A.D. 1997-Jul-19 00:00:00.0000,  1.379337961101308E+09,  4.645362687958448E+09, -4.555515243088126E+07,
2450649.500000000, A.D. 1997-Jul-20 00:00:00.0000,  1.378868575111810E+09,  4.645498578109240E+09, -4.551678618859887E+07,
2450650.500000000, A.D. 1997-Jul-21 00:00:00.0000,  1.378399175988762E+09,  4.645634429066672E+09, -4.547841953563929E+07,
2450651.500000000, A.D. 1997-Jul-22 00:00:00.0000,  1.377929763729614E+09,  4.645770240834146E+09, -4.544005247185445E+07,
2450652.500000000, A.D. 1997-Jul-23 00:00:00.0000,  1.377460338331687E+09,  4.645906013414853E+09, -4.540168499710369E+07,
2450653.500000000, A.D. 1997-Jul-24 00:00:00.0000,  1.376990899792175E+09,  4.646041746811779E+09, -4.536331711124825E+07,
2450654.500000000, A.D. 1997-Jul-25 00:00:00.0000,  1.376521448108149E+09,  4.646177441027719E+09, -4.532494881415105E+07,
2450655.500000000, A.D. 1997-Jul-26 00:00:00.0000,  1.376051983276563E+09,  4.646313096065280E+09, -4.528658010567904E+07,
2450656.500000000, A.D. 1997-Jul-27 00:00:00.0000,  1.375582505294256E+09,  4.646448711926894E+09, -4.524821098569894E+07,
2450657.500000000, A.D. 1997-Jul-28 00:00:00.0000,  1.375113014157953E+09,  4.646584288614814E+09, -4.520984145407987E+07,
2450658.500000000, A.D. 1997-Jul-29 00:00:00.0000,  1.374643509864266E+09,  4.646719826131124E+09, -4.517147151068997E+07,
2450659.500000000, A.D. 1997-Jul-30 00:00:00.0000,  1.374173992409698E+09,  4.646855324477741E+09, -4.513310115539718E+07,
2450660.500000000, A.D. 1997-Jul-31 00:00:00.0000,  1.373704461790639E+09,  4.646990783656418E+09, -4.509473038806939E+07,
2450661.500000000, A.D. 1997-Aug-01 00:00:00.0000,  1.373234918003371E+09,  4.647126203668742E+09, -4.505635920857215E+07,
2450662.500000000, A.D. 1997-Aug-02 00:00:00.0000,  1.372765361044062E+09,  4.647261584516143E+09, -4.501798761677051E+07,
2450663.500000000, A.D. 1997-Aug-03 00:00:00.0000,  1.372295790908775E+09,  4.647396926199883E+09, -4.497961561252451E+07,
2450664.500000000, A.D. 1997-Aug-04 00:00:00.0000,  1.371826207593459E+09,  4.647532228721071E+09, -4.494124319569516E+07,
2450665.500000000, A.D. 1997-Aug-05 00:00:00.0000,  1.371356611093951E+09,  4.647667492080649E+09, -4.490287036613846E+07,
2450666.500000000, A.D. 1997-Aug-06 00:00:00.0000,  1.370887001405982E+09,  4.647802716279395E+09, -4.486449712370658E+07,
2450667.500000000, A.D. 1997-Aug-07 00:00:00.0000,  1.370417378525166E+09,  4.647937901317928E+09, -4.482612346825004E+07,
2450668.500000000, A.D. 1997-Aug-08 00:00:00.0000,  1.369947742447008E+09,  4.648073047196692E+09, -4.478774939961362E+07,
2450669.500000000, A.D. 1997-Aug-09 00:00:00.0000,  1.369478093166902E+09,  4.648208153915972E+09, -4.474937491763949E+07,
2450670.500000000, A.D. 1997-Aug-10 00:00:00.0000,  1.369008430680125E+09,  4.648343221475874E+09, -4.471100002216578E+07,
2450671.500000000, A.D. 1997-Aug-11 00:00:00.0000,  1.368538754981845E+09,  4.648478249876329E+09, -4.467262471302509E+07,
2450672.500000000, A.D. 1997-Aug-12 00:00:00.0000,  1.368069066067114E+09,  4.648613239117092E+09, -4.463424899004722E+07,
2450673.500000000, A.D. 1997-Aug-13 00:00:00.0000,  1.367599363930868E+09,  4.648748189197731E+09, -4.459587285305619E+07,
2450674.500000000, A.D. 1997-Aug-14 00:00:00.0000,  1.367129648567930E+09,  4.648883100117626E+09, -4.455749630187297E+07,
2450675.500000000, A.D. 1997-Aug-15 00:00:00.0000,  1.366659919973006E+09,  4.649017971875963E+09, -4.451911933631396E+07,
2450676.500000000, A.D. 1997-Aug-16 00:00:00.0000,  1.366190178140688E+09,  4.649152804471726E+09, -4.448074195619106E+07,
2450677.500000000, A.D. 1997-Aug-17 00:00:00.0000,  1.365720423065447E+09,  4.649287597903692E+09, -4.444236416131330E+07,
2450678.500000000, A.D. 1997-Aug-18 00:00:00.0000,  1.365250654741639E+09,  4.649422352170421E+09, -4.440398595148444E+07,
2450679.500000000, A.D. 1997-Aug-19 00:00:00.0000,  1.364780873163502E+09,  4.649557067270246E+09, -4.436560732650757E+07,
2450680.500000000, A.D. 1997-Aug-20 00:00:00.0000,  1.364311078325156E+09,  4.649691743201270E+09, -4.432722828618121E+07,
2450681.500000000, A.D. 1997-Aug-21 00:00:00.0000,  1.363841270220605E+09,  4.649826379961344E+09, -4.428884883030248E+07,
2450682.500000000, A.D. 1997-Aug-22 00:00:00.0000,  1.363371448843732E+09,  4.649960977548068E+09, -4.425046895866752E+07,
2450683.500000000, A.D. 1997-Aug-23 00:00:00.0000,  1.362901614188308E+09,  4.650095535958762E+09, -4.421208867107224E+07,
2450684.500000000, A.D. 1997-Aug-24 00:00:00.0000,  1.362431766247989E+09,  4.650230055190462E+09, -4.417370796731353E+07,
2450685.500000000, A.D. 1997-Aug-25 00:00:00.0000,  1.361961905016322E+09,  4.650364535239899E+09, -4.413532684719062E+07,
2450686.500000000, A.D. 1997-Aug-26 00:00:00.0000,  1.361492030486747E+09,  4.650498976103477E+09, -4.409694531050730E+07,
2450687.500000000, A.D. 1997-Aug-27 00:00:00.0000,  1.361022142652608E+09,  4.650633377777257E+09, -4.405856335707378E+07,
2450688.500000000, A.D. 1997-Aug-28 00:00:00.0000,  1.360552241507155E+09,  4.650767740256932E+09, -4.402018098670864E+07,
2450689.500000000, A.D. 1997-Aug-29 00:00:00.0000,  1.360082327043566E+09,  4.650902063537799E+09, -4.398179819924259E+07,
2450690.500000000, A.D. 1997-Aug-30 00:00:00.0000,  1.359612399254952E+09,  4.651036347614733E+09, -4.394341499452186E+07,
2450691.500000000, A.D. 1997-Aug-31 00:00:00.0000,  1.359142458134387E+09,  4.651170592482162E+09, -4.390503137241125E+07,
2450692.500000000, A.D. 1997-Sep-01 00:00:00.0000,  1.358672503674928E+09,  4.651304798134025E+09, -4.386664733280063E+07,
2450693.500000000, A.D. 1997-Sep-02 00:00:00.0000,  1.358202535869651E+09,  4.651438964563757E+09, -4.382826287560844E+07,
2450694.500000000, A.D. 1997-Sep-03 00:00:00.0000,  1.357732554711691E+09,  4.651573091764242E+09, -4.378987800078964E+07,
2450695.500000000, A.D. 1997-Sep-04 00:00:00.0000,  1.357262560194292E+09,  4.651707179727794E+09, -4.375149270834184E+07,
2450696.500000000, A.D. 1997-Sep-05 00:00:00.0000,  1.356792552310867E+09,  4.651841228446122E+09, -4.371310699831104E+07,
2450697.500000000, A.D. 1997-Sep-06 00:00:00.0000,  1.356322531055068E+09,  4.651975237910317E+09, -4.367472087080264E+07,
2450698.500000000, A.D. 1997-Sep-07 00:00:00.0000,  1.355852496420875E+09,  4.652109208110840E+09, -4.363633432598853E+07,
2450699.500000000, A.D. 1997-Sep-08 00:00:00.0000,  1.355382448402680E+09,  4.652243139037516E+09, -4.359794736411476E+07,
2450700.500000000, A.D. 1997-Sep-09 00:00:00.0000,  1.354912386995401E+09,  4.652377030679562E+09, -4.355955998551083E+07,
2450701.500000000, A.D. 1997-Sep-10 00:00:00.0000,  1.354442312194587E+09,  4.652510883025621E+09, -4.352117219059491E+07,
2450702.500000000, A.D. 1997-Sep-11 00:00:00.0000,  1.353972223996533E+09,  4.652644696063829E+09, -4.348278397988033E+07,
2450703.500000000, A.D. 1997-Sep-12 00:00:00.0000,  1.353502122398393E+09,  4.652778469781916E+09, -4.344439535397744E+07,
2450704.500000000, A.D. 1997-Sep-13 00:00:00.0000,  1.353032007398276E+09,  4.652912204167315E+09, -4.340600631359148E+07,
2450705.500000000, A.D. 1997-Sep-14 00:00:00.0000,  1.352561878995329E+09,  4.653045899207343E+09, -4.336761685951757E+07,
2450706.500000000, A.D. 1997-Sep-15 00:00:00.0000,  1.352091737189774E+09,  4.653179554889362E+09, -4.332922699263048E+07,
2450707.500000000, A.D. 1997-Sep-16 00:00:00.0000,  1.351621581982924E+09,  4.653313171200999E+09, -4.329083671386695E+07,
2450708.500000000, A.D. 1997-Sep-17 00:00:00.0000,  1.351151413377127E+09,  4.653446748130343E+09, -4.325244602420616E+07,
2450709.500000000, A.D. 1997-Sep-18 00:00:00.0000,  1.350681231375680E+09,  4.653580285666153E+09, -4.321405492464232E+07,
2450710.500000000, A.D. 1997-Sep-19 00:00:00.0000,  1.350211035982672E+09,  4.653713783798037E+09, -4.317566341615772E+07,
2450711.500000000, A.D. 1997-Sep-20 00:00:00.0000,  1.349740827202794E+09,  4.653847242516588E+09, -4.313727149969459E+07,
2450712.500000000, A.D. 1997-Sep-21 00:00:00.0000,  1.349270605041117E+09,  4.653980661813476E+09, -4.309887917612410E+07,
2450713.500000000, A.D. 1997-Sep-22 00:00:00.0000,  1.348800369502850E+09,  4.654114041681471E+09, -4.306048644622588E+07,
2450714.500000000, A.D. 1997-Sep-23 00:00:00.0000,  1.348330120593106E+09,  4.654247382114409E+09, -4.302209331066561E+07,
2450715.500000000, A.D. 1997-Sep-24 00:00:00.0000,  1.347859858316688E+09,  4.654380683107115E+09, -4.298369976998639E+07,
2450716.500000000, A.D. 1997-Sep-25 00:00:00.0000,  1.347389582677908E+09,  4.654513944655252E+09, -4.294530582459974E+07,
2450717.500000000, A.D. 1997-Sep-26 00:00:00.0000,  1.346919293680454E+09,  4.654647166755181E+09, -4.290691147478843E+07,
2450718.500000000, A.D. 1997-Sep-27 00:00:00.0000,  1.346448991327300E+09,  4.654780349403759E+09, -4.286851672071171E+07,
2450719.500000000, A.D. 1997-Sep-28 00:00:00.0000,  1.345978675620660E+09,  4.654913492598173E+09, -4.283012156241727E+07,
2450720.500000000, A.D. 1997-Sep-29 00:00:00.0000,  1.345508346561995E+09,  4.655046596335768E+09, -4.279172599985480E+07,
2450721.500000000, A.D. 1997-Sep-30 00:00:00.0000,  1.345038004152036E+09,  4.655179660613886E+09, -4.275333003289175E+07,
2450722.500000000, A.D. 1997-Oct-01 00:00:00.0000,  1.344567648390846E+09,  4.655312685429742E+09, -4.271493366132736E+07,
2450723.500000000, A.D. 1997-Oct-02 00:00:00.0000,  1.344097279277890E+09,  4.655445670780322E+09, -4.267653688491154E+07,
2450724.500000000, A.D. 1997-Oct-03 00:00:00.0000,  1.343626896812122E+09,  4.655578616662295E+09, -4.263813970335555E+07,
2450725.500000000, A.D. 1997-Oct-04 00:00:00.0000,  1.343156500992065E+09,  4.655711523071965E+09, -4.259974211634731E+07,
2450726.500000000, A.D. 1997-Oct-05 00:00:00.0000,  1.342686091815900E+09,  4.655844390005219E+09, -4.256134412356043E+07,
2450727.500000000, A.D. 1997-Oct-06 00:00:00.0000,  1.342215669281544E+09,  4.655977217457522E+09, -4.252294572466397E+07,
2450728.500000000, A.D. 1997-Oct-07 00:00:00.0000,  1.341745233386721E+09,  4.656110005423903E+09, -4.248454691933131E+07,
2450729.500000000, A.D. 1997-Oct-08 00:00:00.0000,  1.341274784129034E+09,  4.656242753898950E+09, -4.244614770724320E+07,
2450730.500000000, A.D. 1997-Oct-09 00:00:00.0000,  1.340804321506016E+09,  4.656375462876837E+09, -4.240774808809566E+07,
2450731.500000000, A.D. 1997-Oct-10 00:00:00.0000,  1.340333845515186E+09,  4.656508132351324E+09, -4.236934806160021E+07,
2450732.500000000, A.D. 1997-Oct-11 00:00:00.0000,  1.339863356154087E+09,  4.656640762315789E+09, -4.233094762748885E+07,
2450733.500000000, A.D. 1997-Oct-12 00:00:00.0000,  1.339392853420326E+09,  4.656773352763240E+09, -4.229254678551507E+07,
2450734.500000000, A.D. 1997-Oct-13 00:00:00.0000,  1.338922337311600E+09,  4.656905903686346E+09, -4.225414553545427E+07,
2450735.500000000, A.D. 1997-Oct-14 00:00:00.0000,  1.338451807825728E+09,  4.657038415077455E+09, -4.221574387710476E+07,
2450736.500000000, A.D. 1997-Oct-15 00:00:00.0000,  1.337981264960663E+09,  4.657170886928617E+09, -4.217734181028843E+07,
2450737.500000000, A.D. 1997-Oct-16 00:00:00.0000,  1.337510708714515E+09,  4.657303319231613E+09, -4.213893933484912E+07,
2450738.500000000, A.D. 1997-Oct-17 00:00:00.0000,  1.337040139085562E+09,  4.657435711977968E+09, -4.210053645065403E+07,
2450739.500000000, A.D. 1997-Oct-18 00:00:00.0000,  1.336569556072258E+09,  4.657568065158976E+09, -4.206213315759373E+07,
2450740.500000000, A.D. 1997-Oct-19 00:00:00.0000,  1.336098959673247E+09,  4.657700378765718E+09, -4.202372945557714E+07,
2450741.500000000, A.D. 1997-Oct-20 00:00:00.0000,  1.335628349887364E+09,  4.657832652789080E+09, -4.198532534453845E+07,
2450742.500000000, A.D. 1997-Oct-21 00:00:00.0000,  1.335157726713643E+09,  4.657964887219771E+09, -4.194692082442904E+07,
2450743.500000000, A.D. 1997-Oct-22 00:00:00.0000,  1.334687090151318E+09,  4.658097082048339E+09, -4.190851589522028E+07,
2450744.500000000, A.D. 1997-Oct-23 00:00:00.0000,  1.334216440199827E+09,  4.658229237265182E+09, -4.187011055690312E+07,
2450745.500000000, A.D. 1997-Oct-24 00:00:00.0000,  1.333745776858811E+09,  4.658361352860565E+09, -4.183170480948687E+07,
2450746.500000000, A.D. 1997-Oct-25 00:00:00.0000,  1.333275100128117E+09,  4.658493428824633E+09, -4.179329865299630E+07,
2450747.500000000, A.D. 1997-Oct-26 00:00:00.0000,  1.332804410007798E+09,  4.658625465147420E+09, -4.175489208747482E+07,
2450748.500000000, A.D. 1997-Oct-27 00:00:00.0000,  1.332333706498109E+09,  4.658757461818863E+09, -4.171648511298060E+07,
2450749.500000000, A.D. 1997-Oct-28 00:00:00.0000,  1.331862989599508E+09,  4.658889418828811E+09, -4.167807772958755E+07,
2450750.500000000, A.D. 1997-Oct-29 00:00:00.0000,  1.331392259312655E+09,  4.659021336167032E+09, -4.163966993738484E+07,
2450751.500000000, A.D. 1997-Oct-30 00:00:00.0000,  1.330921515638409E+09,  4.659153213823229E+09, -4.160126173647428E+07,
2450752.500000000, A.D. 1997-Oct-31 00:00:00.0000,  1.330450758577825E+09,  4.659285051787039E+09, -4.156285312697244E+07,
2450753.500000000, A.D. 1997-Nov-01 00:00:00.0000,  1.329979988132152E+09,  4.659416850048047E+09, -4.152444410900855E+07,
2450754.500000000, A.D. 1997-Nov-02 00:00:00.0000,  1.329509204302831E+09,  4.659548608595793E+09, -4.148603468272400E+07,
2450755.500000000, A.D. 1997-Nov-03 00:00:00.0000,  1.329038407091490E+09,  4.659680327419775E+09, -4.144762484827280E+07,
2450756.500000000, A.D. 1997-Nov-04 00:00:00.0000,  1.328567596499942E+09,  4.659812006509455E+09, -4.140921460581899E+07,
2450757.500000000, A.D. 1997-Nov-05 00:00:00.0000,  1.328096772530181E+09,  4.659943645854271E+09, -4.137080395553946E+07,
2450758.500000000, A.D. 1997-Nov-06 00:00:00.0000,  1.327625935184377E+09,  4.660075245443633E+09, -4.133239289762092E+07,
2450759.500000000, A.D. 1997-Nov-07 00:00:00.0000,  1.327155084464873E+09,  4.660206805266932E+09, -4.129398143226004E+07,
2450760.500000000, A.D. 1997-Nov-08 00:00:00.0000,  1.326684220374179E+09,  4.660338325313548E+09, -4.125556955966473E+07,
2450761.500000000, A.D. 1997-Nov-09 00:00:00.0000,  1.326213342914971E+09,  4.660469805572841E+09, -4.121715728005052E+07,
2450762.500000000, A.D. 1997-Nov-10 00:00:00.0000,  1.325742452090081E+09,  4.660601246034164E+09, -4.117874459364367E+07,
2450763.500000000, A.D. 1997-Nov-11 00:00:00.0000,  1.325271547902495E+09,  4.660732646686863E+09, -4.114033150068021E+07,
2450764.500000000, A.D. 1997-Nov-12 00:00:00.0000,  1.324800630355349E+09,  4.660864007520272E+09, -4.110191800140285E+07,
2450765.500000000, A.D. 1997-Nov-13 00:00:00.0000,  1.324329699451920E+09,  4.660995328523722E+09, -4.106350409606600E+07,
2450766.500000000, A.D. 1997-Nov-14 00:00:00.0000,  1.323858755195624E+09,  4.661126609686530E+09, -4.102508978493118E+07,
2450767.500000000, A.D. 1997-Nov-15 00:00:00.0000,  1.323387797590008E+09,  4.661257850998008E+09, -4.098667506826949E+07,
2450768.500000000, A.D. 1997-Nov-16 00:00:00.0000,  1.322916826638745E+09,  4.661389052447449E+09, -4.094825994636083E+07,
2450769.500000000, A.D. 1997-Nov-17 00:00:00.0000,  1.322445842345631E+09,  4.661520214024129E+09, -4.090984441949511E+07,
2450770.500000000, A.D. 1997-Nov-18 00:00:00.0000,  1.321974844714577E+09,  4.661651335717300E+09, -4.087142848797059E+07,
2450771.500000000, A.D. 1997-Nov-19 00:00:00.0000,  1.321503833749607E+09,  4.661782417516183E+09, -4.083301215209889E+07,
2450772.500000000, A.D. 1997-Nov-20 00:00:00.0000,  1.321032809454851E+09,  4.661913459409952E+09, -4.079459541219974E+07,
2450773.500000000, A.D. 1997-Nov-21 00:00:00.0000,  1.320561771834548E+09,  4.662044461387735E+09, -4.075617826860785E+07,
2450774.500000000, A.D. 1997-Nov-22 00:00:00.0000,  1.320090720893034E+09,  4.662175423438591E+09, -4.071776072166991E+07,
2450775.500000000, A.D. 1997-Nov-23 00:00:00.0000,  1.319619656634756E+09,  4.662306345551497E+09, -4.067934277174973E+07,
2450776.500000000, A.D. 1997-Nov-24 00:00:00.0000,  1.319148579064262E+09,  4.662437227715329E+09, -4.064092441922760E+07,
2450777.500000000, A.D. 1997-Nov-25 00:00:00.0000,  1.318677488186215E+09,  4.662568069918848E+09, -4.060250566450405E+07,
2450778.500000000, A.D. 1997-Nov-26 00:00:00.0000,  1.318206384005398E+09,  4.662698872150670E+09, -4.056408650800323E+07,
2450779.500000000, A.D. 1997-Nov-27 00:00:00.0000,  1.317735266526726E+09,  4.662829634399246E+09, -4.052566695017695E+07,
2450780.500000000, A.D. 1997-Nov-28 00:00:00.0000,  1.317264135755272E+09,  4.662960356652836E+09, -4.048724699150681E+07,
2450781.500000000, A.D. 1997-Nov-29 00:00:00.0000,  1.316792991696284E+09,  4.663091038899480E+09, -4.044882663251209E+07,
2450782.500000000, A.D. 1997-Nov-30 00:00:00.0000,  1.316321834355228E+09,  4.663221681126974E+09, -4.041040587375283E+07,
2450783.500000000, A.D. 1997-Dec-01 00:00:00.0000,  1.315850663737821E+09,  4.663352283322842E+09, -4.037198471583891E+07,
2450784.500000000, A.D. 1997-Dec-02 00:00:00.0000,  1.315379479850091E+09,  4.663482845474315E+09, -4.033356315943384E+07,
2450785.500000000, A.D. 1997-Dec-03 00:00:00.0000,  1.314908282698438E+09,  4.663613367568318E+09, -4.029514120526743E+07,
2450786.500000000, A.D. 1997-Dec-04 00:00:00.0000,  1.314437072289712E+09,  4.663743849591457E+09, -4.025671885413647E+07,
2450787.500000000, A.D. 1997-Dec-05 00:00:00.0000,  1.313965848631293E+09,  4.663874291530028E+09, -4.021829610692096E+07,
2450788.500000000, A.D. 1997-Dec-06 00:00:00.0000,  1.313494611731195E+09,  4.664004693370042E+09, -4.017987296458340E+07,
2450789.500000000, A.D. 1997-Dec-07 00:00:00.0000,  1.313023361598162E+09,  4.664135055097260E+09, -4.014144942818213E+07,
2450790.500000000, A.D. 1997-Dec-08 00:00:00.0000,  1.312552098241781E+09,  4.664265376697273E+09, -4.010302549887013E+07,
2450791.500000000, A.D. 1997-Dec-09 00:00:00.0000,  1.312080821672578E+09,  4.664395658155596E+09, -4.006460117790246E+07,
2450792.500000000, A.D. 1997-Dec-10 00:00:00.0000,  1.311609531902109E+09,  4.664525899457794E+09, -4.002617646662784E+07,
2450793.500000000, A.D. 1997-Dec-11 00:00:00.0000,  1.311138228943031E+09,  4.664656100589648E+09, -3.998775136648774E+07,
2450794.500000000, A.D. 1997-Dec-12 00:00:00.0000,  1.310666912809136E+09,  4.664786261537342E+09, -3.994932587900281E+07,
2450795.500000000, A.D. 1997-Dec-13 00:00:00.0000,  1.310195583515347E+09,  4.664916382287659E+09, -3.991090000575447E+07,
2450796.500000000, A.D. 1997-Dec-14 00:00:00.0000,  1.309724241077662E+09,  4.665046462828201E+09, -3.987247374836707E+07,
2450797.500000000, A.D. 1997-Dec-15 00:00:00.0000,  1.309252885513047E+09,  4.665176503147593E+09, -3.983404710847759E+07,
2450798.500000000, A.D. 1997-Dec-16 00:00:00.0000,  1.308781516839275E+09,  4.665306503235648E+09, -3.979562008770943E+07,
2450799.500000000, A.D. 1997-Dec-17 00:00:00.0000,  1.308310135074726E+09,  4.665436463083528E+09, -3.975719268764067E+07,
2450800.500000000, A.D. 1997-Dec-18 00:00:00.0000,  1.307838740238151E+09,  4.665566382683808E+09, -3.971876490978026E+07,
2450801.500000000, A.D. 1997-Dec-19 00:00:00.0000,  1.307367332348426E+09,  4.665696262030517E+09, -3.968033675553679E+07,
2450802.500000000, A.D. 1997-Dec-20 00:00:00.0000,  1.306895911424304E+09,  4.665826101119099E+09, -3.964190822620654E+07,
2450803.500000000, A.D. 1997-Dec-21 00:00:00.0000,  1.306424477484196E+09,  4.665955899946321E+09, -3.960347932295513E+07,
2450804.500000000, A.D. 1997-Dec-22 00:00:00.0000,  1.305953030545985E+09,  4.666085658510143E+09, -3.956505004681396E+07,
2450805.500000000, A.D. 1997-Dec-23 00:00:00.0000,  1.305481570626876E+09,  4.666215376809555E+09, -3.952662039868236E+07,
2450806.500000000, A.D. 1997-Dec-24 00:00:00.0000,  1.305010097743306E+09,  4.666345054844391E+09, -3.948819037932944E+07,
2450807.500000000, A.D. 1997-Dec-25 00:00:00.0000,  1.304538611910893E+09,  4.666474692615149E+09, -3.944975998940849E+07,
2450808.500000000, A.D. 1997-Dec-26 00:00:00.0000,  1.304067113144424E+09,  4.666604290122825E+09, -3.941132922946978E+07,
2450809.500000000, A.D. 1997-Dec-27 00:00:00.0000,  1.303595601457878E+09,  4.666733847368755E+09, -3.937289809997368E+07,
2450810.500000000, A.D. 1997-Dec-28 00:00:00.0000,  1.303124076864478E+09,  4.666863364354486E+09, -3.933446660130882E+07,
2450811.500000000, A.D. 1997-Dec-29 00:00:00.0000,  1.302652539376753E+09,  4.666992841081664E+09, -3.929603473380423E+07,
2450812.500000000, A.D. 1997-Dec-30 00:00:00.0000,  1.302180989006612E+09,  4.667122277551962E+09, -3.925760249774599E+07,
2450813.500000000, A.D. 1997-Dec-31 00:00:00.0000,  1.301709425765420E+09,  4.667251673767014E+09, -3.921916989338732E+07,
2450814.500000000, A.D. 1998-Jan-01 00:00:00.0000,  1.301237849664076E+09,  4.667381029728376E+09, -3.918073692095923E+07,
2450815.500000000, A.D. 1998-Jan-02 00:00:00.0000,  1.300766260713078E+09,  4.667510345437506E+09, -3.914230358067870E+07,
2450816.500000000, A.D. 1998-Jan-03 00:00:00.0000,  1.300294658922595E+09,  4.667639620895749E+09, -3.910386987275767E+07,
2450817.500000000, A.D. 1998-Jan-04 00:00:00.0000,  1.299823044302517E+09,  4.667768856104342E+09, -3.906543579740691E+07,
2450818.500000000, A.D. 1998-Jan-05 00:00:00.0000,  1.299351416862508E+09,  4.667898051064417E+09, -3.902700135484123E+07,
2450819.500000000, A.D. 1998-Jan-06 00:00:00.0000,  1.298879776612044E+09,  4.668027205777014E+09, -3.898856654527998E+07,
2450820.500000000, A.D. 1998-Jan-07 00:00:00.0000,  1.298408123560452E+09,  4.668156320243097E+09, -3.895013136895299E+07,
2450821.500000000, A.D. 1998-Jan-08 00:00:00.0000,  1.297936457716932E+09,  4.668285394463575E+09, -3.891169582609892E+07,
2450822.500000000, A.D. 1998-Jan-09 00:00:00.0000,  1.297464779090581E+09,  4.668414428439313E+09, -3.887325991696620E+07,
2450823.500000000, A.D. 1998-Jan-10 00:00:00.0000,  1.296993087690411E+09,  4.668543422171158E+09, -3.883482364181447E+07,
2450824.500000000, A.D. 1998-Jan-11 00:00:00.0000,  1.296521383525358E+09,  4.668672375659949E+09, -3.879638700091386E+07,
2450825.500000000, A.D. 1998-Jan-12 00:00:00.0000,  1.296049666604295E+09,  4.668801288906545E+09, -3.875794999454427E+07,
2450826.500000000, A.D. 1998-Jan-13 00:00:00.0000,  1.295577936936032E+09,  4.668930161911831E+09, -3.871951262299514E+07,
2450827.500000000, A.D. 1998-Jan-14 00:00:00.0000,  1.295106194529321E+09,  4.669058994676733E+09, -3.868107488656306E+07,
2450828.500000000, A.D. 1998-Jan-15 00:00:00.0000,  1.294634439392859E+09,  4.669187787202239E+09, -3.864263678555298E+07,
2450829.500000000, A.D. 1998-Jan-16 00:00:00.0000,  1.294162671535283E+09,  4.669316539489406E+09, -3.860419832027698E+07,
2450830.500000000, A.D. 1998-Jan-17 00:00:00.0000,  1.293690890965168E+09,  4.669445251539365E+09, -3.856575949105096E+07,
2450831.500000000, A.D. 1998-Jan-18 00:00:00.0000,  1.293219097691024E+09,  4.669573923353341E+09, -3.852732029819703E+07,
2450832.500000000, A.D. 1998-Jan-19 00:00:00.0000,  1.292747291721293E+09,  4.669702554932652E+09, -3.848888074203873E+07,
2450833.500000000, A.D. 1998-Jan-20 00:00:00.0000,  1.292275473064339E+09,  4.669831146278722E+09, -3.845044082290435E+07,
2450834.500000000, A.D. 1998-Jan-21 00:00:00.0000,  1.291803641728446E+09,  4.669959697393076E+09, -3.841200054112077E+07,
2450835.500000000, A.D. 1998-Jan-22 00:00:00.0000,  1.291331797721808E+09,  4.670088208277358E+09, -3.837355989701772E+07,
2450836.500000000, A.D. 1998-Jan-23 00:00:00.0000,  1.290859941052524E+09,  4.670216678933327E+09, -3.833511889092445E+07,
2450837.500000000, A.D. 1998-Jan-24 00:00:00.0000,  1.290388071728590E+09,  4.670345109362853E+09, -3.829667752316570E+07,
2450838.500000000, A.D. 1998-Jan-25 00:00:00.0000,  1.289916189757894E+09,  4.670473499567936E+09, -3.825823579406810E+07,
2450839.500000000, A.D. 1998-Jan-26 00:00:00.0000,  1.289444295148201E+09,  4.670601849550685E+09, -3.821979370395184E+07,
2450840.500000000, A.D. 1998-Jan-27 00:00:00.0000,  1.288972387907156E+09,  4.670730159313338E+09, -3.818135125313616E+07,
2450841.500000000, A.D. 1998-Jan-28 00:00:00.0000,  1.288500468042267E+09,  4.670858428858248E+09, -3.814290844193435E+07,
2450842.500000000, A.D. 1998-Jan-29 00:00:00.0000,  1.288028535560901E+09,  4.670986658187882E+09, -3.810446527065349E+07,
2450843.500000000, A.D. 1998-Jan-30 00:00:00.0000,  1.287556590470276E+09,  4.671114847304829E+09, -3.806602173959732E+07,
2450844.500000000, A.D. 1998-Jan-31 00:00:00.0000,  1.287084632777452E+09,  4.671242996211782E+09, -3.802757784906125E+07,
2450845.500000000, A.D. 1998-Feb-01 00:00:00.0000,  1.286612662489326E+09,  4.671371104911550E+09, -3.798913359933400E+07,
2450846.500000000, A.D. 1998-Feb-02 00:00:00.0000,  1.286140679612618E+09,  4.671499173407038E+09, -3.795068899069834E+07,
2450847.500000000, A.D. 1998-Feb-03 00:00:00.0000,  1.285668684153870E+09,  4.671627201701255E+09, -3.791224402342653E+07,
2450848.500000000, A.D. 1998-Feb-04 00:00:00.0000,  1.285196676119434E+09,  4.671755189797298E+09, -3.787379869778395E+07,
2450849.500000000, A.D. 1998-Feb-05 00:00:00.0000,  1.284724655515464E+09,  4.671883137698356E+09, -3.783535301402807E+07,
2450850.500000000, A.D. 1998-Feb-06 00:00:00.0000,  1.284252622347912E+09,  4.672011045407690E+09, -3.779690697240543E+07,
2450851.500000000, A.D. 1998-Feb-07 00:00:00.0000,  1.283780576622515E+09,  4.672138912928638E+09, -3.775846057315445E+07,
2450852.500000000, A.D. 1998-Feb-08 00:00:00.0000,  1.283308518344792E+09,  4.672266740264593E+09, -3.772001381650352E+07,
2450853.500000000, A.D. 1998-Feb-09 00:00:00.0000,  1.282836447520033E+09,  4.672394527419004E+09, -3.768156670267248E+07,
2450854.500000000, A.D. 1998-Feb-10 00:00:00.0000,  1.282364364153293E+09,  4.672522274395359E+09, -3.764311923187041E+07,
2450855.500000000, A.D. 1998-Feb-11 00:00:00.0000,  1.281892268249389E+09,  4.672649981197173E+09, -3.760467140429735E+07,
2450856.500000000, A.D. 1998-Feb-12 00:00:00.0000,  1.281420159812886E+09,  4.672777647827978E+09, -3.756622322014499E+07,
2450857.500000000, A.D. 1998-Feb-13 00:00:00.0000,  1.280948038848095E+09,  4.672905274291303E+09, -3.752777467959428E+07,
2450858.500000000, A.D. 1998-Feb-14 00:00:00.0000,  1.280475905359069E+09,  4.673032860590662E+09, -3.748932578281951E+07,
2450859.500000000, A.D. 1998-Feb-15 00:00:00.0000,  1.280003759349594E+09,  4.673160406729535E+09, -3.745087652998710E+07,
2450860.500000000, A.D. 1998-Feb-16 00:00:00.0000,  1.279531600823187E+09,  4.673287912711347E+09, -3.741242692125511E+07,
2450861.500000000, A.D. 1998-Feb-17 00:00:00.0000,  1.279059429783095E+09,  4.673415378539448E+09, -3.737397695677876E+07,
2450862.500000000, A.D. 1998-Feb-18 00:00:00.0000,  1.278587246232292E+09,  4.673542804217089E+09, -3.733552663670802E+07,
2450863.500000000, A.D. 1998-Feb-19 00:00:00.0000,  1.278115050173481E+09,  4.673670189747393E+09, -3.729707596119070E+07,
2450864.500000000, A.D. 1998-Feb-20 00:00:00.0000,  1.277642841609095E+09,  4.673797535133332E+09, -3.725862493037415E+07,
2450865.500000000, A.D. 1998-Feb-21 00:00:00.0000,  1.277170620541311E+09,  4.673924840377695E+09, -3.722017354441047E+07,
2450866.500000000, A.D. 1998-Feb-22 00:00:00.0000,  1.276698386972053E+09,  4.674052105483054E+09, -3.718172180345798E+07,
2450867.500000000, A.D. 1998-Feb-23 00:00:00.0000,  1.276226140903011E+09,  4.674179330451729E+09, -3.714326970768356E+07,
2450868.500000000, A.D. 1998-Feb-24 00:00:00.0000,  1.275753882335664E+09,  4.674306515285753E+09, -3.710481725726986E+07,
2450869.500000000, A.D. 1998-Feb-25 00:00:00.0000,  1.275281611271307E+09,  4.674433659986838E+09, -3.706636445242000E+07,
2450870.500000000, A.D. 1998-Feb-26 00:00:00.0000,  1.274809327711088E+09,  4.674560764556334E+09, -3.702791129336309E+07,
2450871.500000000, A.D. 1998-Feb-27 00:00:00.0000,  1.274337031656054E+09,  4.674687828995194E+09, -3.698945778035998E+07,
2450872.500000000, A.D. 1998-Feb-28 00:00:00.0000,  1.273864723107210E+09,  4.674814853303946E+09, -3.695100391371250E+07,
2450873.500000000, A.D. 1998-Mar-01 00:00:00.0000,  1.273392402065582E+09,  4.674941837482665E+09, -3.691254969377112E+07,
2450874.500000000, A.D. 1998-Mar-02 00:00:00.0000,  1.272920068532300E+09,  4.675068781530954E+09, -3.687409512094235E+07,
2450875.500000000, A.D. 1998-Mar-03 00:00:00.0000,  1.272447722508690E+09,  4.675195685447947E+09, -3.683564019569612E+07,
2450876.500000000, A.D. 1998-Mar-04 00:00:00.0000,  1.271975363996374E+09,  4.675322549232314E+09, -3.679718491857624E+07,
2450877.500000000, A.D. 1998-Mar-05 00:00:00.0000,  1.271502992997373E+09,  4.675449372882307E+09, -3.675872929020500E+07,
2450878.500000000, A.D. 1998-Mar-06 00:00:00.0000,  1.271030609514228E+09,  4.675576156395812E+09, -3.672027331128812E+07,
2450879.500000000, A.D. 1998-Mar-07 00:00:00.0000,  1.270558213550098E+09,  4.675702899770444E+09, -3.668181698261809E+07,
2450880.500000000, A.D. 1998-Mar-08 00:00:00.0000,  1.270085805108859E+09,  4.675829603003668E+09, -3.664336030506921E+07,
2450881.500000000, A.D. 1998-Mar-09 00:00:00.0000,  1.269613384195176E+09,  4.675956266092952E+09, -3.660490327959657E+07,
2450882.500000000, A.D. 1998-Mar-10 00:00:00.0000,  1.269140950814548E+09,  4.676082889035944E+09, -3.656644590722013E+07,
2450883.500000000, A.D. 1998-Mar-11 00:00:00.0000,  1.268668504973301E+09,  4.676209471830671E+09, -3.652798818901062E+07,
2450884.500000000, A.D. 1998-Mar-12 00:00:00.0000,  1.268196046678543E+09,  4.676336014475740E+09, -3.648953012606740E+07,
2450885.500000000, A.D. 1998-Mar-13 00:00:00.0000,  1.267723575938060E+09,  4.676462516970533E+09, -3.645107171949148E+07,
2450886.500000000, A.D. 1998-Mar-14 00:00:00.0000,  1.267251092760161E+09,  4.676588979315384E+09, -3.641261297036028E+07,
2450887.500000000, A.D. 1998-Mar-15 00:00:00.0000,  1.266778597153485E+09,  4.676715401511694E+09, -3.637415387969565E+07,
2450888.500000000, A.D. 1998-Mar-16 00:00:00.0000,  1.266306089126768E+09,  4.676841783562019E+09, -3.633569444843698E+07,
2450889.500000000, A.D. 1998-Mar-17 00:00:00.0000,  1.265833568688608E+09,  4.676968125470092E+09, -3.629723467741728E+07,
2450890.500000000, A.D. 1998-Mar-18 00:00:00.0000,  1.265361035847226E+09,  4.677094427240763E+09, -3.625877456734490E+07,
2450891.500000000, A.D. 1998-Mar-19 00:00:00.0000,  1.264888490610253E+09,  4.677220688879916E+09, -3.622031411879301E+07,
2450892.500000000, A.D. 1998-Mar-20 00:00:00.0000,  1.264415932984555E+09,  4.677346910394328E+09, -3.618185333219099E+07,
2450893.500000000, A.D. 1998-Mar-21 00:00:00.0000,  1.263943362976092E+09,  4.677473091791487E+09, -3.614339220782804E+07,
2450894.500000000, A.D. 1998-Mar-22 00:00:00.0000,  1.263470780589840E+09,  4.677599233079412E+09, -3.610493074585962E+07,
2450895.500000000, A.D. 1998-Mar-23 00:00:00.0000,  1.262998185829749E+09,  4.677725334266469E+09, -3.606646894631886E+07,
2450896.500000000, A.D. 1998-Mar-24 00:00:00.0000,  1.262525578698738E+09,  4.677851395361190E+09, -3.602800680912924E+07,
2450897.500000000, A.D. 1998-Mar-25 00:00:00.0000,  1.262052959198735E+09,  4.677977416372120E+09, -3.598954433412385E+07,
2450898.500000000, A.D. 1998-Mar-26 00:00:00.0000,  1.261580327330732E+09,  4.678103397307674E+09, -3.595108152105641E+07,
2450899.500000000, A.D. 1998-Mar-27 00:00:00.0000,  1.261107683094859E+09,  4.678229338176035E+09, -3.591261836961889E+07,
2450900.500000000, A.D. 1998-Mar-28 00:00:00.0000,  1.260635026490468E+09,  4.678355238985064E+09, -3.587415487945843E+07,
2450901.500000000, A.D. 1998-Mar-29 00:00:00.0000,  1.260162357516219E+09,  4.678481099742240E+09, -3.583569105018473E+07,
2450902.500000000, A.D. 1998-Mar-30 00:00:00.0000,  1.259689676170166E+09,  4.678606920454617E+09, -3.579722688138413E+07,
2450903.500000000, A.D. 1998-Mar-31 00:00:00.0000,  1.259216982449833E+09,  4.678732701128796E+09, -3.575876237262988E+07,
2450904.500000000, A.D. 1998-Apr-01 00:00:00.0000,  1.258744276352293E+09,  4.678858441770912E+09, -3.572029752348518E+07,
2450905.500000000, A.D. 1998-Apr-02 00:00:00.0000,  1.258271557874231E+09,  4.678984142386636E+09, -3.568183233351564E+07,
2450906.500000000, A.D. 1998-Apr-03 00:00:00.0000,  1.257798827012004E+09,  4.679109802981171E+09, -3.564336680228710E+07,
2450907.500000000, A.D. 1998-Apr-04 00:00:00.0000,  1.257326083761693E+09,  4.679235423559267E+09, -3.560490092937279E+07,
2450908.500000000, A.D. 1998-Apr-05 00:00:00.0000,  1.256853328119142E+09,  4.679361004125239E+09, -3.556643471435738E+07,
2450909.500000000, A.D. 1998-Apr-06 00:00:00.0000,  1.256380560080002E+09,  4.679486544682977E+09, -3.552796815683436E+07,
2450910.500000000, A.D. 1998-Apr-07 00:00:00.0000,  1.255907779639758E+09,  4.679612045235960E+09, -3.548950125641060E+07,
2450911.500000000, A.D. 1998-Apr-08 00:00:00.0000,  1.255434986793759E+09,  4.679737505787283E+09, -3.545103401270580E+07,
2450912.500000000, A.D. 1998-Apr-09 00:00:00.0000,  1.254962181537235E+09,  4.679862926339667E+09, -3.541256642535472E+07,
2450913.500000000, A.D. 1998-Apr-10 00:00:00.0000,  1.254489363865321E+09,  4.679988306895477E+09, -3.537409849400330E+07,
2450914.500000000, A.D. 1998-Apr-11 00:00:00.0000,  1.254016533773070E+09,  4.680113647456738E+09, -3.533563021831179E+07,
2450915.500000000, A.D. 1998-Apr-12 00:00:00.0000,  1.253543691255462E+09,  4.680238948025147E+09, -3.529716159795332E+07,
2450916.500000000, A.D. 1998-Apr-13 00:00:00.0000,  1.253070836307424E+09,  4.680364208602096E+09, -3.525869263261366E+07,
2450917.500000000, A.D. 1998-Apr-14 00:00:00.0000,  1.252597968923827E+09,  4.680489429188670E+09, -3.522022332199073E+07,
2450918.500000000, A.D. 1998-Apr-15 00:00:00.0000,  1.252125089099504E+09,  4.680614609785667E+09, -3.518175366579390E+07,
2450919.500000000, A.D. 1998-Apr-16 00:00:00.0000,  1.251652196829249E+09,  4.680739750393608E+09, -3.514328366374326E+07,
2450920.500000000, A.D. 1998-Apr-17 00:00:00.0000,  1.251179292107824E+09,  4.680864851012745E+09, -3.510481331556988E+07,
2450921.500000000, A.D. 1998-Apr-18 00:00:00.0000,  1.250706374929965E+09,  4.680989911643065E+09, -3.506634262101507E+07,
2450922.500000000, A.D. 1998-Apr-19 00:00:00.0000,  1.250233445290380E+09,  4.681114932284307E+09, -3.502787157982850E+07,
2450923.500000000, A.D. 1998-Apr-20 00:00:00.0000,  1.249760503183763E+09,  4.681239912935961E+09, -3.498940019176865E+07,
2450924.500000000, A.D. 1998-Apr-21 00:00:00.0000,  1.249287548604784E+09,  4.681364853597272E+09, -3.495092845660448E+07,
2450925.500000000, A.D. 1998-Apr-22 00:00:00.0000,  1.248814581548098E+09,  4.681489754267253E+09, -3.491245637411070E+07,
2450926.500000000, A.D. 1998-Apr-23 00:00:00.0000,  1.248341602008347E+09,  4.681614614944682E+09, -3.487398394407034E+07,
2450927.500000000, A.D. 1998-Apr-24 00:00:00.0000,  1.247868609980161E+09,  4.681739435628114E+09, -3.483551116627431E+07,
2450928.500000000, A.D. 1998-Apr-25 00:00:00.0000,  1.247395605458157E+09,  4.681864216315874E+09, -3.479703804051995E+07,
2450929.500000000, A.D. 1998-Apr-26 00:00:00.0000,  1.246922588436942E+09,  4.681988957006068E+09, -3.475856456661081E+07,
2450930.500000000, A.D. 1998-Apr-27 00:00:00.0000,  1.246449558911115E+09,  4.682113657696585E+09, -3.472009074435711E+07,
2450931.500000000, A.D. 1998-Apr-28 00:00:00.0000,  1.245976516875268E+09,  4.682238318385093E+09, -3.468161657357526E+07,
2450932.500000000, A.D. 1998-Apr-29 00:00:00.0000,  1.245503462323983E+09,  4.682362939069046E+09, -3.464314205408764E+07,
2450933.500000000, A.D. 1998-Apr-30 00:00:00.0000,  1.245030395251836E+09,  4.682487519745685E+09, -3.460466718572116E+07,
2450934.500000000, A.D. 1998-May-01 00:00:00.0000,  1.244557315653398E+09,  4.682612060412031E+09, -3.456619196830893E+07,
2450935.500000000, A.D. 1998-May-02 00:00:00.0000,  1.244084223523232E+09,  4.682736561064898E+09, -3.452771640169072E+07,
2450936.500000000, A.D. 1998-May-03 00:00:00.0000,  1.243611118855896E+09,  4.682861021700883E+09, -3.448924048570967E+07,
2450937.500000000, A.D. 1998-May-04 00:00:00.0000,  1.243138001645941E+09,  4.682985442316364E+09, -3.445076422021413E+07,
2450938.500000000, A.D. 1998-May-05 00:00:00.0000,  1.242664871887912E+09,  4.683109822907506E+09, -3.441228760505939E+07,
2450939.500000000, A.D. 1998-May-06 00:00:00.0000,  1.242191729576349E+09,  4.683234163470253E+09, -3.437381064010382E+07,
2450940.500000000, A.D. 1998-May-07 00:00:00.0000,  1.241718574705784E+09,  4.683358464000328E+09, -3.433533332521367E+07,
2450941.500000000, A.D. 1998-May-08 00:00:00.0000,  1.241245407270740E+09,  4.683482724493227E+09, -3.429685566025901E+07,
2450942.500000000, A.D. 1998-May-09 00:00:00.0000,  1.240772227265737E+09,  4.683606944944214E+09, -3.425837764511538E+07,
2450943.500000000, A.D. 1998-May-10 00:00:00.0000,  1.240299034685283E+09,  4.683731125348322E+09, -3.421989927966619E+07,
2450944.500000000, A.D. 1998-May-11 00:00:00.0000,  1.239825829523880E+09,  4.683855265700335E+09, -3.418142056380010E+07,
2450945.500000000, A.D. 1998-May-12 00:00:00.0000,  1.239352611776022E+09,  4.683979365994794E+09, -3.414294149741435E+07,
2450946.500000000, A.D. 1998-May-13 00:00:00.0000,  1.238879381436195E+09,  4.684103426225973E+09, -3.410446208041191E+07,
2450947.500000000, A.D. 1998-May-14 00:00:00.0000,  1.238406138498879E+09,  4.684227446387884E+09, -3.406598231270719E+07,
2450948.500000000, A.D. 1998-May-15 00:00:00.0000,  1.237932882958549E+09,  4.684351426474247E+09, -3.402750219422221E+07,
2450949.500000000, A.D. 1998-May-16 00:00:00.0000,  1.237459614809680E+09,  4.684475366478494E+09, -3.398902172489142E+07,
2450950.500000000, A.D. 1998-May-17 00:00:00.0000,  1.236986334046746E+09,  4.684599266393741E+09, -3.395054090466428E+07,
2450951.500000000, A.D. 1998-May-18 00:00:00.0000,  1.236513040664233E+09,  4.684723126212773E+09, -3.391205973350263E+07,
2450952.500000000, A.D. 1998-May-19 00:00:00.0000,  1.236039734656643E+09,  4.684846945928026E+09, -3.387357821138573E+07,
2450953.500000000, A.D. 1998-May-20 00:00:00.0000,  1.235566416018506E+09,  4.684970725531563E+09, -3.383509633831573E+07,
2450954.500000000, A.D. 1998-May-21 00:00:00.0000,  1.235093084744397E+09,  4.685094465015046E+09, -3.379661411431694E+07,
2450955.500000000, A.D. 1998-May-22 00:00:00.0000,  1.234619740828955E+09,  4.685218164369716E+09, -3.375813153944159E+07,
2450956.500000000, A.D. 1998-May-23 00:00:00.0000,  1.234146384266908E+09,  4.685341823586363E+09, -3.371964861377549E+07,
2450957.500000000, A.D. 1998-May-24 00:00:00.0000,  1.233673015053108E+09,  4.685465442655295E+09, -3.368116533744097E+07,
2450958.500000000, A.D. 1998-May-25 00:00:00.0000,  1.233199633182568E+09,  4.685589021566313E+09, -3.364268171060514E+07,
2450959.500000000, A.D. 1998-May-26 00:00:00.0000,  1.232726238650512E+09,  4.685712560308681E+09, -3.360419773348546E+07,
2450960.500000000, A.D. 1998-May-27 00:00:00.0000,  1.232252831452439E+09,  4.685836058871107E+09, -3.356571340635753E+07,
2450961.500000000, A.D. 1998-May-28 00:00:00.0000,  1.231779411584188E+09,  4.685959517241726E+09, -3.352722872956347E+07,
2450962.500000000, A.D. 1998-May-29 00:00:00.0000,  1.231305979042027E+09,  4.686082935408085E+09, -3.348874370351958E+07,
2450963.500000000, A.D. 1998-May-30 00:00:00.0000,  1.230832533822737E+09,  4.686206313357162E+09, -3.345025832872486E+07,
2450964.500000000, A.D. 1998-May-31 00:00:00.0000,  1.230359075923726E+09,  4.686329651075375E+09, -3.341177260576677E+07,
2450965.500000000, A.D. 1998-Jun-01 00:00:00.0000,  1.229885605343132E+09,  4.686452948548637E+09, -3.337328653533244E+07,
2450966.500000000, A.D. 1998-Jun-02 00:00:00.0000,  1.229412122079936E+09,  4.686576205762425E+09, -3.333480011820912E+07,
2450967.500000000, A.D. 1998-Jun-03 00:00:00.0000,  1.228938626134071E+09,  4.686699422701874E+09, -3.329631335528541E+07,
2450968.500000000, A.D. 1998-Jun-04 00:00:00.0000,  1.228465117506520E+09,  4.686822599351916E+09, -3.325782624755383E+07,
2450969.500000000, A.D. 1998-Jun-05 00:00:00.0000,  1.227991596199383E+09,  4.686945735697441E+09, -3.321933879610062E+07,
2450970.500000000, A.D. 1998-Jun-06 00:00:00.0000,  1.227518062215926E+09,  4.687068831723480E+09, -3.318085100209665E+07,
2450971.500000000, A.D. 1998-Jun-07 00:00:00.0000,  1.227044515560571E+09,  4.687191887415419E+09, -3.314236286677742E+07,
2450972.500000000, A.D. 1998-Jun-08 00:00:00.0000,  1.226570956238848E+09,  4.687314902759197E+09, -3.310387439142418E+07,
2450973.500000000, A.D. 1998-Jun-09 00:00:00.0000,  1.226097384257295E+09,  4.687437877741531E+09, -3.306538557733798E+07,
2450974.500000000, A.D. 1998-Jun-10 00:00:00.0000,  1.225623799623294E+09,  4.687560812350071E+09, -3.302689642580748E+07,
2450975.500000000, A.D. 1998-Jun-11 00:00:00.0000,  1.225150202344880E+09,  4.687683706573549E+09, -3.298840693808532E+07,
2450976.500000000, A.D. 1998-Jun-12 00:00:00.0000,  1.224676592430508E+09,  4.687806560401866E+09, -3.294991711535430E+07,
2450977.500000000, A.D. 1998-Jun-13 00:00:00.0000,  1.224202969888812E+09,  4.687929373826103E+09, -3.291142695870876E+07,
2450978.500000000, A.D. 1998-Jun-14 00:00:00.0000,  1.223729334728371E+09,  4.688052146838499E+09, -3.287293646913314E+07,
2450979.500000000, A.D. 1998-Jun-15 00:00:00.0000,  1.223255686957491E+09,  4.688174879432351E+09, -3.283444564748979E+07,
2450980.500000000, A.D. 1998-Jun-16 00:00:00.0000,  1.222782026584029E+09,  4.688297571601884E+09, -3.279595449451470E+07,
2450981.500000000, A.D. 1998-Jun-17 00:00:00.0000,  1.222308353615260E+09,  4.688420223342085E+09, -3.275746301081896E+07,
2450982.500000000, A.D. 1998-Jun-18 00:00:00.0000,  1.221834668057787E+09,  4.688542834648532E+09, -3.271897119689512E+07,
2450983.500000000, A.D. 1998-Jun-19 00:00:00.0000,  1.221360969917502E+09,  4.688665405517202E+09, -3.268047905312729E+07,
2450984.500000000, A.D. 1998-Jun-20 00:00:00.0000,  1.220887259199584E+09,  4.688787935944321E+09, -3.264198657980680E+07,
2450985.500000000, A.D. 1998-Jun-21 00:00:00.0000,  1.220413535908533E+09,  4.688910425926196E+09, -3.260349377714658E+07,
2450986.500000000, A.D. 1998-Jun-22 00:00:00.0000,  1.219939800048222E+09,  4.689032875459105E+09, -3.256500064529681E+07,
2450987.500000000, A.D. 1998-Jun-23 00:00:00.0000,  1.219466051621971E+09,  4.689155284539183E+09, -3.252650718435931E+07,
2450988.500000000, A.D. 1998-Jun-24 00:00:00.0000,  1.218992290632626E+09,  4.689277653162352E+09, -3.248801339440250E+07,
2450989.500000000, A.D. 1998-Jun-25 00:00:00.0000,  1.218518517082642E+09,  4.689399981324270E+09, -3.244951927547407E+07,
2450990.500000000, A.D. 1998-Jun-26 00:00:00.0000,  1.218044730974165E+09,  4.689522269020285E+09, -3.241102482760978E+07,
2450991.500000000, A.D. 1998-Jun-27 00:00:00.0000,  1.217570932309104E+09,  4.689644516245431E+09, -3.237253005084372E+07,
2450992.500000000, A.D. 1998-Jun-28 00:00:00.0000,  1.217097121089209E+09,  4.689766722994407E+09, -3.233403494521475E+07,
2450993.500000000, A.D. 1998-Jun-29 00:00:00.0000,  1.216623297316122E+09,  4.689888889261596E+09, -3.229553951077223E+07,
2450994.500000000, A.D. 1998-Jun-30 00:00:00.0000,  1.216149460991439E+09,  4.690011015041065E+09, -3.225704374757934E+07,
2450995.500000000, A.D. 1998-Jul-01 00:00:00.0000,  1.215675612116755E+09,  4.690133100326594E+09, -3.221854765571880E+07,
2450996.500000000, A.D. 1998-Jul-02 00:00:00.0000,  1.215201750693700E+09,  4.690255145111688E+09, -3.218005123529196E+07,
2450997.500000000, A.D. 1998-Jul-03 00:00:00.0000,  1.214727876723972E+09,  4.690377149389596E+09, -3.214155448642206E+07,
2450998.500000000, A.D. 1998-Jul-04 00:00:00.0000,  1.214253990209366E+09,  4.690499113153352E+09, -3.210305740925431E+07,
2450999.500000000, A.D. 1998-Jul-05 00:00:00.0000,  1.213780091151794E+09,  4.690621036395777E+09, -3.206456000395656E+07,
2451000.500000000, A.D. 1998-Jul-06 00:00:00.0000,  1.213306179553298E+09,  4.690742919109520E+09, -3.202606227071929E+07,
2451001.500000000, A.D. 1998-Jul-07 00:00:00.0000,  1.212832255416070E+09,  4.690864761287068E+09, -3.198756420975423E+07,
2451002.500000000, A.D. 1998-Jul-08 00:00:00.0000,  1.212358318742453E+09,  4.690986562920778E+09, -3.194906582129502E+07,
2451003.500000000, A.D. 1998-Jul-09 00:00:00.0000,  1.211884369534957E+09,  4.691108324002889E+09, -3.191056710559630E+07,
2451004.500000000, A.D. 1998-Jul-10 00:00:00.0000,  1.211410407796254E+09,  4.691230044525542E+09, -3.187206806293201E+07,
2451005.500000000, A.D. 1998-Jul-11 00:00:00.0000,  1.210936433529189E+09,  4.691351724480806E+09, -3.183356869359469E+07,
2451006.500000000, A.D. 1998-Jul-12 00:00:00.0000,  1.210462446736775E+09,  4.691473363860684E+09, -3.179506899789643E+07,
2451007.500000000, A.D. 1998-Jul-13 00:00:00.0000,  1.209988447422197E+09,  4.691594962657136E+09, -3.175656897616410E+07,
2451008.500000000, A.D. 1998-Jul-14 00:00:00.0000,  1.209514435588805E+09,  4.691716520862086E+09, -3.171806862874246E+07,
2451009.500000000, A.D. 1998-Jul-15 00:00:00.0000,  1.209040411240119E+09,  4.691838038467447E+09, -3.167956795599079E+07,
2451010.500000000, A.D. 1998-Jul-16 00:00:00.0000,  1.208566374379821E+09,  4.691959515465116E+09, -3.164106695828223E+07,
2451011.500000000, A.D. 1998-Jul-17 00:00:00.0000,  1.208092325011749E+09,  4.692080951846999E+09, -3.160256563600230E+07,
2451012.500000000, A.D. 1998-Jul-18 00:00:00.0000,  1.207618263139898E+09,  4.692202347605019E+09, -3.156406398954964E+07,
2451013.500000000, A.D. 1998-Jul-19 00:00:00.0000,  1.207144188768413E+09,  4.692323702731115E+09, -3.152556201933432E+07,
2451014.500000000, A.D. 1998-Jul-20 00:00:00.0000,  1.206670101901582E+09,  4.692445017217268E+09, -3.148705972577715E+07,
2451015.500000000, A.D. 1998-Jul-21 00:00:00.0000,  1.206196002543832E+09,  4.692566291055489E+09, -3.144855710930634E+07,
2451016.500000000, A.D. 1998-Jul-22 00:00:00.0000,  1.205721890699724E+09,  4.692687524237844E+09, -3.141005417036223E+07,
2451017.500000000, A.D. 1998-Jul-23 00:00:00.0000,  1.205247766373943E+09,  4.692808716756445E+09, -3.137155090938997E+07,
2451018.500000000, A.D. 1998-Jul-24 00:00:00.0000,  1.204773629571297E+09,  4.692929868603469E+09, -3.133304732684445E+07,
2451019.500000000, A.D. 1998-Jul-25 00:00:00.0000,  1.204299480296704E+09,  4.693050979771151E+09, -3.129454342318535E+07,
2451020.500000000, A.D. 1998-Jul-26 00:00:00.0000,  1.203825318555190E+09,  4.693172050251796E+09, -3.125603919887924E+07,
2451021.500000000, A.D. 1998-Jul-27 00:00:00.0000,  1.203351144351878E+09,  4.693293080037782E+09, -3.121753465439677E+07,
2451022.500000000, A.D. 1998-Jul-28 00:00:00.0000,  1.202876957691985E+09,  4.693414069121556E+09, -3.117902979021406E+07,
2451023.500000000, A.D. 1998-Jul-29 00:00:00.0000,  1.202402758580811E+09,  4.693535017495649E+09, -3.114052460681152E+07,
2451024.500000000, A.D. 1998-Jul-30 00:00:00.0000,  1.201928547023728E+09,  4.693655925152662E+09, -3.110201910467172E+07,
2451025.500000000, A.D. 1998-Jul-31 00:00:00.0000,  1.201454323026182E+09,  4.693776792085281E+09, -3.106351328428102E+07,
2451026.500000000, A.D. 1998-Aug-01 00:00:00.0000,  1.200980086593673E+09,  4.693897618286266E+09, -3.102500714612794E+07,
2451027.500000000, A.D. 1998-Aug-02 00:00:00.0000,  1.200505837731756E+09,  4.694018403748456E+09, -3.098650069070220E+07,
2451028.500000000, A.D. 1998-Aug-03 00:00:00.0000,  1.200031576446027E+09,  4.694139148464769E+09, -3.094799391849661E+07,
2451029.500000000, A.D. 1998-Aug-04 00:00:00.0000,  1.199557302742115E+09,  4.694259852428192E+09, -3.090948683000350E+07,
2451030.500000000, A.D. 1998-Aug-05 00:00:00.0000,  1.199083016625679E+09,  4.694380515631783E+09, -3.087097942571783E+07,
2451031.500000000, A.D. 1998-Aug-06 00:00:00.0000,  1.198608718102389E+09,  4.694501138068662E+09, -3.083247170613503E+07,
2451032.500000000, A.D. 1998-Aug-07 00:00:00.0000,  1.198134407177930E+09,  4.694621719732011E+09, -3.079396367175150E+07,
2451033.500000000, A.D. 1998-Aug-08 00:00:00.0000,  1.197660083857982E+09,  4.694742260615055E+09, -3.075545532306314E+07,
2451034.500000000, A.D. 1998-Aug-09 00:00:00.0000,  1.197185748148221E+09,  4.694862760711069E+09, -3.071694666057062E+07,
2451035.500000000, A.D. 1998-Aug-10 00:00:00.0000,  1.196711400054309E+09,  4.694983220013346E+09, -3.067843768477297E+07,
2451036.500000000, A.D. 1998-Aug-11 00:00:00.0000,  1.196237039581884E+09,  4.695103638515203E+09, -3.063992839617467E+07,
2451037.500000000, A.D. 1998-Aug-12 00:00:00.0000,  1.195762666736561E+09,  4.695224016209957E+09, -3.060141879528093E+07,
2451038.500000000, A.D. 1998-Aug-13 00:00:00.0000,  1.195288281523923E+09,  4.695344353090908E+09, -3.056290888260508E+07,
2451039.500000000, A.D. 1998-Aug-14 00:00:00.0000,  1.194813883949522E+09,  4.695464649151318E+09, -3.052439865866280E+07,
2451040.500000000, A.D. 1998-Aug-15 00:00:00.0000,  1.194339474018878E+09,  4.695584904384394E+09, -3.048588812398076E+07,
2451041.500000000, A.D. 1998-Aug-16 00:00:00.0000,  1.193865051737483E+09,  4.695705118783264E+09, -3.044737727909708E+07,
2451042.500000000, A.D. 1998-Aug-17 00:00:00.0000,  1.193390617110809E+09,  4.695825292340941E+09, -3.040886612456036E+07,
2451043.500000000, A.D. 1998-Aug-18 00:00:00.0000,  1.192916170144319E+09,  4.695945425050307E+09, -3.037035466093969E+07,
2451044.500000000, A.D. 1998-Aug-19 00:00:00.0000,  1.192441710843485E+09,  4.696065516904077E+09, -3.033184288882613E+07,
2451045.500000000, A.D. 1998-Aug-20 00:00:00.0000,  1.191967239213816E+09,  4.696185567894759E+09, -3.029333080883431E+07,
2451046.500000000, A.D. 1998-Aug-21 00:00:00.0000,  1.191492755260885E+09,  4.696305578014645E+09, -3.025481842161536E+07,
2451047.500000000, A.D. 1998-Aug-22 00:00:00.0000,  1.191018258990375E+09,  4.696425547255754E+09, -3.021630572785544E+07,
2451048.500000000, A.D. 1998-Aug-23 00:00:00.0000,  1.190543750408133E+09,  4.696545475609830E+09, -3.017779272828841E+07,
2451049.500000000, A.D. 1998-Aug-24 00:00:00.0000,  1.190069229520231E+09,  4.696665363068306E+09, -3.013927942370224E+07,
2451050.500000000, A.D. 1998-Aug-25 00:00:00.0000,  1.189594696333039E+09,  4.696785209622302E+09, -3.010076581494522E+07,
2451051.500000000, A.D. 1998-Aug-26 00:00:00.0000,  1.189120150853317E+09,  4.696905015262620E+09, -3.006225190293407E+07,
2451052.500000000, A.D. 1998-Aug-27 00:00:00.0000,  1.188645593088310E+09,  4.697024779979771E+09, -3.002373768866444E+07,
2451053.500000000, A.D. 1998-Aug-28 00:00:00.0000,  1.188171023045845E+09,  4.697144503764007E+09, -2.998522317321134E+07,
2451054.500000000, A.D. 1998-Aug-29 00:00:00.0000,  1.187696440734444E+09,  4.697264186605398E+09, -2.994670835774040E+07,
2451055.500000000, A.D. 1998-Aug-30 00:00:00.0000,  1.187221846163422E+09,  4.697383828493924E+09, -2.990819324350238E+07,
2451056.500000000, A.D. 1998-Aug-31 00:00:00.0000,  1.186747239342974E+09,  4.697503429419599E+09, -2.986967783183575E+07,
2451057.500000000, A.D. 1998-Sep-01 00:00:00.0000,  1.186272620284241E+09,  4.697622989372634E+09, -2.983116212415767E+07,
2451058.500000000, A.D. 1998-Sep-02 00:00:00.0000,  1.185797988999344E+09,  4.697742508343617E+09, -2.979264612195182E+07,
2451059.500000000, A.D. 1998-Sep-03 00:00:00.0000,  1.185323345501377E+09,  4.697861986323719E+09, -2.975412982675385E+07,
2451060.500000000, A.D. 1998-Sep-04 00:00:00.0000,  1.184848689804344E+09,  4.697981423304890E+09, -2.971561324012518E+07,
2451061.500000000, A.D. 1998-Sep-05 00:00:00.0000,  1.184374021923046E+09,  4.698100819280066E+09, -2.967709636362958E+07,
2451062.500000000, A.D. 1998-Sep-06 00:00:00.0000,  1.183899341872926E+09,  4.698220174243332E+09, -2.963857919880342E+07,
2451063.500000000, A.D. 1998-Sep-07 00:00:00.0000,  1.183424649669853E+09,  4.698339488190058E+09, -2.960006174712467E+07,
2451064.500000000, A.D. 1998-Sep-08 00:00:00.0000,  1.182949945329899E+09,  4.698458761116967E+09, -2.956154400998878E+07,
2451065.500000000, A.D. 1998-Sep-09 00:00:00.0000,  1.182475228869080E+09,  4.698577993022155E+09, -2.952302598868155E+07,
2451066.500000000, A.D. 1998-Sep-10 00:00:00.0000,  1.182000500303125E+09,  4.698697183905050E+09, -2.948450768436027E+07,
2451067.500000000, A.D. 1998-Sep-11 00:00:00.0000,  1.181525759647253E+09,  4.698816333766302E+09, -2.944598909804463E+07,
2451068.500000000, A.D. 1998-Sep-12 00:00:00.0000,  1.181051006915992E+09,  4.698935442607653E+09, -2.940747023060894E+07,
2451069.500000000, A.D. 1998-Sep-13 00:00:00.0000,  1.180576242123040E+09,  4.699054510431757E+09, -2.936895108278418E+07,
2451070.500000000, A.D. 1998-Sep-14 00:00:00.0000,  1.180101465281181E+09,  4.699173537242000E+09, -2.933043165516543E+07,
2451071.500000000, A.D. 1998-Sep-15 00:00:00.0000,  1.179626676402236E+09,  4.699292523042310E+09, -2.929191194822288E+07,
2451072.500000000, A.D. 1998-Sep-16 00:00:00.0000,  1.179151875497062E+09,  4.699411467836986E+09, -2.925339196231413E+07,
2451073.500000000, A.D. 1998-Sep-17 00:00:00.0000,  1.178677062575579E+09,  4.699530371630535E+09, -2.921487169770122E+07,
2451074.500000000, A.D. 1998-Sep-18 00:00:00.0000,  1.178202237646826E+09,  4.699649234427548E+09, -2.917635115456533E+07,
2451075.500000000, A.D. 1998-Sep-19 00:00:00.0000,  1.177727400719025E+09,  4.699768056232585E+09, -2.913783033302236E+07,
2451076.500000000, A.D. 1998-Sep-20 00:00:00.0000,  1.177252551799665E+09,  4.699886837050093E+09, -2.909930923313594E+07,
2451077.500000000, A.D. 1998-Sep-21 00:00:00.0000,  1.176777690895577E+09,  4.700005576884344E+09, -2.906078785493159E+07,
2451078.500000000, A.D. 1998-Sep-22 00:00:00.0000,  1.176302818013012E+09,  4.700124275739392E+09, -2.902226619840240E+07,
2451079.500000000, A.D. 1998-Sep-23 00:00:00.0000,  1.175827933157720E+09,  4.700242933619049E+09, -2.898374426352406E+07,
2451080.500000000, A.D. 1998-Sep-24 00:00:00.0000,  1.175353036335012E+09,  4.700361550526870E+09, -2.894522205025840E+07,
2451081.500000000, A.D. 1998-Sep-25 00:00:00.0000,  1.174878127549825E+09,  4.700480126466149E+09, -2.890669955855870E+07,
2451082.500000000, A.D. 1998-Sep-26 00:00:00.0000,  1.174403206806770E+09,  4.700598661439924E+09, -2.886817678837419E+07,
2451083.500000000, A.D. 1998-Sep-27 00:00:00.0000,  1.173928274110179E+09,  4.700717155450989E+09, -2.882965373965645E+07,
2451084.500000000, A.D. 1998-Sep-28 00:00:00.0000,  1.173453329464143E+09,  4.700835608501897E+09, -2.879113041235566E+07,
2451085.500000000, A.D. 1998-Sep-29 00:00:00.0000,  1.172978372872544E+09,  4.700954020594985E+09, -2.875260680642843E+07,
2451086.500000000, A.D. 1998-Sep-30 00:00:00.0000,  1.172503404339078E+09,  4.701072391732380E+09, -2.871408292183328E+07,
2451087.500000000, A.D. 1998-Oct-01 00:00:00.0000,  1.172028423867281E+09,  4.701190721916022E+09, -2.867555875853395E+07,
2451088.500000000, A.D. 1998-Oct-02 00:00:00.0000,  1.171553431460541E+09,  4.701309011147677E+09, -2.863703431650066E+07,
2451089.500000000, A.D. 1998-Oct-03 00:00:00.0000,  1.171078427122111E+09,  4.701427259428946E+09, -2.859850959570694E+07,
2451090.500000000, A.D. 1998-Oct-04 00:00:00.0000,  1.170603410855126E+09,  4.701545466761284E+09, -2.855998459613037E+07,
2451091.500000000, A.D. 1998-Oct-05 00:00:00.0000,  1.170128382662601E+09,  4.701663633146007E+09, -2.852145931775212E+07,
2451092.500000000, A.D. 1998-Oct-06 00:00:00.0000,  1.169653342547445E+09,  4.701781758584307E+09, -2.848293376055694E+07,
2451093.500000000, A.D. 1998-Oct-07 00:00:00.0000,  1.169178290512458E+09,  4.701899843077261E+09, -2.844440792453241E+07,
2451094.500000000, A.D. 1998-Oct-08 00:00:00.0000,  1.168703226560342E+09,  4.702017886625837E+09, -2.840588180966640E+07,
2451095.500000000, A.D. 1998-Oct-09 00:00:00.0000,  1.168228150693693E+09,  4.702135889230903E+09, -2.836735541594815E+07,
2451096.500000000, A.D. 1998-Oct-10 00:00:00.0000,  1.167753062915008E+09,  4.702253850893230E+09, -2.832882874336839E+07,
2451097.500000000, A.D. 1998-Oct-11 00:00:00.0000,  1.167277963226686E+09,  4.702371771613503E+09, -2.829030179191566E+07,
2451098.500000000, A.D. 1998-Oct-12 00:00:00.0000,  1.166802851631021E+09,  4.702489651392316E+09, -2.825177456157804E+07,
2451099.500000000, A.D. 1998-Oct-13 00:00:00.0000,  1.166327728130207E+09,  4.702607490230186E+09, -2.821324705234289E+07,
2451100.500000000, A.D. 1998-Oct-14 00:00:00.0000,  1.165852592726336E+09,  4.702725288127544E+09, -2.817471926419258E+07,
2451101.500000000, A.D. 1998-Oct-15 00:00:00.0000,  1.165377445421392E+09,  4.702843045084749E+09, -2.813619119710946E+07,
2451102.500000000, A.D. 1998-Oct-16 00:00:00.0000,  1.164902286217258E+09,  4.702960761102077E+09, -2.809766285107088E+07,
2451103.500000000, A.D. 1998-Oct-17 00:00:00.0000,  1.164427115115702E+09,  4.703078436179728E+09, -2.805913422605062E+07,
2451104.500000000, A.D. 1998-Oct-18 00:00:00.0000,  1.163951932118389E+09,  4.703196070317823E+09, -2.802060532201862E+07,
2451105.500000000, A.D. 1998-Oct-19 00:00:00.0000,  1.163476737226867E+09,  4.703313663516407E+09, -2.798207613893938E+07,
2451106.500000000, A.D. 1998-Oct-20 00:00:00.0000,  1.163001530442572E+09,  4.703431215775442E+09, -2.794354667677212E+07,
2451107.500000000, A.D. 1998-Oct-21 00:00:00.0000,  1.162526311766826E+09,  4.703548727094808E+09, -2.790501693547201E+07,
2451108.500000000, A.D. 1998-Oct-22 00:00:00.0000,  1.162051081200829E+09,  4.703666197474301E+09, -2.786648691498733E+07,
2451109.500000000, A.D. 1998-Oct-23 00:00:00.0000,  1.161575838745663E+09,  4.703783626913629E+09, -2.782795661526132E+07,
2451110.500000000, A.D. 1998-Oct-24 00:00:00.0000,  1.161100584402289E+09,  4.703901015412409E+09, -2.778942603623033E+07,
2451111.500000000, A.D. 1998-Oct-25 00:00:00.0000,  1.160625318171541E+09,  4.704018362970162E+09, -2.775089517782521E+07,
2451112.500000000, A.D. 1998-Oct-26 00:00:00.0000,  1.160150040054129E+09,  4.704135669586310E+09, -2.771236403997016E+07,
2451113.500000000, A.D. 1998-Oct-27 00:00:00.0000,  1.159674750050632E+09,  4.704252935260169E+09, -2.767383262258315E+07,
2451114.500000000, A.D. 1998-Oct-28 00:00:00.0000,  1.159199448161501E+09,  4.704370159990946E+09, -2.763530092557549E+07,
2451115.500000000, A.D. 1998-Oct-29 00:00:00.0000,  1.158724134387051E+09,  4.704487343777729E+09, -2.759676894885254E+07,
2451116.500000000, A.D. 1998-Oct-30 00:00:00.0000,  1.158248808727465E+09,  4.704604486619484E+09, -2.755823669231343E+07,
2451117.500000000, A.D. 1998-Oct-31 00:00:00.0000,  1.157773471182786E+09,  4.704721588515045E+09, -2.751970415585160E+07,
2451118.500000000, A.D. 1998-Nov-01 00:00:00.0000,  1.157298121752921E+09,  4.704838649463101E+09, -2.748117133935380E+07,
2451119.500000000, A.D. 1998-Nov-02 00:00:00.0000,  1.156822760437634E+09,  4.704955669462198E+09, -2.744263824270272E+07,
2451120.500000000, A.D. 1998-Nov-03 00:00:00.0000,  1.156347387236549E+09,  4.705072648510715E+09, -2.740410486577511E+07,
2451121.500000000, A.D. 1998-Nov-04 00:00:00.0000,  1.155872002149146E+09,  4.705189586606859E+09, -2.736557120844460E+07,
2451122.500000000, A.D. 1998-Nov-05 00:00:00.0000,  1.155396605174761E+09,  4.705306483748652E+09, -2.732703727058172E+07,
2451123.500000000, A.D. 1998-Nov-06 00:00:00.0000,  1.154921196312587E+09,  4.705423339933914E+09, -2.728850305205321E+07,
2451124.500000000, A.D. 1998-Nov-07 00:00:00.0000,  1.154445775561674E+09,  4.705540155160244E+09, -2.724996855272627E+07,
2451125.500000000, A.D. 1998-Nov-08 00:00:00.0000,  1.153970342920933E+09,  4.705656929425008E+09, -2.721143377246690E+07,
2451126.500000000, A.D. 1998-Nov-09 00:00:00.0000,  1.153494898389137E+09,  4.705773662725313E+09, -2.717289871114540E+07,
2451127.500000000, A.D. 1998-Nov-10 00:00:00.0000,  1.153019441964928E+09,  4.705890355057987E+09, -2.713436336863399E+07,
2451128.500000000, A.D. 1998-Nov-11 00:00:00.0000,  1.152543973646828E+09,  4.706007006419559E+09, -2.709582774481392E+07,
2451129.500000000, A.D. 1998-Nov-12 00:00:00.0000,  1.152068493433245E+09,  4.706123616806219E+09, -2.705729183957601E+07,
2451130.500000000, A.D. 1998-Nov-13 00:00:00.0000,  1.151593001322494E+09,  4.706240186213807E+09, -2.701875565282273E+07,
2451131.500000000, A.D. 1998-Nov-14 00:00:00.0000,  1.151117497312811E+09,  4.706356714637770E+09, -2.698021918447638E+07,
2451132.500000000, A.D. 1998-Nov-15 00:00:00.0000,  1.150641981402386E+09,  4.706473202073131E+09, -2.694168243448043E+07,
2451133.500000000, A.D. 1998-Nov-16 00:00:00.0000,  1.150166453589392E+09,  4.706589648514462E+09, -2.690314540280771E+07,
2451134.500000000, A.D. 1998-Nov-17 00:00:00.0000,  1.149690913872025E+09,  4.706706053955854E+09, -2.686460808946395E+07,
2451135.500000000, A.D. 1998-Nov-18 00:00:00.0000,  1.149215362248559E+09,  4.706822418390875E+09, -2.682607049449682E+07,
2451136.500000000, A.D. 1998-Nov-19 00:00:00.0000,  1.148739798717400E+09,  4.706938741812551E+09, -2.678753261800289E+07,
2451137.500000000, A.D. 1998-Nov-20 00:00:00.0000,  1.148264223277166E+09,  4.707055024213349E+09, -2.674899446013522E+07,
2451138.500000000, A.D. 1998-Nov-21 00:00:00.0000,  1.147788635926764E+09,  4.707171265585159E+09, -2.671045602111268E+07,
2451139.500000000, A.D. 1998-Nov-22 00:00:00.0000,  1.147313036665491E+09,  4.707287465919302E+09, -2.667191730122685E+07,
2451140.500000000, A.D. 1998-Nov-23 00:00:00.0000,  1.146837425493129E+09,  4.707403625206550E+09, -2.663337830085325E+07,
2451141.500000000, A.D. 1998-Nov-24 00:00:00.0000,  1.146361802410069E+09,  4.707519743437163E+09, -2.659483902045321E+07,
2451142.500000000, A.D. 1998-Nov-25 00:00:00.0000,  1.145886167417411E+09,  4.707635820600967E+09, -2.655629946058106E+07,
2451143.500000000, A.D. 1998-Nov-26 00:00:00.0000,  1.145410520517082E+09,  4.707751856687445E+09, -2.651775962188697E+07,
2451144.500000000, A.D. 1998-Nov-27 00:00:00.0000,  1.144934861711927E+09,  4.707867851685872E+09, -2.647921950511360E+07,
2451145.500000000, A.D. 1998-Nov-28 00:00:00.0000,  1.144459191005782E+09,  4.707983805585471E+09, -2.644067911108899E+07,
2451146.500000000, A.D. 1998-Nov-29 00:00:00.0000,  1.143983508403517E+09,  4.708099718375602E+09, -2.640213844071579E+07,
2451147.500000000, A.D. 1998-Nov-30 00:00:00.0000,  1.143507813911026E+09,  4.708215590045963E+09, -2.636359749495506E+07,
2451148.500000000, A.D. 1998-Dec-01 00:00:00.0000,  1.143032107535180E+09,  4.708331420586801E+09, -2.632505627480221E+07,
2451149.500000000, A.D. 1998-Dec-02 00:00:00.0000,  1.142556389283720E+09,  4.708447209989106E+09, -2.628651478126431E+07,
2451150.500000000, A.D. 1998-Dec-03 00:00:00.0000,  1.142080659165096E+09,  4.708562958244790E+09, -2.624797301532722E+07,
2451151.500000000, A.D. 1998-Dec-04 00:00:00.0000,  1.141604917188272E+09,  4.708678665346811E+09, -2.620943097793102E+07,
2451152.500000000, A.D. 1998-Dec-05 00:00:00.0000,  1.141129163362496E+09,  4.708794331289255E+09, -2.617088866993976E+07,
2451153.500000000, A.D. 1998-Dec-06 00:00:00.0000,  1.140653397697060E+09,  4.708909956067348E+09, -2.613234609211826E+07,
2451154.500000000, A.D. 1998-Dec-07 00:00:00.0000,  1.140177620201066E+09,  4.709025539677420E+09, -2.609380324511671E+07,
2451155.500000000, A.D. 1998-Dec-08 00:00:00.0000,  1.139701830883216E+09,  4.709141082116798E+09, -2.605526012945437E+07,
2451156.500000000, A.D. 1998-Dec-09 00:00:00.0000,  1.139226029751638E+09,  4.709256583383682E+09, -2.601671674552155E+07,
2451157.500000000, A.D. 1998-Dec-10 00:00:00.0000,  1.138750216813757E+09,  4.709372043476960E+09, -2.597817309357524E+07,
2451158.500000000, A.D. 1998-Dec-11 00:00:00.0000,  1.138274392076214E+09,  4.709487462396040E+09, -2.593962917374945E+07,
2451159.500000000, A.D. 1998-Dec-12 00:00:00.0000,  1.137798555544827E+09,  4.709602840140660E+09, -2.590108498606801E+07,
2451160.500000000, A.D. 1998-Dec-13 00:00:00.0000,  1.137322707224597E+09,  4.709718176710722E+09, -2.586254053045511E+07,
2451161.500000000, A.D. 1998-Dec-14 00:00:00.0000,  1.136846847119743E+09,  4.709833472106145E+09, -2.582399580675483E+07,
2451162.500000000, A.D. 1998-Dec-15 00:00:00.0000,  1.136370975233764E+09,  4.709948726326728E+09, -2.578545081474400E+07,
2451163.500000000, A.D. 1998-Dec-16 00:00:00.0000,  1.135895091569506E+09,  4.710063939372057E+09, -2.574690555414844E+07,
2451164.500000000, A.D. 1998-Dec-17 00:00:00.0000,  1.135419196129253E+09,  4.710179111241422E+09, -2.570836002465868E+07,
2451165.500000000, A.D. 1998-Dec-18 00:00:00.0000,  1.134943288914810E+09,  4.710294241933761E+09, -2.566981422593975E+07,
2451166.500000000, A.D. 1998-Dec-19 00:00:00.0000,  1.134467369927583E+09,  4.710409331447627E+09, -2.563126815764356E+07,
2451167.500000000, A.D. 1998-Dec-20 00:00:00.0000,  1.133991439168662E+09,  4.710524379781166E+09, -2.559272181941676E+07,
2451168.500000000, A.D. 1998-Dec-21 00:00:00.0000,  1.133515496638889E+09,  4.710639386932114E+09, -2.555417521091008E+07,
2451169.500000000, A.D. 1998-Dec-22 00:00:00.0000,  1.133039542338927E+09,  4.710754352897788E+09, -2.551562833178043E+07,
2451170.500000000, A.D. 1998-Dec-23 00:00:00.0000,  1.132563576269311E+09,  4.710869277675112E+09, -2.547708118169880E+07,
2451171.500000000, A.D. 1998-Dec-24 00:00:00.0000,  1.132087598430502E+09,  4.710984161260621E+09, -2.543853376035261E+07,
2451172.500000000, A.D. 1998-Dec-25 00:00:00.0000,  1.131611608822924E+09,  4.711099003650485E+09, -2.539998606744742E+07,
2451173.500000000, A.D. 1998-Dec-26 00:00:00.0000,  1.131135607447001E+09,  4.711213804840526E+09, -2.536143810270834E+07,
2451174.500000000, A.D. 1998-Dec-27 00:00:00.0000,  1.130659594303188E+09,  4.711328564826242E+09, -2.532288986588335E+07,
2451175.500000000, A.D. 1998-Dec-28 00:00:00.0000,  1.130183569391992E+09,  4.711443283602834E+09, -2.528434135673976E+07,
2451176.500000000, A.D. 1998-Dec-29 00:00:00.0000,  1.129707532713992E+09,  4.711557961165213E+09, -2.524579257506895E+07,
2451177.500000000, A.D. 1998-Dec-30 00:00:00.0000,  1.129231484269856E+09,  4.711672597508034E+09, -2.520724352068305E+07,
2451178.500000000, A.D. 1998-Dec-31 00:00:00.0000,  1.128755424060356E+09,  4.711787192625715E+09, -2.516869419341660E+07,
2451179.500000000, A.D. 1999-Jan-01 00:00:00.0000,  1.128279352086372E+09,  4.711901746512447E+09, -2.513014459312415E+07,
2451180.500000000, A.D. 1999-Jan-02 00:00:00.0000,  1.127803268348907E+09,  4.712016259162222E+09, -2.509159471968222E+07,
2451181.500000000, A.D. 1999-Jan-03 00:00:00.0000,  1.127327172849086E+09,  4.712130730568840E+09, -2.505304457298613E+07,
2451182.500000000, A.D. 1999-Jan-04 00:00:00.0000,  1.126851065588167E+09,  4.712245160725932E+09, -2.501449415295100E+07,
2451183.500000000, A.D. 1999-Jan-05 00:00:00.0000,  1.126374946567541E+09,  4.712359549626967E+09, -2.497594345950913E+07,
2451184.500000000, A.D. 1999-Jan-06 00:00:00.0000,  1.125898815788732E+09,  4.712473897265274E+09, -2.493739249261451E+07,
2451185.500000000, A.D. 1999-Jan-07 00:00:00.0000,  1.125422673253402E+09,  4.712588203634044E+09, -2.489884125223398E+07,
2451186.500000000, A.D. 1999-Jan-08 00:00:00.0000,  1.124946518963351E+09,  4.712702468726348E+09, -2.486028973835397E+07,
2451187.500000000, A.D. 1999-Jan-09 00:00:00.0000,  1.124470352920515E+09,  4.712816692535147E+09, -2.482173795097542E+07,
2451188.500000000, A.D. 1999-Jan-10 00:00:00.0000,  1.123994175126967E+09,  4.712930875053292E+09, -2.478318589011455E+07,
2451189.500000000, A.D. 1999-Jan-11 00:00:00.0000,  1.123517985584914E+09,  4.713045016273550E+09, -2.474463355580401E+07,
2451190.500000000, A.D. 1999-Jan-12 00:00:00.0000,  1.123041784296700E+09,  4.713159116188598E+09, -2.470608094808793E+07,
2451191.500000000, A.D. 1999-Jan-13 00:00:00.0000,  1.122565571264797E+09,  4.713273174791030E+09, -2.466752806702614E+07,
2451192.500000000, A.D. 1999-Jan-14 00:00:00.0000,  1.122089346491811E+09,  4.713387192073376E+09, -2.462897491269112E+07,
2451193.500000000, A.D. 1999-Jan-15 00:00:00.0000,  1.121613109980475E+09,  4.713501168028093E+09, -2.459042148516774E+07,
2451194.500000000, A.D. 1999-Jan-16 00:00:00.0000,  1.121136861733645E+09,  4.713615102647583E+09, -2.455186778455305E+07,
2451195.500000000, A.D. 1999-Jan-17 00:00:00.0000,  1.120660601754303E+09,  4.713728995924189E+09, -2.451331381095552E+07,
2451196.500000000, A.D. 1999-Jan-18 00:00:00.0000,  1.120184330045548E+09,  4.713842847850205E+09, -2.447475956449676E+07,
2451197.500000000, A.D. 1999-Jan-19 00:00:00.0000,  1.119708046610597E+09,  4.713956658417878E+09, -2.443620504530621E+07,
2451198.500000000, A.D. 1999-Jan-20 00:00:00.0000,  1.119231751452778E+09,  4.714070427619412E+09, -2.439765025352693E+07,
2451199.500000000, A.D. 1999-Jan-21 00:00:00.0000,  1.118755444575530E+09,  4.714184155446970E+09, -2.435909518931127E+07,
2451200.500000000, A.D. 1999-Jan-22 00:00:00.0000,  1.118279125982397E+09,  4.714297841892675E+09, -2.432053985282135E+07,
2451201.500000000, A.D. 1999-Jan-23 00:00:00.0000,  1.117802795677025E+09,  4.714411486948613E+09, -2.428198424422836E+07,
2451202.500000000, A.D. 1999-Jan-24 00:00:00.0000,  1.117326453663156E+09,  4.714525090606837E+09, -2.424342836371541E+07,
2451203.500000000, A.D. 1999-Jan-25 00:00:00.0000,  1.116850099944626E+09,  4.714638652859362E+09, -2.420487221147370E+07,
2451204.500000000, A.D. 1999-Jan-26 00:00:00.0000,  1.116373734525360E+09,  4.714752173698167E+09, -2.416631578770304E+07,
2451205.500000000, A.D. 1999-Jan-27 00:00:00.0000,  1.115897357409366E+09,  4.714865653115191E+09, -2.412775909261370E+07,
2451206.500000000, A.D. 1999-Jan-28 00:00:00.0000,  1.115420968600732E+09,  4.714979091102338E+09, -2.408920212642550E+07,
2451207.500000000, A.D. 1999-Jan-29 00:00:00.0000,  1.114944568103621E+09,  4.715092487651463E+09, -2.405064488936758E+07,
2451208.500000000, A.D. 1999-Jan-30 00:00:00.0000,  1.114468155922265E+09,  4.715205842754373E+09, -2.401208738167810E+07,
2451209.500000000, A.D. 1999-Jan-31 00:00:00.0000,  1.113991732060965E+09,  4.715319156402824E+09, -2.397352960360718E+07,
2451210.500000000, A.D. 1999-Feb-01 00:00:00.0000,  1.113515296524081E+09,  4.715432428588509E+09, -2.393497155541396E+07,
2451211.500000000, A.D. 1999-Feb-02 00:00:00.0000,  1.113038849316033E+09,  4.715545659303047E+09, -2.389641323736978E+07,
2451212.500000000, A.D. 1999-Feb-03 00:00:00.0000,  1.112562390441299E+09,  4.715658848537977E+09, -2.385785464975905E+07,
2451213.500000000, A.D. 1999-Feb-04 00:00:00.0000,  1.112085919904408E+09,  4.715771996284746E+09, -2.381929579287815E+07,
2451214.500000000, A.D. 1999-Feb-05 00:00:00.0000,  1.111609437709948E+09,  4.715885102534689E+09, -2.378073666704059E+07,
2451215.500000000, A.D. 1999-Feb-06 00:00:00.0000,  1.111132943862558E+09,  4.715998167279014E+09, -2.374217727257442E+07,
2451216.500000000, A.D. 1999-Feb-07 00:00:00.0000,  1.110656438366940E+09,  4.716111190508787E+09, -2.370361760982895E+07,
2451217.500000000, A.D. 1999-Feb-08 00:00:00.0000,  1.110179921227866E+09,  4.716224172214907E+09, -2.366505767917538E+07,
2451218.500000000, A.D. 1999-Feb-09 00:00:00.0000,  1.109703392450182E+09,  4.716337112388079E+09, -2.362649748100710E+07,
2451219.500000000, A.D. 1999-Feb-10 00:00:00.0000,  1.109226852038830E+09,  4.716450011018795E+09, -2.358793701575017E+07,
2451220.500000000, A.D. 1999-Feb-11 00:00:00.0000,  1.108750299998868E+09,  4.716562868097306E+09, -2.354937628386140E+07,
2451221.500000000, A.D. 1999-Feb-12 00:00:00.0000,  1.108273736335498E+09,  4.716675683613591E+09, -2.351081528583837E+07,
2451222.500000000, A.D. 1999-Feb-13 00:00:00.0000,  1.107797161054101E+09,  4.716788457557330E+09, -2.347225402222061E+07,
2451223.500000000, A.D. 1999-Feb-14 00:00:00.0000,  1.107320574160285E+09,  4.716901189917879E+09, -2.343369249360132E+07,
2451224.500000000, A.D. 1999-Feb-15 00:00:00.0000,  1.106843975659941E+09,  4.717013880684253E+09, -2.339513070062995E+07,
2451225.500000000, A.D. 1999-Feb-16 00:00:00.0000,  1.106367365559305E+09,  4.717126529845098E+09, -2.335656864402294E+07,
2451226.500000000, A.D. 1999-Feb-17 00:00:00.0000,  1.105890743865043E+09,  4.717239137388700E+09, -2.331800632457089E+07,
2451227.500000000, A.D. 1999-Feb-18 00:00:00.0000,  1.105414110584338E+09,  4.717351703302981E+09, -2.327944374314666E+07,
2451228.500000000, A.D. 1999-Feb-19 00:00:00.0000,  1.104937465724988E+09,  4.717464227575527E+09, -2.324088090071154E+07,
2451229.500000000, A.D. 1999-Feb-20 00:00:00.0000,  1.104460809295511E+09,  4.717576710193637E+09, -2.320231779832196E+07,
2451230.500000000, A.D. 1999-Feb-21 00:00:00.0000,  1.103984141305254E+09,  4.717689151144395E+09, -2.316375443713641E+07,
2451231.500000000, A.D. 1999-Feb-22 00:00:00.0000,  1.103507461764496E+09,  4.717801550414772E+09, -2.312519081841159E+07,
2451232.500000000, A.D. 1999-Feb-23 00:00:00.0000,  1.103030770684532E+09,  4.717913907991762E+09, -2.308662694350410E+07,
2451233.500000000, A.D. 1999-Feb-24 00:00:00.0000,  1.102554068077744E+09,  4.718026223862545E+09, -2.304806281386161E+07,
2451234.500000000, A.D. 1999-Feb-25 00:00:00.0000,  1.102077353957630E+09,  4.718138498014675E+09, -2.300949843101072E+07,
2451235.500000000, A.D. 1999-Feb-26 00:00:00.0000,  1.101600628338795E+09,  4.718250730436289E+09, -2.297093379653955E+07,
2451236.500000000, A.D. 1999-Feb-27 00:00:00.0000,  1.101123891236887E+09,  4.718362921116318E+09, -2.293236891207552E+07,
2451237.500000000, A.D. 1999-Feb-28 00:00:00.0000,  1.100647142668485E+09,  4.718475070044683E+09, -2.289380377925754E+07,
2451238.500000000, A.D. 1999-Mar-01 00:00:00.0000,  1.100170382650931E+09,  4.718587177212475E+09, -2.285523839970970E+07,
2451239.500000000, A.D. 1999-Mar-02 00:00:00.0000,  1.099693611202128E+09,  4.718699242612078E+09, -2.281667277500820E+07,
2451240.500000000, A.D. 1999-Mar-03 00:00:00.0000,  1.099216828340300E+09,  4.718811266237255E+09, -2.277810690665627E+07,
2451241.500000000, A.D. 1999-Mar-04 00:00:00.0000,  1.098740034083746E+09,  4.718923248083160E+09, -2.273954079606056E+07,
2451242.500000000, A.D. 1999-Mar-05 00:00:00.0000,  1.098263228450602E+09,  4.719035188146294E+09, -2.270097444451046E+07,
2451243.500000000, A.D. 1999-Mar-06 00:00:00.0000,  1.097786411458619E+09,  4.719147086424410E+09, -2.266240785316825E+07,
2451244.500000000, A.D. 1999-Mar-07 00:00:00.0000,  1.097309583124993E+09,  4.719258942916373E+09, -2.262384102306581E+07,
2451245.500000000, A.D. 1999-Mar-08 00:00:00.0000,  1.096832743466219E+09,  4.719370757621995E+09, -2.258527395510197E+07,
2451246.500000000, A.D. 1999-Mar-09 00:00:00.0000,  1.096355892498014E+09,  4.719482530541848E+09, -2.254670665005326E+07,
2451247.500000000, A.D. 1999-Mar-10 00:00:00.0000,  1.095879030235266E+09,  4.719594261677093E+09, -2.250813910858297E+07,
2451248.500000000, A.D. 1999-Mar-11 00:00:00.0000,  1.095402156692039E+09,  4.719705951029303E+09, -2.246957133125687E+07,
2451249.500000000, A.D. 1999-Mar-12 00:00:00.0000,  1.094925271881599E+09,  4.719817598600312E+09, -2.243100331855631E+07,
2451250.500000000, A.D. 1999-Mar-13 00:00:00.0000,  1.094448375816466E+09,  4.719929204392101E+09, -2.239243507089496E+07,
2451251.500000000, A.D. 1999-Mar-14 00:00:00.0000,  1.093971468508483E+09,  4.720040768406682E+09, -2.235386658863306E+07,
2451252.500000000, A.D. 1999-Mar-15 00:00:00.0000,  1.093494549968892E+09,  4.720152290646027E+09, -2.231529787209058E+07,
2451253.500000000, A.D. 1999-Mar-16 00:00:00.0000,  1.093017620208411E+09,  4.720263771112010E+09, -2.227672892156076E+07,
2451254.500000000, A.D. 1999-Mar-17 00:00:00.0000,  1.092540679237312E+09,  4.720375209806377E+09, -2.223815973731828E+07,
2451255.500000000, A.D. 1999-Mar-18 00:00:00.0000,  1.092063727065490E+09,  4.720486606730718E+09, -2.219959031962752E+07,
2451256.500000000, A.D. 1999-Mar-19 00:00:00.0000,  1.091586763702529E+09,  4.720597961886460E+09, -2.216102066875315E+07,
2451257.500000000, A.D. 1999-Mar-20 00:00:00.0000,  1.091109789157758E+09,  4.720709275274878E+09, -2.212245078496003E+07,
2451258.500000000, A.D. 1999-Mar-21 00:00:00.0000,  1.090632803440300E+09,  4.720820546897088E+09, -2.208388066851974E+07,
2451259.500000000, A.D. 1999-Mar-22 00:00:00.0000,  1.090155806559115E+09,  4.720931776754077E+09, -2.204531031971478E+07,
2451260.500000000, A.D. 1999-Mar-23 00:00:00.0000,  1.089678798523030E+09,  4.721042964846707E+09, -2.200673973883820E+07,
2451261.500000000, A.D. 1999-Mar-24 00:00:00.0000,  1.089201779340772E+09,  4.721154111175743E+09, -2.196816892619538E+07,
2451262.500000000, A.D. 1999-Mar-25 00:00:00.0000,  1.088724749020987E+09,  4.721265215741867E+09, -2.192959788210511E+07,
2451263.500000000, A.D. 1999-Mar-26 00:00:00.0000,  1.088247707572256E+09,  4.721376278545695E+09, -2.189102660689902E+07,
2451264.500000000, A.D. 1999-Mar-27 00:00:00.0000,  1.087770655003110E+09,  4.721487299587807E+09, -2.185245510092306E+07,
2451265.500000000, A.D. 1999-Mar-28 00:00:00.0000,  1.087293591322037E+09,  4.721598278868753E+09, -2.181388336453414E+07,
2451266.500000000, A.D. 1999-Mar-29 00:00:00.0000,  1.086816516537491E+09,  4.721709216389075E+09, -2.177531139810109E+07,
2451267.500000000, A.D. 1999-Mar-30 00:00:00.0000,  1.086339430657889E+09,  4.721820112149321E+09, -2.173673920200396E+07,
2451268.500000000, A.D. 1999-Mar-31 00:00:00.0000,  1.085862333691619E+09,  4.721930966150061E+09, -2.169816677663279E+07,
2451269.500000000, A.D. 1999-Apr-01 00:00:00.0000,  1.085385225647034E+09,  4.722041778391898E+09, -2.165959412238669E+07,
2451270.500000000, A.D. 1999-Apr-02 00:00:00.0000,  1.084908106532454E+09,  4.722152548875479E+09, -2.162102123967147E+07,
2451271.500000000, A.D. 1999-Apr-03 00:00:00.0000,  1.084430976356160E+09,  4.722263277601507E+09, -2.158244812890029E+07,
2451272.500000000, A.D. 1999-Apr-04 00:00:00.0000,  1.083953835126390E+09,  4.722373964570748E+09, -2.154387479049301E+07,
2451273.500000000, A.D. 1999-Apr-05 00:00:00.0000,  1.083476682851334E+09,  4.722484609784039E+09, -2.150530122487235E+07,
2451274.500000000, A.D. 1999-Apr-06 00:00:00.0000,  1.082999519539130E+09,  4.722595213242292E+09, -2.146672743246484E+07,
2451275.500000000, A.D. 1999-Apr-07 00:00:00.0000,  1.082522345197857E+09,  4.722705774946507E+09, -2.142815341370082E+07,
2451276.500000000, A.D. 1999-Apr-08 00:00:00.0000,  1.082045159835525E+09,  4.722816294897765E+09, -2.138957916901088E+07,
2451277.500000000, A.D. 1999-Apr-09 00:00:00.0000,  1.081567963460073E+09,  4.722926773097244E+09, -2.135100469882798E+07,
2451278.500000000, A.D. 1999-Apr-10 00:00:00.0000,  1.081090756079361E+09,  4.723037209546208E+09, -2.131243000358248E+07,
2451279.500000000, A.D. 1999-Apr-11 00:00:00.0000,  1.080613537701160E+09,  4.723147604246023E+09, -2.127385508370566E+07,
2451280.500000000, A.D. 1999-Apr-12 00:00:00.0000,  1.080136308333147E+09,  4.723257957198146E+09, -2.123527993962550E+07,
2451281.500000000, A.D. 1999-Apr-13 00:00:00.0000,  1.079659067982895E+09,  4.723368268404133E+09, -2.119670457176971E+07,
2451282.500000000, A.D. 1999-Apr-14 00:00:00.0000,  1.079181816657869E+09,  4.723478537865631E+09, -2.115812898055911E+07,
2451283.500000000, A.D. 1999-Apr-15 00:00:00.0000,  1.078704554365413E+09,  4.723588765584387E+09, -2.111955316641307E+07,
2451284.500000000, A.D. 1999-Apr-16 00:00:00.0000,  1.078227281112750E+09,  4.723698951562236E+09, -2.108097712974501E+07,
2451285.500000000, A.D. 1999-Apr-17 00:00:00.0000,  1.077749996906964E+09,  4.723809095801106E+09, -2.104240087096381E+07,
2451286.500000000, A.D. 1999-Apr-18 00:00:00.0000,  1.077272701755001E+09,  4.723919198303007E+09, -2.100382439047146E+07,
2451287.500000000, A.D. 1999-Apr-19 00:00:00.0000,  1.076795395663656E+09,  4.724029259070035E+09, -2.096524768866301E+07,
2451288.500000000, A.D. 1999-Apr-20 00:00:00.0000,  1.076318078639566E+09,  4.724139278104362E+09, -2.092667076592946E+07,
2451289.500000000, A.D. 1999-Apr-21 00:00:00.0000,  1.075840750689204E+09,  4.724249255408233E+09, -2.088809362264991E+07,
2451290.500000000, A.D. 1999-Apr-22 00:00:00.0000,  1.075363411818869E+09,  4.724359190983955E+09, -2.084951625920057E+07,
2451291.500000000, A.D. 1999-Apr-23 00:00:00.0000,  1.074886062034680E+09,  4.724469084833900E+09, -2.081093867594552E+07,
2451292.500000000, A.D. 1999-Apr-24 00:00:00.0000,  1.074408701342564E+09,  4.724578936960484E+09, -2.077236087324286E+07,
2451293.500000000, A.D. 1999-Apr-25 00:00:00.0000,  1.073931329748254E+09,  4.724688747366167E+09, -2.073378285144091E+07,
2451294.500000000, A.D. 1999-Apr-26 00:00:00.0000,  1.073453947257279E+09,  4.724798516053439E+09, -2.069520461087990E+07,
2451295.500000000, A.D. 1999-Apr-27 00:00:00.0000,  1.072976553874955E+09,  4.724908243024810E+09, -2.065662615189195E+07,
2451296.500000000, A.D. 1999-Apr-28 00:00:00.0000,  1.072499149606379E+09,  4.725017928282798E+09, -2.061804747480035E+07,
2451297.500000000, A.D. 1999-Apr-29 00:00:00.0000,  1.072021734456426E+09,  4.725127571829911E+09, -2.057946857992077E+07,
2451298.500000000, A.D. 1999-Apr-30 00:00:00.0000,  1.071544308429737E+09,  4.725237173668639E+09, -2.054088946756005E+07,
2451299.500000000, A.D. 1999-May-01 00:00:00.0000,  1.071066871530718E+09,  4.725346733801427E+09, -2.050231013801932E+07,
2451300.500000000, A.D. 1999-May-02 00:00:00.0000,  1.070589423763536E+09,  4.725456252230663E+09, -2.046373059159398E+07,
2451301.500000000, A.D. 1999-May-03 00:00:00.0000,  1.070111965132112E+09,  4.725565728958657E+09, -2.042515082857275E+07,
2451302.500000000, A.D. 1999-May-04 00:00:00.0000,  1.069634495640125E+09,  4.725675163987613E+09, -2.038657084924364E+07,
2451303.500000000, A.D. 1999-May-05 00:00:00.0000,  1.069157015291009E+09,  4.725784557319605E+09, -2.034799065389109E+07,
2451304.500000000, A.D. 1999-May-06 00:00:00.0000,  1.068679524087959E+09,  4.725893908956553E+09, -2.030941024280024E+07,
2451305.500000000, A.D. 1999-May-07 00:00:00.0000,  1.068202022033937E+09,  4.726003218900190E+09, -2.027082961626148E+07,
2451306.500000000, A.D. 1999-May-08 00:00:00.0000,  1.067724509131683E+09,  4.726112487152033E+09, -2.023224877457142E+07,
2451307.500000000, A.D. 1999-May-09 00:00:00.0000,  1.067246985383729E+09,  4.726221713713341E+09, -2.019366771803594E+07,
2451308.500000000, A.D. 1999-May-10 00:00:00.0000,  1.066769450792426E+09,  4.726330898585087E+09, -2.015508644697809E+07,
2451309.500000000, A.D. 1999-May-11 00:00:00.0000,  1.066291905359967E+09,  4.726440041767920E+09, -2.011650496174049E+07,
2451310.500000000, A.D. 1999-May-12 00:00:00.0000,  1.065814349088430E+09,  4.726549143262130E+09, -2.007792326269412E+07,
2451311.500000000, A.D. 1999-May-13 00:00:00.0000,  1.065336781979821E+09,  4.726658203067608E+09, -2.003934135024118E+07,
2451312.500000000, A.D. 1999-May-14 00:00:00.0000,  1.064859204036134E+09,  4.726767221183823E+09, -2.000075922482634E+07,
2451313.500000000, A.D. 1999-May-15 00:00:00.0000,  1.064381615259418E+09,  4.726876197609791E+09, -1.996217688694239E+07,
2451314.500000000, A.D. 1999-May-16 00:00:00.0000,  1.063904015651860E+09,  4.726985132344069E+09, -1.992359433713889E+07,
2451315.500000000, A.D. 1999-May-17 00:00:00.0000,  1.063426405215875E+09,  4.727094025384743E+09, -1.988501157603025E+07,
2451316.500000000, A.D. 1999-May-18 00:00:00.0000,  1.062948783954209E+09,  4.727202876729460E+09, -1.984642860430503E+07,
2451317.500000000, A.D. 1999-May-19 00:00:00.0000,  1.062471151870045E+09,  4.727311686375453E+09, -1.980784542272925E+07,
2451318.500000000, A.D. 1999-May-20 00:00:00.0000,  1.061993508967115E+09,  4.727420454319614E+09, -1.976926203215289E+07,
2451319.500000000, A.D. 1999-May-21 00:00:00.0000,  1.061515855249804E+09,  4.727529180558590E+09, -1.973067843350983E+07,
2451320.500000000, A.D. 1999-May-22 00:00:00.0000,  1.061038190723243E+09,  4.727637865088905E+09, -1.969209462781692E+07,
2451321.500000000, A.D. 1999-May-23 00:00:00.0000,  1.060560515393376E+09,  4.727746507907127E+09, -1.965351061616635E+07,
2451322.500000000, A.D. 1999-May-24 00:00:00.0000,  1.060082829266993E+09,  4.727855109010036E+09, -1.961492639971352E+07,
2451323.500000000, A.D. 1999-May-25 00:00:00.0000,  1.059605132351727E+09,  4.727963668394835E+09, -1.957634197965908E+07,
2451324.500000000, A.D. 1999-May-26 00:00:00.0000,  1.059127424655989E+09,  4.728072186059347E+09, -1.953775735722828E+07,
2451325.500000000, A.D. 1999-May-27 00:00:00.0000,  1.058649706188860E+09,  4.728180662002207E+09, -1.949917253364205E+07,
2451326.500000000, A.D. 1999-May-28 00:00:00.0000,  1.058171976959929E+09,  4.728289096223028E+09, -1.946058751009083E+07,
2451327.500000000, A.D. 1999-May-29 00:00:00.0000,  1.057694236979092E+09,  4.728397488722530E+09, -1.942200228770447E+07,
2451328.500000000, A.D. 1999-May-30 00:00:00.0000,  1.057216486256314E+09,  4.728505839502591E+09, -1.938341686752319E+07,
2451329.500000000, A.D. 1999-May-31 00:00:00.0000,  1.056738724801395E+09,  4.728614148566273E+09, -1.934483125047898E+07,
2451330.500000000, A.D. 1999-Jun-01 00:00:00.0000,  1.056260952623732E+09,  4.728722415917758E+09, -1.930624543737268E+07,
2451331.500000000, A.D. 1999-Jun-02 00:00:00.0000,  1.055783169732112E+09,  4.728830641562253E+09, -1.926765942886639E+07,
2451332.500000000, A.D. 1999-Jun-03 00:00:00.0000,  1.055305376134534E+09,  4.728938825505831E+09, -1.922907322547817E+07,
2451333.500000000, A.D. 1999-Jun-04 00:00:00.0000,  1.054827571838092E+09,  4.729046967755266E+09, -1.919048682758403E+07,
2451334.500000000, A.D. 1999-Jun-05 00:00:00.0000,  1.054349756848885E+09,  4.729155068317842E+09, -1.915190023542595E+07,
2451335.500000000, A.D. 1999-Jun-06 00:00:00.0000,  1.053871931171990E+09,  4.729263127201168E+09, -1.911331344912219E+07,
2451336.500000000, A.D. 1999-Jun-07 00:00:00.0000,  1.053394094811465E+09,  4.729371144412998E+09, -1.907472646868515E+07,
2451337.500000000, A.D. 1999-Jun-08 00:00:00.0000,  1.052916247770387E+09,  4.729479119961088E+09, -1.903613929403281E+07,
2451338.500000000, A.D. 1999-Jun-09 00:00:00.0000,  1.052438390050910E+09,  4.729587053853054E+09, -1.899755192500687E+07,
2451339.500000000, A.D. 1999-Jun-10 00:00:00.0000,  1.051960521654346E+09,  4.729694946096269E+09, -1.895896436138749E+07,
2451340.500000000, A.D. 1999-Jun-11 00:00:00.0000,  1.051482642581241E+09,  4.729802796697783E+09, -1.892037660290813E+07,
2451341.500000000, A.D. 1999-Jun-12 00:00:00.0000,  1.051004752831469E+09,  4.729910605664257E+09, -1.888178864926577E+07,
2451342.500000000, A.D. 1999-Jun-13 00:00:00.0000,  1.050526852404307E+09,  4.730018373001936E+09, -1.884320050013399E+07,
2451343.500000000, A.D. 1999-Jun-14 00:00:00.0000,  1.050048941298521E+09,  4.730126098716609E+09, -1.880461215517068E+07,
2451344.500000000, A.D. 1999-Jun-15 00:00:00.0000,  1.049571019512437E+09,  4.730233782813604E+09, -1.876602361402369E+07,
2451345.500000000, A.D. 1999-Jun-16 00:00:00.0000,  1.049093087044003E+09,  4.730341425297791E+09, -1.872743487633967E+07,
2451346.500000000, A.D. 1999-Jun-17 00:00:00.0000,  1.048615143890846E+09,  4.730449026173576E+09, -1.868884594176602E+07,
2451347.500000000, A.D. 1999-Jun-18 00:00:00.0000,  1.048137190050326E+09,  4.730556585444926E+09, -1.865025680995631E+07,
2451348.500000000, A.D. 1999-Jun-19 00:00:00.0000,  1.047659225519575E+09,  4.730664103115365E+09, -1.861166748056984E+07,
2451349.500000000, A.D. 1999-Jun-20 00:00:00.0000,  1.047181250295533E+09,  4.730771579188008E+09, -1.857307795327663E+07,
2451350.500000000, A.D. 1999-Jun-21 00:00:00.0000,  1.046703264374979E+09,  4.730879013665562E+09, -1.853448822775531E+07,
2451351.500000000, A.D. 1999-Jun-22 00:00:00.0000,  1.046225267754558E+09,  4.730986406550354E+09, -1.849589830369687E+07,
2451352.500000000, A.D. 1999-Jun-23 00:00:00.0000,  1.045747260430800E+09,  4.731093757844339E+09, -1.845730818080139E+07,
2451353.500000000, A.D. 1999-Jun-24 00:00:00.0000,  1.045269242400141E+09,  4.731201067549126E+09, -1.841871785878301E+07,
2451354.500000000, A.D. 1999-Jun-25 00:00:00.0000,  1.044791213658933E+09,  4.731308335665981E+09, -1.838012733736324E+07,
2451355.500000000, A.D. 1999-Jun-26 00:00:00.0000,  1.044313174203460E+09,  4.731415562195850E+09, -1.834153661627650E+07,
2451356.500000000, A.D. 1999-Jun-27 00:00:00.0000,  1.043835124029948E+09,  4.731522747139369E+09, -1.830294569526696E+07,
2451357.500000000, A.D. 1999-Jun-28 00:00:00.0000,  1.043357063134571E+09,  4.731629890496872E+09, -1.826435457408714E+07,
2451358.500000000, A.D. 1999-Jun-29 00:00:00.0000,  1.042878991513459E+09,  4.731736992268410E+09, -1.822576325250053E+07,
2451359.500000000, A.D. 1999-Jun-30 00:00:00.0000,  1.042400909162704E+09,  4.731844052453751E+09, -1.818717173027706E+07,
2451360.500000000, A.D. 1999-Jul-01 00:00:00.0000,  1.041922816078368E+09,  4.731951071052394E+09, -1.814858000719595E+07,
2451361.500000000, A.D. 1999-Jul-02 00:00:00.0000,  1.041444712256479E+09,  4.732058048063576E+09, -1.810998808304405E+07,
2451362.500000000, A.D. 1999-Jul-03 00:00:00.0000,  1.040966597693044E+09,  4.732164983486279E+09, -1.807139595761442E+07,
2451363.500000000, A.D. 1999-Jul-04 00:00:00.0000,  1.040488472384044E+09,  4.732271877319232E+09, -1.803280363070703E+07,
2451364.500000000, A.D. 1999-Jul-05 00:00:00.0000,  1.040010336325443E+09,  4.732378729560925E+09, -1.799421110212755E+07,
2451365.500000000, A.D. 1999-Jul-06 00:00:00.0000,  1.039532189513185E+09,  4.732485540209600E+09, -1.795561837168741E+07,
2451366.500000000, A.D. 1999-Jul-07 00:00:00.0000,  1.039054031943199E+09,  4.732592309263273E+09, -1.791702543920374E+07,
2451367.500000000, A.D. 1999-Jul-08 00:00:00.0000,  1.038575863611399E+09,  4.732699036719717E+09, -1.787843230449796E+07,
2451368.500000000, A.D. 1999-Jul-09 00:00:00.0000,  1.038097684513688E+09,  4.732805722576483E+09, -1.783983896739554E+07,
2451369.500000000, A.D. 1999-Jul-10 00:00:00.0000,  1.037619494645957E+09,  4.732912366830887E+09, -1.780124542772770E+07,
2451370.500000000, A.D. 1999-Jul-11 00:00:00.0000,  1.037141294004084E+09,  4.733018969480026E+09, -1.776265168532848E+07,
2451371.500000000, A.D. 1999-Jul-12 00:00:00.0000,  1.036663082583942E+09,  4.733125530520769E+09, -1.772405774003625E+07,
2451372.500000000, A.D. 1999-Jul-13 00:00:00.0000,  1.036184860381393E+09,  4.733232049949762E+09, -1.768546359169173E+07,
2451373.500000000, A.D. 1999-Jul-14 00:00:00.0000,  1.035706627392291E+09,  4.733338527763428E+09, -1.764686924014139E+07,
2451374.500000000, A.D. 1999-Jul-15 00:00:00.0000,  1.035228383612485E+09,  4.733444963957967E+09, -1.760827468523240E+07,
2451375.500000000, A.D. 1999-Jul-16 00:00:00.0000,  1.034750129037814E+09,  4.733551358529356E+09, -1.756967992681718E+07,
2451376.500000000, A.D. 1999-Jul-17 00:00:00.0000,  1.034271863664113E+09,  4.733657711473348E+09, -1.753108496475077E+07,
2451377.500000000, A.D. 1999-Jul-18 00:00:00.0000,  1.033793587487211E+09,  4.733764022785468E+09, -1.749248979889035E+07,
2451378.500000000, A.D. 1999-Jul-19 00:00:00.0000,  1.033315300502930E+09,  4.733870292461015E+09, -1.745389442909718E+07,
2451379.500000000, A.D. 1999-Jul-20 00:00:00.0000,  1.032837002707086E+09,  4.733976520495055E+09, -1.741529885523605E+07,
2451380.500000000, A.D. 1999-Jul-21 00:00:00.0000,  1.032358694095491E+09,  4.734082706882425E+09, -1.737670307717419E+07,
2451381.500000000, A.D. 1999-Jul-22 00:00:00.0000,  1.031880374663947E+09,  4.734188851617719E+09, -1.733810709478426E+07,
2451382.500000000, A.D. 1999-Jul-23 00:00:00.0000,  1.031402044408253E+09,  4.734294954695287E+09, -1.729951090793943E+07,
2451383.500000000, A.D. 1999-Jul-24 00:00:00.0000,  1.030923703324202E+09,  4.734401016109232E+09, -1.726091451652145E+07,
2451384.500000000, A.D. 1999-Jul-25 00:00:00.0000,  1.030445351407581E+09,  4.734507035853402E+09, -1.722231792041421E+07,
2451385.500000000, A.D. 1999-Jul-26 00:00:00.0000,  1.029966988654169E+09,  4.734613013921375E+09, -1.718372111950707E+07,
2451386.500000000, A.D. 1999-Jul-27 00:00:00.0000,  1.029488615059745E+09,  4.734718950306458E+09, -1.714512411369777E+07,
2451387.500000000, A.D. 1999-Jul-28 00:00:00.0000,  1.029010230620082E+09,  4.734824845001672E+09, -1.710652690288877E+07,
2451388.500000000, A.D. 1999-Jul-29 00:00:00.0000,  1.028531835330953E+09,  4.734930697999738E+09, -1.706792948699307E+07,
2451389.500000000, A.D. 1999-Jul-30 00:00:00.0000,  1.028053429188136E+09,  4.735036509293064E+09, -1.702933186593246E+07,
2451390.500000000, A.D. 1999-Jul-31 00:00:00.0000,  1.027575012187414E+09,  4.735142278873728E+09, -1.699073403964019E+07,
2451391.500000000, A.D. 1999-Aug-01 00:00:00.0000,  1.027096584324588E+09,  4.735248006733458E+09, -1.695213600806546E+07,
2451392.500000000, A.D. 1999-Aug-02 00:00:00.0000,  1.026618145595480E+09,  4.735353692863612E+09, -1.691353777117181E+07,
2451393.500000000, A.D. 1999-Aug-03 00:00:00.0000,  1.026139695995953E+09,  4.735459337255161E+09, -1.687493932894254E+07,
2451394.500000000, A.D. 1999-Aug-04 00:00:00.0000,  1.025661235521918E+09,  4.735564939898649E+09, -1.683634068138409E+07,
2451395.500000000, A.D. 1999-Aug-05 00:00:00.0000,  1.025182764169366E+09,  4.735670500784183E+09, -1.679774182853079E+07,
2451396.500000000, A.D. 1999-Aug-06 00:00:00.0000,  1.024704281934387E+09,  4.735776019901393E+09, -1.675914277044868E+07,
2451397.500000000, A.D. 1999-Aug-07 00:00:00.0000,  1.024225788813207E+09,  4.735881497239408E+09, -1.672054350724006E+07,
2451398.500000000, A.D. 1999-Aug-08 00:00:00.0000,  1.023747284802231E+09,  4.735986932786831E+09, -1.668194403905177E+07,
2451399.500000000, A.D. 1999-Aug-09 00:00:00.0000,  1.023268769898093E+09,  4.736092326531704E+09, -1.664334436608171E+07,
2451400.500000000, A.D. 1999-Aug-10 00:00:00.0000,  1.022790244097719E+09,  4.736197678461492E+09, -1.660474448858523E+07,
2451401.500000000, A.D. 1999-Aug-11 00:00:00.0000,  1.022311707398402E+09,  4.736302988563066E+09, -1.656614440688372E+07,
2451402.500000000, A.D. 1999-Aug-12 00:00:00.0000,  1.021833159797881E+09,  4.736408256822696E+09, -1.652754412137341E+07,
2451403.500000000, A.D. 1999-Aug-13 00:00:00.0000,  1.021354601294444E+09,  4.736513483226062E+09, -1.648894363253450E+07,
2451404.500000000, A.D. 1999-Aug-14 00:00:00.0000,  1.020876031887027E+09,  4.736618667758274E+09, -1.645034294093442E+07,
2451405.500000000, A.D. 1999-Aug-15 00:00:00.0000,  1.020397451575329E+09,  4.736723810403926E+09, -1.641174204724026E+07,
2451406.500000000, A.D. 1999-Aug-16 00:00:00.0000,  1.019918860359924E+09,  4.736828911147169E+09, -1.637314095221829E+07,
2451407.500000000, A.D. 1999-Aug-17 00:00:00.0000,  1.019440258242366E+09,  4.736933969971817E+09, -1.633453965673876E+07,
2451408.500000000, A.D. 1999-Aug-18 00:00:00.0000,  1.018961645225285E+09,  4.737038986861480E+09, -1.629593816176963E+07,
2451409.500000000, A.D. 1999-Aug-19 00:00:00.0000,  1.018483021312456E+09,  4.737143961799736E+09, -1.625733646837425E+07,
2451410.500000000, A.D. 1999-Aug-20 00:00:00.0000,  1.018004386508834E+09,  4.737248894770313E+09, -1.621873457769346E+07,
2451411.500000000, A.D. 1999-Aug-21 00:00:00.0000,  1.017525740820546E+09,  4.737353785757311E+09, -1.618013249093390E+07,
2451412.500000000, A.D. 1999-Aug-22 00:00:00.0000,  1.017047084254831E+09,  4.737458634745400E+09, -1.614153020934105E+07,
2451413.500000000, A.D. 1999-Aug-23 00:00:00.0000,  1.016568416819932E+09,  4.737563441720024E+09, -1.610292773417521E+07,
2451414.500000000, A.D. 1999-Aug-24 00:00:00.0000,  1.016089738524929E+09,  4.737668206667580E+09, -1.606432506668091E+07,
2451415.500000000, A.D. 1999-Aug-25 00:00:00.0000,  1.015611049379539E+09,  4.737772929575539E+09, -1.602572220805955E+07,
2451416.500000000, A.D. 1999-Aug-26 00:00:00.0000,  1.015132349393885E+09,  4.737877610432523E+09, -1.598711915944123E+07,
2451417.500000000, A.D. 1999-Aug-27 00:00:00.0000,  1.014653638578251E+09,  4.737982249228324E+09, -1.594851592186117E+07,
2451418.500000000, A.D. 1999-Aug-28 00:00:00.0000,  1.014174916942854E+09,  4.738086845953856E+09, -1.590991249624395E+07,
2451419.500000000, A.D. 1999-Aug-29 00:00:00.0000,  1.013696184497630E+09,  4.738191400601057E+09, -1.587130888339090E+07,
2451420.500000000, A.D. 1999-Aug-30 00:00:00.0000,  1.013217441252068E+09,  4.738295913162748E+09, -1.583270508397532E+07,
2451421.500000000, A.D. 1999-Aug-31 00:00:00.0000,  1.012738687215079E+09,  4.738400383632473E+09, -1.579410109854794E+07,
2451422.500000000, A.D. 1999-Sep-01 00:00:00.0000,  1.012259922394920E+09,  4.738504812004310E+09, -1.575549692754054E+07,
2451423.500000000, A.D. 1999-Sep-02 00:00:00.0000,  1.011781146799160E+09,  4.738609198272701E+09, -1.571689257127976E+07,
2451424.500000000, A.D. 1999-Sep-03 00:00:00.0000,  1.011302360434685E+09,  4.738713542432291E+09, -1.567828803000212E+07,
2451425.500000000, A.D. 1999-Sep-04 00:00:00.0000,  1.010823563307733E+09,  4.738817844477767E+09, -1.563968330386758E+07,
2451426.500000000, A.D. 1999-Sep-05 00:00:00.0000,  1.010344755423956E+09,  4.738922104403750E+09, -1.560107839297533E+07,
2451427.500000000, A.D. 1999-Sep-06 00:00:00.0000,  1.009865936788494E+09,  4.739026322204694E+09, -1.556247329738116E+07,
2451428.500000000, A.D. 1999-Sep-07 00:00:00.0000,  1.009387107406055E+09,  4.739130497874806E+09, -1.552386801710749E+07,
2451429.500000000, A.D. 1999-Sep-08 00:00:00.0000,  1.008908267280998E+09,  4.739234631408011E+09, -1.548526255215907E+07,
2451430.500000000, A.D. 1999-Sep-09 00:00:00.0000,  1.008429416417416E+09,  4.739338722797903E+09, -1.544665690253115E+07,
2451431.500000000, A.D. 1999-Sep-10 00:00:00.0000,  1.007950554819212E+09,  4.739442772037737E+09, -1.540805106821823E+07,
2451432.500000000, A.D. 1999-Sep-11 00:00:00.0000,  1.007471682490167E+09,  4.739546779120428E+09, -1.536944504922128E+07,
2451433.500000000, A.D. 1999-Sep-12 00:00:00.0000,  1.006992799434001E+09,  4.739650744038557E+09, -1.533083884555387E+07,
2451434.500000000, A.D. 1999-Sep-13 00:00:00.0000,  1.006513905654431E+09,  4.739754666784376E+09, -1.529223245724416E+07,
2451435.500000000, A.D. 1999-Sep-14 00:00:00.0000,  1.006035001155210E+09,  4.739858547349837E+09, -1.525362588434172E+07,
2451436.500000000, A.D. 1999-Sep-15 00:00:00.0000,  1.005556085940173E+09,  4.739962385726608E+09, -1.521501912691426E+07,
2451437.500000000, A.D. 1999-Sep-16 00:00:00.0000,  1.005077160013261E+09,  4.740066181906099E+09, -1.517641218505454E+07,
2451438.500000000, A.D. 1999-Sep-17 00:00:00.0000,  1.004598223378556E+09,  4.740169935879479E+09, -1.513780505887723E+07,
2451439.500000000, A.D. 1999-Sep-18 00:00:00.0000,  1.004119276040297E+09,  4.740273647637713E+09, -1.509919774852109E+07,
2451440.500000000, A.D. 1999-Sep-19 00:00:00.0000,  1.003640318002895E+09,  4.740377317171574E+09, -1.506059025414753E+07,
2451441.500000000, A.D. 1999-Sep-20 00:00:00.0000,  1.003161349270952E+09,  4.740480944471673E+09, -1.502198257594323E+07,
2451442.500000000, A.D. 1999-Sep-21 00:00:00.0000,  1.002682369849268E+09,  4.740584529528478E+09, -1.498337471411467E+07,
2451443.500000000, A.D. 1999-Sep-22 00:00:00.0000,  1.002203379742846E+09,  4.740688072332335E+09, -1.494476666889143E+07,
2451444.500000000, A.D. 1999-Sep-23 00:00:00.0000,  1.001724378956902E+09,  4.740791572873490E+09, -1.490615844052482E+07,
2451445.500000000, A.D. 1999-Sep-24 00:00:00.0000,  1.001245367496863E+09,  4.740895031142107E+09, -1.486755002928567E+07,
2451446.500000000, A.D. 1999-Sep-25 00:00:00.0000,  1.000766345368370E+09,  4.740998447128280E+09, -1.482894143546438E+07,
2451447.500000000, A.D. 1999-Sep-26 00:00:00.0000,  1.000287312577283E+09,  4.741101820822056E+09, -1.479033265936971E+07,
2451448.500000000, A.D. 1999-Sep-27 00:00:00.0000,  9.998082691296723E+08,  4.741205152213448E+09, -1.475172370132709E+07,
2451449.500000000, A.D. 1999-Sep-28 00:00:00.0000,  9.993292150318216E+08,  4.741308441292442E+09, -1.471311456168127E+07,
2451450.500000000, A.D. 1999-Sep-29 00:00:00.0000,  9.988501502902248E+08,  4.741411688049021E+09, -1.467450524078894E+07,
2451451.500000000, A.D. 1999-Sep-30 00:00:00.0000,  9.983710749115820E+08,  4.741514892473169E+09, -1.463589573902416E+07,
2451452.500000000, A.D. 1999-Oct-01 00:00:00.0000,  9.978919889027963E+08,  4.741618054554886E+09, -1.459728605677319E+07,
2451453.500000000, A.D. 1999-Oct-02 00:00:00.0000,  9.974128922709689E+08,  4.741721174284194E+09, -1.455867619443750E+07,
2451454.500000000, A.D. 1999-Oct-03 00:00:00.0000,  9.969337850233951E+08,  4.741824251651149E+09, -1.452006615242839E+07,
2451455.500000000, A.D. 1999-Oct-04 00:00:00.0000,  9.964546671675583E+08,  4.741927286645851E+09, -1.448145593117046E+07,
2451456.500000000, A.D. 1999-Oct-05 00:00:00.0000,  9.959755387111262E+08,  4.742030279258449E+09, -1.444284553109884E+07,
2451457.500000000, A.D. 1999-Oct-06 00:00:00.0000,  9.954963996619430E+08,  4.742133229479151E+09, -1.440423495265722E+07,
2451458.500000000, A.D. 1999-Oct-07 00:00:00.0000,  9.950172500280250E+08,  4.742236137298228E+09, -1.436562419630027E+07,
2451459.500000000, A.D. 1999-Oct-08 00:00:00.0000,  9.945380898175538E+08,  4.742339002706025E+09, -1.432701326249123E+07,
2451460.500000000, A.D. 1999-Oct-09 00:00:00.0000,  9.940589190388699E+08,  4.742441825692956E+09, -1.428840215169930E+07,
2451461.500000000, A.D. 1999-Oct-10 00:00:00.0000,  9.935797377004652E+08,  4.742544606249523E+09, -1.424979086440325E+07,
2451462.500000000, A.D. 1999-Oct-11 00:00:00.0000,  9.931005458109771E+08,  4.742647344366308E+09, -1.421117940108824E+07,
2451463.500000000, A.D. 1999-Oct-12 00:00:00.0000,  9.926213433791802E+08,  4.742750040033980E+09, -1.417256776224422E+07,
2451464.500000000, A.D. 1999-Oct-13 00:00:00.0000,  9.921421304139798E+08,  4.742852693243303E+09, -1.413395594836879E+07,
2451465.500000000, A.D. 1999-Oct-14 00:00:00.0000,  9.916629069244035E+08,  4.742955303985134E+09, -1.409534395996428E+07,
2451466.500000000, A.D. 1999-Oct-15 00:00:00.0000,  9.911836729195936E+08,  4.743057872250418E+09, -1.405673179753661E+07,
2451467.500000000, A.D. 1999-Oct-16 00:00:00.0000,  9.907044284087985E+08,  4.743160398030203E+09, -1.401811946159744E+07,
2451468.500000000, A.D. 1999-Oct-17 00:00:00.0000,  9.902251734013652E+08,  4.743262881315622E+09, -1.397950695266175E+07,
2451469.500000000, A.D. 1999-Oct-18 00:00:00.0000,  9.897459079067309E+08,  4.743365322097909E+09, -1.394089427124906E+07,
2451470.500000000, A.D. 1999-Oct-19 00:00:00.0000,  9.892666319344144E+08,  4.743467720368385E+09, -1.390228141788292E+07,
2451471.500000000, A.D. 1999-Oct-20 00:00:00.0000,  9.887873454940076E+08,  4.743570076118454E+09, -1.386366839308906E+07,
2451472.500000000, A.D. 1999-Oct-21 00:00:00.0000,  9.883080485951670E+08,  4.743672389339605E+09, -1.382505519739771E+07,
2451473.500000000, A.D. 1999-Oct-22 00:00:00.0000,  9.878287412476066E+08,  4.743774660023402E+09, -1.378644183134317E+07,
2451474.500000000, A.D. 1999-Oct-23 00:00:00.0000,  9.873494234610894E+08,  4.743876888161473E+09, -1.374782829546356E+07,
2451475.500000000, A.D. 1999-Oct-24 00:00:00.0000,  9.868700952454200E+08,  4.743979073745504E+09, -1.370921459030128E+07,
2451476.500000000, A.D. 1999-Oct-25 00:00:00.0000,  9.863907566104395E+08,  4.744081216767229E+09, -1.367060071640611E+07,
2451477.500000000, A.D. 1999-Oct-26 00:00:00.0000,  9.859114075660187E+08,  4.744183317218409E+09, -1.363198667433119E+07,
2451478.500000000, A.D. 1999-Oct-27 00:00:00.0000,  9.854320481220556E+08,  4.744285375090823E+09, -1.359337246463966E+07,
2451479.500000000, A.D. 1999-Oct-28 00:00:00.0000,  9.849526782884730E+08,  4.744387390376246E+09, -1.355475808790231E+07,
2451480.500000000, A.D. 1999-Oct-29 00:00:00.0000,  9.844732980752188E+08,  4.744489363066435E+09, -1.351614354470444E+07,
2451481.500000000, A.D. 1999-Oct-30 00:00:00.0000,  9.839939074922704E+08,  4.744591293153093E+09, -1.347752883564162E+07,
2451482.500000000, A.D. 1999-Oct-31 00:00:00.0000,  9.835145065496416E+08,  4.744693180627858E+09, -1.343891396132994E+07,
2451483.500000000, A.D. 1999-Nov-01 00:00:00.0000,  9.830350952573966E+08,  4.744795025482265E+09, -1.340029892240334E+07,
2451484.500000000, A.D. 1999-Nov-02 00:00:00.0000,  9.825556736256664E+08,  4.744896827707726E+09, -1.336168371952343E+07,
2451485.500000000, A.D. 1999-Nov-03 00:00:00.0000,  9.820762416646755E+08,  4.744998587295494E+09, -1.332306835338044E+07,
2451486.500000000, A.D. 1999-Nov-04 00:00:00.0000,  9.815967993847758E+08,  4.745100304236637E+09, -1.328445282470202E+07,
2451487.500000000, A.D. 1999-Nov-05 00:00:00.0000,  9.811173467964879E+08,  4.745201978522007E+09, -1.324583713425756E+07,
2451488.500000000, A.D. 1999-Nov-06 00:00:00.0000,  9.806378839105572E+08,  4.745303610142222E+09, -1.320722128286648E+07,
2451489.500000000, A.D. 1999-Nov-07 00:00:00.0000,  9.801584107380153E+08,  4.745405199087643E+09, -1.316860527140450E+07,
2451490.500000000, A.D. 1999-Nov-08 00:00:00.0000,  9.796789272902597E+08,  4.745506745348369E+09, -1.312998910081506E+07,
2451491.500000000, A.D. 1999-Nov-09 00:00:00.0000,  9.791994335791384E+08,  4.745608248914242E+09, -1.309137277211213E+07,
2451492.500000000, A.D. 1999-Nov-10 00:00:00.0000,  9.787199296170472E+08,  4.745709709774878E+09, -1.305275628639150E+07,
2451493.500000000, A.D. 1999-Nov-11 00:00:00.0000,  9.782404154170330E+08,  4.745811127919701E+09, -1.301413964483356E+07,
2451494.500000000, A.D. 1999-Nov-12 00:00:00.0000,  9.777608909928970E+08,  4.745912503338024E+09, -1.297552284870982E+07,
2451495.500000000, A.D. 1999-Nov-13 00:00:00.0000,  9.772813563592932E+08,  4.746013836019155E+09, -1.293690589938188E+07,
2451496.500000000, A.D. 1999-Nov-14 00:00:00.0000,  9.768018115318134E+08,  4.746115125952519E+09, -1.289828879829931E+07,
2451497.500000000, A.D. 1999-Nov-15 00:00:00.0000,  9.763222565270469E+08,  4.746216373127838E+09, -1.285967154699230E+07,
2451498.500000000, A.D. 1999-Nov-16 00:00:00.0000,  9.758426913626071E+08,  4.746317577535301E+09, -1.282105414705682E+07,
2451499.500000000, A.D. 1999-Nov-17 00:00:00.0000,  9.753631160571119E+08,  4.746418739165784E+09, -1.278243660014057E+07,
2451500.500000000, A.D. 1999-Nov-18 00:00:00.0000,  9.748835306301167E+08,  4.746519858011045E+09, -1.274381890791559E+07,
2451501.500000000, A.D. 1999-Nov-19 00:00:00.0000,  9.744039351019927E+08,  4.746620934063927E+09, -1.270520107205367E+07,
2451502.500000000, A.D. 1999-Nov-20 00:00:00.0000,  9.739243294937559E+08,  4.746721967318522E+09, -1.266658309419632E+07,
2451503.500000000, A.D. 1999-Nov-21 00:00:00.0000,  9.734447138268533E+08,  4.746822957770293E+09, -1.262796497592807E+07,
2451504.500000000, A.D. 1999-Nov-22 00:00:00.0000,  9.729650881229248E+08,  4.746923905416142E+09, -1.258934671874285E+07,
2451505.500000000, A.D. 1999-Nov-23 00:00:00.0000,  9.724854524035543E+08,  4.747024810254419E+09, -1.255072832402897E+07,
2451506.500000000, A.D. 1999-Nov-24 00:00:00.0000,  9.720058066900285E+08,  4.747125672284870E+09, -1.251210979304385E+07,
2451507.500000000, A.D. 1999-Nov-25 00:00:00.0000,  9.715261510031226E+08,  4.747226491508531E+09, -1.247349112690783E+07,
2451508.500000000, A.D. 1999-Nov-26 00:00:00.0000,  9.710464853629227E+08,  4.747327267927577E+09, -1.243487232659817E+07,
2451509.500000000, A.D. 1999-Nov-27 00:00:00.0000,  9.705668097886949E+08,  4.747428001545159E+09, -1.239625339295101E+07,
2451510.500000000, A.D. 1999-Nov-28 00:00:00.0000,  9.700871242988001E+08,  4.747528692365210E+09, -1.235763432666945E+07,
2451511.500000000, A.D. 1999-Nov-29 00:00:00.0000,  9.696074289106560E+08,  4.747629340392261E+09, -1.231901512833452E+07,
2451512.500000000, A.D. 1999-Nov-30 00:00:00.0000,  9.691277236407357E+08,  4.747729945631277E+09, -1.228039579842091E+07,
2451513.500000000, A.D. 1999-Dec-01 00:00:00.0000,  9.686480085046008E+08,  4.747830508087496E+09, -1.224177633730865E+07,
2451514.500000000, A.D. 1999-Dec-02 00:00:00.0000,  9.681682835169530E+08,  4.747931027766305E+09, -1.220315674530363E+07,
2451515.500000000, A.D. 1999-Dec-03 00:00:00.0000,  9.676885486917044E+08,  4.748031504673140E+09, -1.216453702264786E+07,
2451516.500000000, A.D. 1999-Dec-04 00:00:00.0000,  9.672088040420529E+08,  4.748131938813393E+09, -1.212591716953492E+07,
2451517.500000000, A.D. 1999-Dec-05 00:00:00.0000,  9.667290495805596E+08,  4.748232330192371E+09, -1.208729718612218E+07,
2451518.500000000, A.D. 1999-Dec-06 00:00:00.0000,  9.662492853192253E+08,  4.748332678815246E+09, -1.204867707254004E+07,
2451519.500000000, A.D. 1999-Dec-07 00:00:00.0000,  9.657695112695618E+08,  4.748432984687034E+09, -1.201005682890153E+07,
2451520.500000000, A.D. 1999-Dec-08 00:00:00.0000,  9.652897274426546E+08,  4.748533247812586E+09, -1.197143645530605E+07,
2451521.500000000, A.D. 1999-Dec-09 00:00:00.0000,  9.648099338492212E+08,  4.748633468196580E+09, -1.193281595184827E+07,
2451522.500000000, A.D. 1999-Dec-10 00:00:00.0000,  9.643301304996591E+08,  4.748733645843539E+09, -1.189419531862187E+07,
2451523.500000000, A.D. 1999-Dec-11 00:00:00.0000,  9.638503174040869E+08,  4.748833780757826E+09, -1.185557455571961E+07,
2451524.500000000, A.D. 1999-Dec-12 00:00:00.0000,  9.633704945723803E+08,  4.748933872943665E+09, -1.181695366323614E+07,
2451525.500000000, A.D. 1999-Dec-13 00:00:00.0000,  9.628906620141994E+08,  4.749033922405153E+09, -1.177833264127326E+07,
2451526.500000000, A.D. 1999-Dec-14 00:00:00.0000,  9.624108197390108E+08,  4.749133929146282E+09, -1.173971148993516E+07,
2451527.500000000, A.D. 1999-Dec-15 00:00:00.0000,  9.619309677561076E+08,  4.749233893170940E+09, -1.170109020933056E+07,
2451528.500000000, A.D. 1999-Dec-16 00:00:00.0000,  9.614511060746207E+08,  4.749333814482943E+09, -1.166246879957604E+07,
2451529.500000000, A.D. 1999-Dec-17 00:00:00.0000,  9.609712347035309E+08,  4.749433693086031E+09, -1.162384726079011E+07,
2451530.500000000, A.D. 1999-Dec-18 00:00:00.0000,  9.604913536516762E+08,  4.749533528983900E+09, -1.158522559309745E+07,
2451531.500000000, A.D. 1999-Dec-19 00:00:00.0000,  9.600114629277557E+08,  4.749633322180195E+09, -1.154660379662442E+07,
2451532.500000000, A.D. 1999-Dec-20 00:00:00.0000,  9.595315625403335E+08,  4.749733072678533E+09, -1.150798187150168E+07,
2451533.500000000, A.D. 1999-Dec-21 00:00:00.0000,  9.590516524978403E+08,  4.749832780482505E+09, -1.146935981786084E+07,
2451534.500000000, A.D. 1999-Dec-22 00:00:00.0000,  9.585717328085729E+08,  4.749932445595688E+09, -1.143073763583517E+07,
2451535.500000000, A.D. 1999-Dec-23 00:00:00.0000,  9.580918034806939E+08,  4.750032068021649E+09, -1.139211532555938E+07,
2451536.500000000, A.D. 1999-Dec-24 00:00:00.0000,  9.576118645222300E+08,  4.750131647763951E+09, -1.135349288716602E+07,
2451537.500000000, A.D. 1999-Dec-25 00:00:00.0000,  9.571319159410686E+08,  4.750231184826154E+09, -1.131487032078815E+07,
2451538.500000000, A.D. 1999-Dec-26 00:00:00.0000,  9.566519577449569E+08,  4.750330679211825E+09, -1.127624762655568E+07,
2451539.500000000, A.D. 1999-Dec-27 00:00:00.0000,  9.561719899414964E+08,  4.750430130924535E+09, -1.123762480459690E+07,
2451540.500000000, A.D. 1999-Dec-28 00:00:00.0000,  9.556920125381417E+08,  4.750529539967858E+09, -1.119900185503674E+07,
2451541.500000000, A.D. 1999-Dec-29 00:00:00.0000,  9.552120255421951E+08,  4.750628906345380E+09, -1.116037877799559E+07,
2451542.500000000, A.D. 1999-Dec-30 00:00:00.0000,  9.547320289608033E+08,  4.750728230060692E+09, -1.112175557359028E+07,
2451543.500000000, A.D. 1999-Dec-31 00:00:00.0000,  9.542520228009539E+08,  4.750827511117389E+09, -1.108313224193215E+07,
