JDTDB,Calendar Date (TDB),X,Y,Z,
2447892.500000000, A.D. 1990-Jan-01 00:00:00.0000,  5.419239208492391E+09,  4.349553244529621E+09, -1.408569971902049E+08,
2447893.500000000, A.D. 1990-Jan-02 00:00:00.0000,  5.419005796270930E+09,  4.349842741797175E+09, -1.409257163777568E+08,
2447894.500000000, A.D. 1990-Jan-03 00:00:00.0000,  5.418772368181476E+09,  4.350132224348042E+09, -1.409944351527700E+08,
2447895.500000000, A.D. 1990-Jan-04 00:00:00.0000,  5.418538924242886E+09,  4.350421692178922E+09, -1.410631535164266E+08,
2447896.500000000, A.D. 1990-Jan-05 00:00:00.0000,  5.418305464474522E+09,  4.350711145287880E+09, -1.411318714698606E+08,
2447897.500000000, A.D. 1990-Jan-06 00:00:00.0000,  5.418071988896015E+09,  4.351000583674433E+09, -1.412005890141277E+08,
2447898.500000000, A.D. 1990-Jan-07 00:00:00.0000,  5.417838497527014E+09,  4.351290007339565E+09, -1.412693061501837E+08,
2447899.500000000, A.D. 1990-Jan-08 00:00:00.0000,  5.417604990386945E+09,  4.351579416285704E+09, -1.413380228788631E+08,
2447900.500000000, A.D. 1990-Jan-09 00:00:00.0000,  5.417371467494784E+09,  4.351868810516618E+09, -1.414067392008655E+08,
2447901.500000000, A.D. 1990-Jan-10 00:00:00.0000,  5.417137928868872E+09,  4.352158190037288E+09, -1.414754551167526E+08,
2447902.500000000, A.D. 1990-Jan-11 00:00:00.0000,  5.416904374526760E+09,  4.352447554853732E+09, -1.415441706269457E+08,
2447903.500000000, A.D. 1990-Jan-12 00:00:00.0000,  5.416670804485127E+09,  4.352736904972834E+09, -1.416128857317333E+08,
2447904.500000000, A.D. 1990-Jan-13 00:00:00.0000,  5.416437218759724E+09,  4.353026240402146E+09, -1.416816004312823E+08,
2447905.500000000, A.D. 1990-Jan-14 00:00:00.0000,  5.416203617365354E+09,  4.353315561149724E+09, -1.417503147256491E+08,
2447906.500000000, A.D. 1990-Jan-15 00:00:00.0000,  5.415970000315906E+09,  4.353604867223967E+09, -1.418190286147976E+08,
2447907.500000000, A.D. 1990-Jan-16 00:00:00.0000,  5.415736367624400E+09,  4.353894158633479E+09, -1.418877420986130E+08,
2447908.500000000, A.D. 1990-Jan-17 00:00:00.0000,  5.415502719303051E+09,  4.354183435386967E+09, -1.419564551769152E+08,
2447909.500000000, A.D. 1990-Jan-18 00:00:00.0000,  5.415269055363343E+09,  4.354472697493148E+09, -1.420251678494766E+08,
2447910.500000000, A.D. 1990-Jan-19 00:00:00.0000,  5.415035375816103E+09,  4.354761944960696E+09, -1.420938801160309E+08,
2447911.500000000, A.D. 1990-Jan-20 00:00:00.0000,  5.414801680671582E+09,  4.355051177798187E+09, -1.421625919762852E+08,
2447912.500000000, A.D. 1990-Jan-21 00:00:00.0000,  5.414567969939522E+09,  4.355340396014083E+09, -1.422313034299278E+08,
2447913.500000000, A.D. 1990-Jan-22 00:00:00.0000,  5.414334243629226E+09,  4.355629599616714E+09, -1.423000144766364E+08,
2447914.500000000, A.D. 1990-Jan-23 00:00:00.0000,  5.414100501749607E+09,  4.355918788614274E+09, -1.423687251160829E+08,
2447915.500000000, A.D. 1990-Jan-24 00:00:00.0000,  5.413866744309247E+09,  4.356207963014825E+09, -1.424374353479381E+08,
2447916.500000000, A.D. 1990-Jan-25 00:00:00.0000,  5.413632971316435E+09,  4.356497122826310E+09, -1.425061451718733E+08,
2447917.500000000, A.D. 1990-Jan-26 00:00:00.0000,  5.413399182779199E+09,  4.356786268056560E+09, -1.425748545875649E+08,
2447918.500000000, A.D. 1990-Jan-27 00:00:00.0000,  5.413165378705341E+09,  4.357075398713312E+09, -1.426435635946944E+08,
2447919.500000000, A.D. 1990-Jan-28 00:00:00.0000,  5.412931559102457E+09,  4.357364514804225E+09, -1.427122721929486E+08,
2447920.500000000, A.D. 1990-Jan-29 00:00:00.0000,  5.412697723977955E+09,  4.357653616336893E+09, -1.427809803820217E+08,
2447921.500000000, A.D. 1990-Jan-30 00:00:00.0000,  5.412463873339067E+09,  4.357942703318864E+09, -1.428496881616132E+08,
2447922.500000000, A.D. 1990-Jan-31 00:00:00.0000,  5.412230007192860E+09,  4.358231775757648E+09, -1.429183955314291E+08,
2447923.500000000, A.D. 1990-Feb-01 00:00:00.0000,  5.411996125546246E+09,  4.358520833660738E+09, -1.429871024911795E+08,
2447924.500000000, A.D. 1990-Feb-02 00:00:00.0000,  5.411762228405981E+09,  4.358809877035616E+09, -1.430558090405805E+08,
2447925.500000000, A.D. 1990-Feb-03 00:00:00.0000,  5.411528315778672E+09,  4.359098905889763E+09, -1.431245151793520E+08,
2447926.500000000, A.D. 1990-Feb-04 00:00:00.0000,  5.411294387670774E+09,  4.359387920230676E+09, -1.431932209072156E+08,
2447927.500000000, A.D. 1990-Feb-05 00:00:00.0000,  5.411060444088593E+09,  4.359676920065866E+09, -1.432619262238953E+08,
2447928.500000000, A.D. 1990-Feb-06 00:00:00.0000,  5.410826485038277E+09,  4.359965905402870E+09, -1.433306311291170E+08,
2447929.500000000, A.D. 1990-Feb-07 00:00:00.0000,  5.410592510525822E+09,  4.360254876249256E+09, -1.433993356226058E+08,
2447930.500000000, A.D. 1990-Feb-08 00:00:00.0000,  5.410358520557062E+09,  4.360543832612630E+09, -1.434680397040873E+08,
2447931.500000000, A.D. 1990-Feb-09 00:00:00.0000,  5.410124515137671E+09,  4.360832774500629E+09, -1.435367433732846E+08,
2447932.500000000, A.D. 1990-Feb-10 00:00:00.0000,  5.409890494273150E+09,  4.361121701920937E+09, -1.436054466299193E+08,
2447933.500000000, A.D. 1990-Feb-11 00:00:00.0000,  5.409656457968835E+09,  4.361410614881271E+09, -1.436741494737084E+08,
2447934.500000000, A.D. 1990-Feb-12 00:00:00.0000,  5.409422406229876E+09,  4.361699513389399E+09, -1.437428519043670E+08,
2447935.500000000, A.D. 1990-Feb-13 00:00:00.0000,  5.409188339061245E+09,  4.361988397453122E+09, -1.438115539216049E+08,
2447936.500000000, A.D. 1990-Feb-14 00:00:00.0000,  5.408954256467727E+09,  4.362277267080287E+09, -1.438802555251260E+08,
2447937.500000000, A.D. 1990-Feb-15 00:00:00.0000,  5.408720158453911E+09,  4.362566122278776E+09, -1.439489567146294E+08,
2447938.500000000, A.D. 1990-Feb-16 00:00:00.0000,  5.408486045024191E+09,  4.362854963056504E+09, -1.440176574898078E+08,
2447939.500000000, A.D. 1990-Feb-17 00:00:00.0000,  5.408251916182755E+09,  4.363143789421424E+09, -1.440863578503461E+08,
2447940.500000000, A.D. 1990-Feb-18 00:00:00.0000,  5.408017771933586E+09,  4.363432601381514E+09, -1.441550577959232E+08,
2447941.500000000, A.D. 1990-Feb-19 00:00:00.0000,  5.407783612280450E+09,  4.363721398944773E+09, -1.442237573262086E+08,
2447942.500000000, A.D. 1990-Feb-20 00:00:00.0000,  5.407549437226893E+09,  4.364010182119224E+09, -1.442924564408655E+08,
2447943.500000000, A.D. 1990-Feb-21 00:00:00.0000,  5.407315246776243E+09,  4.364298950912898E+09, -1.443611551395459E+08,
2447944.500000000, A.D. 1990-Feb-22 00:00:00.0000,  5.407081040931591E+09,  4.364587705333838E+09, -1.444298534218962E+08,
2447945.500000000, A.D. 1990-Feb-23 00:00:00.0000,  5.406846819695801E+09,  4.364876445390082E+09, -1.444985512875514E+08,
2447946.500000000, A.D. 1990-Feb-24 00:00:00.0000,  5.406612583071494E+09,  4.365165171089664E+09, -1.445672487361383E+08,
2447947.500000000, A.D. 1990-Feb-25 00:00:00.0000,  5.406378331061047E+09,  4.365453882440602E+09, -1.446359457672732E+08,
2447948.500000000, A.D. 1990-Feb-26 00:00:00.0000,  5.406144063666589E+09,  4.365742579450886E+09, -1.447046423805633E+08,
2447949.500000000, A.D. 1990-Feb-27 00:00:00.0000,  5.405909780889997E+09,  4.366031262128476E+09, -1.447733385756073E+08,
2447950.500000000, A.D. 1990-Feb-28 00:00:00.0000,  5.405675482732890E+09,  4.366319930481282E+09, -1.448420343519928E+08,
2447951.500000000, A.D. 1990-Mar-01 00:00:00.0000,  5.405441169196624E+09,  4.366608584517164E+09, -1.449107297092988E+08,
2447952.500000000, A.D. 1990-Mar-02 00:00:00.0000,  5.405206840282288E+09,  4.366897224243906E+09, -1.449794246470957E+08,
2447953.500000000, A.D. 1990-Mar-03 00:00:00.0000,  5.404972495990702E+09,  4.367185849669214E+09, -1.450481191649439E+08,
2447954.500000000, A.D. 1990-Mar-04 00:00:00.0000,  5.404738136322415E+09,  4.367474460800694E+09, -1.451168132623971E+08,
2447955.500000000, A.D. 1990-Mar-05 00:00:00.0000,  5.404503761277696E+09,  4.367763057645840E+09, -1.451855069389997E+08,
2447956.500000000, A.D. 1990-Mar-06 00:00:00.0000,  5.404269370856542E+09,  4.368051640212010E+09, -1.452542001942918E+08,
2447957.500000000, A.D. 1990-Mar-07 00:00:00.0000,  5.404034965058665E+09,  4.368340208506414E+09, -1.453228930278058E+08,
2447958.500000000, A.D. 1990-Mar-08 00:00:00.0000,  5.403800543883506E+09,  4.368628762536089E+09, -1.453915854390714E+08,
2447959.500000000, A.D. 1990-Mar-09 00:00:00.0000,  5.403566107330221E+09,  4.368917302307874E+09, -1.454602774276147E+08,
2447960.500000000, A.D. 1990-Mar-10 00:00:00.0000,  5.403331655397702E+09,  4.369205827828385E+09, -1.455289689929619E+08,
2447961.500000000, A.D. 1990-Mar-11 00:00:00.0000,  5.403097188084571E+09,  4.369494339103992E+09, -1.455976601346407E+08,
2447962.500000000, A.D. 1990-Mar-12 00:00:00.0000,  5.402862705389192E+09,  4.369782836140781E+09, -1.456663508521848E+08,
2447963.500000000, A.D. 1990-Mar-13 00:00:00.0000,  5.402628207309690E+09,  4.370071318944535E+09, -1.457350411451344E+08,
2447964.500000000, A.D. 1990-Mar-14 00:00:00.0000,  5.402393693843966E+09,  4.370359787520681E+09, -1.458037310130434E+08,
2447965.500000000, A.D. 1990-Mar-15 00:00:00.0000,  5.402159164989718E+09,  4.370648241874275E+09, -1.458724204554818E+08,
2447966.500000000, A.D. 1990-Mar-16 00:00:00.0000,  5.401924620744478E+09,  4.370936682009953E+09, -1.459411094720428E+08,
2447967.500000000, A.D. 1990-Mar-17 00:00:00.0000,  5.401690061105647E+09,  4.371225107931898E+09, -1.460097980623479E+08,
2447968.500000000, A.D. 1990-Mar-18 00:00:00.0000,  5.401455486070548E+09,  4.371513519643808E+09, -1.460784862260528E+08,
2447969.500000000, A.D. 1990-Mar-19 00:00:00.0000,  5.401220895636480E+09,  4.371801917148867E+09, -1.461471739628575E+08,
2447970.500000000, A.D. 1990-Mar-20 00:00:00.0000,  5.400986289800792E+09,  4.372090300449711E+09, -1.462158612725117E+08,
2447971.500000000, A.D. 1990-Mar-21 00:00:00.0000,  5.400751668560963E+09,  4.372378669548425E+09, -1.462845481548257E+08,
2447972.500000000, A.D. 1990-Mar-22 00:00:00.0000,  5.400517031914695E+09,  4.372667024446532E+09, -1.463532346096756E+08,
2447973.500000000, A.D. 1990-Mar-23 00:00:00.0000,  5.400282379860020E+09,  4.372955365145012E+09, -1.464219206370149E+08,
2447974.500000000, A.D. 1990-Mar-24 00:00:00.0000,  5.400047712395403E+09,  4.373243691644334E+09, -1.464906062368772E+08,
2447975.500000000, A.D. 1990-Mar-25 00:00:00.0000,  5.399813029519864E+09,  4.373532003944524E+09, -1.465592914093850E+08,
2447976.500000000, A.D. 1990-Mar-26 00:00:00.0000,  5.399578331233079E+09,  4.373820302045255E+09, -1.466279761547484E+08,
2447977.500000000, A.D. 1990-Mar-27 00:00:00.0000,  5.399343617535483E+09,  4.374108585945966E+09, -1.466966604732671E+08,
2447978.500000000, A.D. 1990-Mar-28 00:00:00.0000,  5.399108888428347E+09,  4.374396855646020E+09, -1.467653443653202E+08,
2447979.500000000, A.D. 1990-Mar-29 00:00:00.0000,  5.398874143913812E+09,  4.374685111144884E+09, -1.468340278313596E+08,
2447980.500000000, A.D. 1990-Mar-30 00:00:00.0000,  5.398639383994904E+09,  4.374973352442324E+09, -1.469027108718905E+08,
2447981.500000000, A.D. 1990-Mar-31 00:00:00.0000,  5.398404608675477E+09,  4.375261579538612E+09, -1.469713934874501E+08,
2447982.500000000, A.D. 1990-Apr-01 00:00:00.0000,  5.398169817960118E+09,  4.375549792434725E+09, -1.470400756785848E+08,
2447983.500000000, A.D. 1990-Apr-02 00:00:00.0000,  5.397935011853996E+09,  4.375837991132513E+09, -1.471087574458175E+08,
2447984.500000000, A.D. 1990-Apr-03 00:00:00.0000,  5.397700190362662E+09,  4.376126175634835E+09, -1.471774387896230E+08,
2447985.500000000, A.D. 1990-Apr-04 00:00:00.0000,  5.397465353491833E+09,  4.376414345945638E+09, -1.472461197103972E+08,
2447986.500000000, A.D. 1990-Apr-05 00:00:00.0000,  5.397230501247137E+09,  4.376702502069973E+09, -1.473148002084336E+08,
2447987.500000000, A.D. 1990-Apr-06 00:00:00.0000,  5.396995633633902E+09,  4.376990644013964E+09, -1.473834802839084E+08,
2447988.500000000, A.D. 1990-Apr-07 00:00:00.0000,  5.396760750656923E+09,  4.377278771784702E+09, -1.474521599368610E+08,
2447989.500000000, A.D. 1990-Apr-08 00:00:00.0000,  5.396525852320292E+09,  4.377566885390116E+09, -1.475208391671965E+08,
2447990.500000000, A.D. 1990-Apr-09 00:00:00.0000,  5.396290938627270E+09,  4.377854984838797E+09, -1.475895179746828E+08,
2447991.500000000, A.D. 1990-Apr-10 00:00:00.0000,  5.396056009580193E+09,  4.378143070139820E+09, -1.476581963589573E+08,
2447992.500000000, A.D. 1990-Apr-11 00:00:00.0000,  5.395821065180438E+09,  4.378431141302554E+09, -1.477268743195400E+08,
2447993.500000000, A.D. 1990-Apr-12 00:00:00.0000,  5.395586105428420E+09,  4.378719198336491E+09, -1.477955518558466E+08,
2447994.500000000, A.D. 1990-Apr-13 00:00:00.0000,  5.395351130323631E+09,  4.379007241251087E+09, -1.478642289672031E+08,
2447995.500000000, A.D. 1990-Apr-14 00:00:00.0000,  5.395116139864698E+09,  4.379295270055635E+09, -1.479329056528642E+08,
2447996.500000000, A.D. 1990-Apr-15 00:00:00.0000,  5.394881134049452E+09,  4.379583284759146E+09, -1.480015819120250E+08,
2447997.500000000, A.D. 1990-Apr-16 00:00:00.0000,  5.394646112875015E+09,  4.379871285370275E+09, -1.480702577438397E+08,
2447998.500000000, A.D. 1990-Apr-17 00:00:00.0000,  5.394411076337895E+09,  4.380159271897259E+09, -1.481389331474309E+08,
2447999.500000000, A.D. 1990-Apr-18 00:00:00.0000,  5.394176024434056E+09,  4.380447244347871E+09, -1.482076081219015E+08,
2448000.500000000, A.D. 1990-Apr-19 00:00:00.0000,  5.393940957159016E+09,  4.380735202729401E+09, -1.482762826663449E+08,
2448001.500000000, A.D. 1990-Apr-20 00:00:00.0000,  5.393705874507903E+09,  4.381023147048644E+09, -1.483449567798512E+08,
2448002.500000000, A.D. 1990-Apr-21 00:00:00.0000,  5.393470776475544E+09,  4.381311077311897E+09, -1.484136304615133E+08,
2448003.500000000, A.D. 1990-Apr-22 00:00:00.0000,  5.393235663056503E+09,  4.381598993524967E+09, -1.484823037104328E+08,
2448004.500000000, A.D. 1990-Apr-23 00:00:00.0000,  5.393000534245145E+09,  4.381886895693183E+09, -1.485509765257211E+08,
2448005.500000000, A.D. 1990-Apr-24 00:00:00.0000,  5.392765390035678E+09,  4.382174783821412E+09, -1.486196489065042E+08,
2448006.500000000, A.D. 1990-Apr-25 00:00:00.0000,  5.392530230422189E+09,  4.382462657914081E+09, -1.486883208519251E+08,
2448007.500000000, A.D. 1990-Apr-26 00:00:00.0000,  5.392295055398676E+09,  4.382750517975184E+09, -1.487569923611412E+08,
2448008.500000000, A.D. 1990-Apr-27 00:00:00.0000,  5.392059864959079E+09,  4.383038364008320E+09, -1.488256634333293E+08,
2448009.500000000, A.D. 1990-Apr-28 00:00:00.0000,  5.391824659097295E+09,  4.383326196016694E+09, -1.488943340676825E+08,
2448010.500000000, A.D. 1990-Apr-29 00:00:00.0000,  5.391589437807205E+09,  4.383614014003148E+09, -1.489630042634130E+08,
2448011.500000000, A.D. 1990-Apr-30 00:00:00.0000,  5.391354201082680E+09,  4.383901817970171E+09, -1.490316740197494E+08,
2448012.500000000, A.D. 1990-May-01 00:00:00.0000,  5.391118948917603E+09,  4.384189607919924E+09, -1.491003433359392E+08,
2448013.500000000, A.D. 1990-May-02 00:00:00.0000,  5.390883681305877E+09,  4.384477383854246E+09, -1.491690122112448E+08,
2448014.500000000, A.D. 1990-May-03 00:00:00.0000,  5.390648398241426E+09,  4.384765145774675E+09, -1.492376806449461E+08,
2448015.500000000, A.D. 1990-May-04 00:00:00.0000,  5.390413099718211E+09,  4.385052893682460E+09, -1.493063486363389E+08,
2448016.500000000, A.D. 1990-May-05 00:00:00.0000,  5.390177785730237E+09,  4.385340627578569E+09, -1.493750161847329E+08,
2448017.500000000, A.D. 1990-May-06 00:00:00.0000,  5.389942456271550E+09,  4.385628347463711E+09, -1.494436832894535E+08,
2448018.500000000, A.D. 1990-May-07 00:00:00.0000,  5.389707111336246E+09,  4.385916053338332E+09, -1.495123499498396E+08,
2448019.500000000, A.D. 1990-May-08 00:00:00.0000,  5.389471750918471E+09,  4.386203745202637E+09, -1.495810161652441E+08,
2448020.500000000, A.D. 1990-May-09 00:00:00.0000,  5.389236375012431E+09,  4.386491423056589E+09, -1.496496819350319E+08,
2448021.500000000, A.D. 1990-May-10 00:00:00.0000,  5.389000983612385E+09,  4.386779086899922E+09, -1.497183472585797E+08,
2448022.500000000, A.D. 1990-May-11 00:00:00.0000,  5.388765576712652E+09,  4.387066736732149E+09, -1.497870121352782E+08,
2448023.500000000, A.D. 1990-May-12 00:00:00.0000,  5.388530154307611E+09,  4.387354372552565E+09, -1.498556765645278E+08,
2448024.500000000, A.D. 1990-May-13 00:00:00.0000,  5.388294716391702E+09,  4.387641994360255E+09, -1.499243405457397E+08,
2448025.500000000, A.D. 1990-May-14 00:00:00.0000,  5.388059262959427E+09,  4.387929602154098E+09, -1.499930040783367E+08,
2448026.500000000, A.D. 1990-May-15 00:00:00.0000,  5.387823794005356E+09,  4.388217195932772E+09, -1.500616671617508E+08,
2448027.500000000, A.D. 1990-May-16 00:00:00.0000,  5.387588309524115E+09,  4.388504775694759E+09, -1.501303297954247E+08,
2448028.500000000, A.D. 1990-May-17 00:00:00.0000,  5.387352809510394E+09,  4.388792341438354E+09, -1.501989919788098E+08,
2448029.500000000, A.D. 1990-May-18 00:00:00.0000,  5.387117293958951E+09,  4.389079893161652E+09, -1.502676537113669E+08,
2448030.500000000, A.D. 1990-May-19 00:00:00.0000,  5.386881762864603E+09,  4.389367430862571E+09, -1.503363149925666E+08,
2448031.500000000, A.D. 1990-May-20 00:00:00.0000,  5.386646216222233E+09,  4.389654954538840E+09, -1.504049758218868E+08,
2448032.500000000, A.D. 1990-May-21 00:00:00.0000,  5.386410654026782E+09,  4.389942464188009E+09, -1.504736361988142E+08,
2448033.500000000, A.D. 1990-May-22 00:00:00.0000,  5.386175076273256E+09,  4.390229959807446E+09, -1.505422961228449E+08,
2448034.500000000, A.D. 1990-May-23 00:00:00.0000,  5.385939482956718E+09,  4.390517441394336E+09, -1.506109555934834E+08,
2448035.500000000, A.D. 1990-May-24 00:00:00.0000,  5.385703874072295E+09,  4.390804908945688E+09, -1.506796146102393E+08,
2448036.500000000, A.D. 1990-May-25 00:00:00.0000,  5.385468249615168E+09,  4.391092362458331E+09, -1.507482731726346E+08,
2448037.500000000, A.D. 1990-May-26 00:00:00.0000,  5.385232609580575E+09,  4.391379801928906E+09, -1.508169312801962E+08,
2448038.500000000, A.D. 1990-May-27 00:00:00.0000,  5.384996953963814E+09,  4.391667227353879E+09, -1.508855889324615E+08,
2448039.500000000, A.D. 1990-May-28 00:00:00.0000,  5.384761282760230E+09,  4.391954638729523E+09, -1.509542461289744E+08,
2448040.500000000, A.D. 1990-May-29 00:00:00.0000,  5.384525595965224E+09,  4.392242036051922E+09, -1.510229028692892E+08,
2448041.500000000, A.D. 1990-May-30 00:00:00.0000,  5.384289893574250E+09,  4.392529419316964E+09, -1.510915591529675E+08,
2448042.500000000, A.D. 1990-May-31 00:00:00.0000,  5.384054175582811E+09,  4.392816788520336E+09, -1.511602149795816E+08,
2448043.500000000, A.D. 1990-Jun-01 00:00:00.0000,  5.383818441986459E+09,  4.393104143657516E+09, -1.512288703487146E+08,
2448044.500000000, A.D. 1990-Jun-02 00:00:00.0000,  5.383582692780791E+09,  4.393391484723762E+09, -1.512975252599587E+08,
2448045.500000000, A.D. 1990-Jun-03 00:00:00.0000,  5.383346927961460E+09,  4.393678811714101E+09, -1.513661797129197E+08,
2448046.500000000, A.D. 1990-Jun-04 00:00:00.0000,  5.383111147524171E+09,  4.393966124623320E+09, -1.514348337072165E+08,
2448047.500000000, A.D. 1990-Jun-05 00:00:00.0000,  5.382875351464673E+09,  4.394253423445951E+09, -1.515034872424824E+08,
2448048.500000000, A.D. 1990-Jun-06 00:00:00.0000,  5.382639539778785E+09,  4.394540708176247E+09, -1.515721403183680E+08,
2448049.500000000, A.D. 1990-Jun-07 00:00:00.0000,  5.382403712462386E+09,  4.394827978808172E+09, -1.516407929345429E+08,
2448050.500000000, A.D. 1990-Jun-08 00:00:00.0000,  5.382167869511436E+09,  4.395115235335380E+09, -1.517094450906992E+08,
2448051.500000000, A.D. 1990-Jun-09 00:00:00.0000,  5.381932010921975E+09,  4.395402477751179E+09, -1.517780967865531E+08,
2448052.500000000, A.D. 1990-Jun-10 00:00:00.0000,  5.381696136690164E+09,  4.395689706048523E+09, -1.518467480218515E+08,
2448053.500000000, A.D. 1990-Jun-11 00:00:00.0000,  5.381460246812286E+09,  4.395976920219975E+09, -1.519153987963746E+08,
2448054.500000000, A.D. 1990-Jun-12 00:00:00.0000,  5.381224341284796E+09,  4.396264120257685E+09, -1.519840491099403E+08,
2448055.500000000, A.D. 1990-Jun-13 00:00:00.0000,  5.380988420104340E+09,  4.396551306153354E+09, -1.520526989624128E+08,
2448056.500000000, A.D. 1990-Jun-14 00:00:00.0000,  5.380752483267824E+09,  4.396838477898222E+09, -1.521213483537078E+08,
2448057.500000000, A.D. 1990-Jun-15 00:00:00.0000,  5.380516530772459E+09,  4.397125635483033E+09, -1.521899972837996E+08,
2448058.500000000, A.D. 1990-Jun-16 00:00:00.0000,  5.380280562615829E+09,  4.397412778898030E+09, -1.522586457527294E+08,
2448059.500000000, A.D. 1990-Jun-17 00:00:00.0000,  5.380044578795980E+09,  4.397699908132938E+09, -1.523272937606132E+08,
2448060.500000000, A.D. 1990-Jun-18 00:00:00.0000,  5.379808579311506E+09,  4.397987023176979E+09, -1.523959413076491E+08,
2448061.500000000, A.D. 1990-Jun-19 00:00:00.0000,  5.379572564161650E+09,  4.398274124018891E+09, -1.524645883941276E+08,
2448062.500000000, A.D. 1990-Jun-20 00:00:00.0000,  5.379336533346414E+09,  4.398561210646977E+09, -1.525332350204349E+08,
2448063.500000000, A.D. 1990-Jun-21 00:00:00.0000,  5.379100486866671E+09,  4.398848283049171E+09, -1.526018811870592E+08,
2448064.500000000, A.D. 1990-Jun-22 00:00:00.0000,  5.378864424724268E+09,  4.399135341213145E+09, -1.526705268945918E+08,
2448065.500000000, A.D. 1990-Jun-23 00:00:00.0000,  5.378628346922122E+09,  4.399422385126435E+09, -1.527391721437256E+08,
2448066.500000000, A.D. 1990-Jun-24 00:00:00.0000,  5.378392253464289E+09,  4.399709414776608E+09, -1.528078169352481E+08,
2448067.500000000, A.D. 1990-Jun-25 00:00:00.0000,  5.378156144356010E+09,  4.399996430151447E+09, -1.528764612700307E+08,
2448068.500000000, A.D. 1990-Jun-26 00:00:00.0000,  5.377920019603700E+09,  4.400283431239161E+09, -1.529451051490121E+08,
2448069.500000000, A.D. 1990-Jun-27 00:00:00.0000,  5.377683879214900E+09,  4.400570418028593E+09, -1.530137485731728E+08,
2448070.500000000, A.D. 1990-Jun-28 00:00:00.0000,  5.377447723198172E+09,  4.400857390509431E+09, -1.530823915435159E+08,
2448071.500000000, A.D. 1990-Jun-29 00:00:00.0000,  5.377211551562937E+09,  4.401144348672378E+09, -1.531510340610313E+08,
2448072.500000000, A.D. 1990-Jun-30 00:00:00.0000,  5.376975364319283E+09,  4.401431292509295E+09, -1.532196761266704E+08,
2448073.500000000, A.D. 1990-Jul-01 00:00:00.0000,  5.376739161477729E+09,  4.401718222013287E+09, -1.532883177413173E+08,
2448074.500000000, A.D. 1990-Jul-02 00:00:00.0000,  5.376502943048980E+09,  4.402005137178722E+09, -1.533569589057643E+08,
2448075.500000000, A.D. 1990-Jul-03 00:00:00.0000,  5.376266709043693E+09,  4.402292038001208E+09, -1.534255996206937E+08,
2448076.500000000, A.D. 1990-Jul-04 00:00:00.0000,  5.376030459472259E+09,  4.402578924477491E+09, -1.534942398866656E+08,
2448077.500000000, A.D. 1990-Jul-05 00:00:00.0000,  5.375794194344621E+09,  4.402865796605329E+09, -1.535628797041118E+08,
2448078.500000000, A.D. 1990-Jul-06 00:00:00.0000,  5.375557913670136E+09,  4.403152654383320E+09, -1.536315190733364E+08,
2448079.500000000, A.D. 1990-Jul-07 00:00:00.0000,  5.375321617457490E+09,  4.403439497810740E+09, -1.537001579945233E+08,
2448080.500000000, A.D. 1990-Jul-08 00:00:00.0000,  5.375085305714647E+09,  4.403726326887352E+09, -1.537687964677486E+08,
2448081.500000000, A.D. 1990-Jul-09 00:00:00.0000,  5.374848978448853E+09,  4.404013141613238E+09, -1.538374344929910E+08,
2448082.500000000, A.D. 1990-Jul-10 00:00:00.0000,  5.374612635666661E+09,  4.404299941988657E+09, -1.539060720701492E+08,
2448083.500000000, A.D. 1990-Jul-11 00:00:00.0000,  5.374376277373986E+09,  4.404586728013911E+09, -1.539747091990557E+08,
2448084.500000000, A.D. 1990-Jul-12 00:00:00.0000,  5.374139903576172E+09,  4.404873499689248E+09, -1.540433458794947E+08,
2448085.500000000, A.D. 1990-Jul-13 00:00:00.0000,  5.373903514278069E+09,  4.405160257014781E+09, -1.541119821112130E+08,
2448086.500000000, A.D. 1990-Jul-14 00:00:00.0000,  5.373667109484119E+09,  4.405446999990437E+09, -1.541806178939335E+08,
2448087.500000000, A.D. 1990-Jul-15 00:00:00.0000,  5.373430689198431E+09,  4.405733728615917E+09, -1.542492532273662E+08,
2448088.500000000, A.D. 1990-Jul-16 00:00:00.0000,  5.373194253424855E+09,  4.406020442890684E+09, -1.543178881112142E+08,
2448089.500000000, A.D. 1990-Jul-17 00:00:00.0000,  5.372957802167048E+09,  4.406307142813950E+09, -1.543865225451839E+08,
2448090.500000000, A.D. 1990-Jul-18 00:00:00.0000,  5.372721335428543E+09,  4.406593828384682E+09, -1.544551565289891E+08,
2448091.500000000, A.D. 1990-Jul-19 00:00:00.0000,  5.372484853212784E+09,  4.406880499601614E+09, -1.545237900623550E+08,
2448092.500000000, A.D. 1990-Jul-20 00:00:00.0000,  5.372248355523188E+09,  4.407167156463268E+09, -1.545924231450219E+08,
2448093.500000000, A.D. 1990-Jul-21 00:00:00.0000,  5.372011842363171E+09,  4.407453798967964E+09, -1.546610557767458E+08,
2448094.500000000, A.D. 1990-Jul-22 00:00:00.0000,  5.371775313736182E+09,  4.407740427113850E+09, -1.547296879573014E+08,
2448095.500000000, A.D. 1990-Jul-23 00:00:00.0000,  5.371538769645727E+09,  4.408027040898921E+09, -1.547983196864824E+08,
2448096.500000000, A.D. 1990-Jul-24 00:00:00.0000,  5.371302210095387E+09,  4.408313640321045E+09, -1.548669509641004E+08,
2448097.500000000, A.D. 1990-Jul-25 00:00:00.0000,  5.371065635088833E+09,  4.408600225377979E+09, -1.549355817899859E+08,
2448098.500000000, A.D. 1990-Jul-26 00:00:00.0000,  5.370829044629840E+09,  4.408886796067402E+09, -1.550042121639884E+08,
2448099.500000000, A.D. 1990-Jul-27 00:00:00.0000,  5.370592438722288E+09,  4.409173352386920E+09, -1.550728420859749E+08,
2448100.500000000, A.D. 1990-Jul-28 00:00:00.0000,  5.370355817370175E+09,  4.409459894334100E+09, -1.551414715558286E+08,
2448101.500000000, A.D. 1990-Jul-29 00:00:00.0000,  5.370119180577614E+09,  4.409746421906478E+09, -1.552101005734477E+08,
2448102.500000000, A.D. 1990-Jul-30 00:00:00.0000,  5.369882528348832E+09,  4.410032935101580E+09, -1.552787291387472E+08,
2448103.500000000, A.D. 1990-Jul-31 00:00:00.0000,  5.369645860688178E+09,  4.410319433916939E+09, -1.553473572516549E+08,
2448104.500000000, A.D. 1990-Aug-01 00:00:00.0000,  5.369409177600108E+09,  4.410605918350102E+09, -1.554159849121101E+08,
2448105.500000000, A.D. 1990-Aug-02 00:00:00.0000,  5.369172479089195E+09,  4.410892388398649E+09, -1.554846121200652E+08,
2448106.500000000, A.D. 1990-Aug-03 00:00:00.0000,  5.368935765160113E+09,  4.411178844060204E+09, -1.555532388754833E+08,
2448107.500000000, A.D. 1990-Aug-04 00:00:00.0000,  5.368699035817643E+09,  4.411465285332440E+09, -1.556218651783364E+08,
2448108.500000000, A.D. 1990-Aug-05 00:00:00.0000,  5.368462291066656E+09,  4.411751712213098E+09, -1.556904910286038E+08,
2448109.500000000, A.D. 1990-Aug-06 00:00:00.0000,  5.368225530912116E+09,  4.412038124699984E+09, -1.557591164262753E+08,
2448110.500000000, A.D. 1990-Aug-07 00:00:00.0000,  5.367988755359074E+09,  4.412324522790986E+09, -1.558277413713441E+08,
2448111.500000000, A.D. 1990-Aug-08 00:00:00.0000,  5.367751964412649E+09,  4.412610906484077E+09, -1.558963658638115E+08,
2448112.500000000, A.D. 1990-Aug-09 00:00:00.0000,  5.367515158078036E+09,  4.412897275777321E+09, -1.559649899036813E+08,
2448113.500000000, A.D. 1990-Aug-10 00:00:00.0000,  5.367278336360489E+09,  4.413183630668877E+09, -1.560336134909630E+08,
2448114.500000000, A.D. 1990-Aug-11 00:00:00.0000,  5.367041499265317E+09,  4.413469971157001E+09, -1.561022366256685E+08,
2448115.500000000, A.D. 1990-Aug-12 00:00:00.0000,  5.366804646797874E+09,  4.413756297240060E+09, -1.561708593078113E+08,
2448116.500000000, A.D. 1990-Aug-13 00:00:00.0000,  5.366567778963555E+09,  4.414042608916520E+09, -1.562394815374072E+08,
2448117.500000000, A.D. 1990-Aug-14 00:00:00.0000,  5.366330895767781E+09,  4.414328906184963E+09, -1.563081033144717E+08,
2448118.500000000, A.D. 1990-Aug-15 00:00:00.0000,  5.366093997215998E+09,  4.414615189044075E+09, -1.563767246390219E+08,
2448119.500000000, A.D. 1990-Aug-16 00:00:00.0000,  5.365857083313660E+09,  4.414901457492657E+09, -1.564453455110724E+08,
2448120.500000000, A.D. 1990-Aug-17 00:00:00.0000,  5.365620154066232E+09,  4.415187711529615E+09, -1.565139659306381E+08,
2448121.500000000, A.D. 1990-Aug-18 00:00:00.0000,  5.365383209479168E+09,  4.415473951153975E+09, -1.565825858977318E+08,
2448122.500000000, A.D. 1990-Aug-19 00:00:00.0000,  5.365146249557913E+09,  4.415760176364863E+09, -1.566512054123623E+08,
2448123.500000000, A.D. 1990-Aug-20 00:00:00.0000,  5.364909274307885E+09,  4.416046387161513E+09, -1.567198244745378E+08,
2448124.500000000, A.D. 1990-Aug-21 00:00:00.0000,  5.364672283734475E+09,  4.416332583543265E+09, -1.567884430842619E+08,
2448125.500000000, A.D. 1990-Aug-22 00:00:00.0000,  5.364435277843029E+09,  4.416618765509554E+09, -1.568570612415340E+08,
2448126.500000000, A.D. 1990-Aug-23 00:00:00.0000,  5.364198256638846E+09,  4.416904933059908E+09, -1.569256789463511E+08,
2448127.500000000, A.D. 1990-Aug-24 00:00:00.0000,  5.363961220127163E+09,  4.417191086193946E+09, -1.569942961987054E+08,
2448128.500000000, A.D. 1990-Aug-25 00:00:00.0000,  5.363724168313152E+09,  4.417477224911363E+09, -1.570629129985843E+08,
2448129.500000000, A.D. 1990-Aug-26 00:00:00.0000,  5.363487101201904E+09,  4.417763349211924E+09, -1.571315293459711E+08,
2448130.500000000, A.D. 1990-Aug-27 00:00:00.0000,  5.363250018798431E+09,  4.418049459095458E+09, -1.572001452408457E+08,
2448131.500000000, A.D. 1990-Aug-28 00:00:00.0000,  5.363012921107646E+09,  4.418335554561839E+09, -1.572687606831844E+08,
2448132.500000000, A.D. 1990-Aug-29 00:00:00.0000,  5.362775808134363E+09,  4.418621635610976E+09, -1.573373756729574E+08,
2448133.500000000, A.D. 1990-Aug-30 00:00:00.0000,  5.362538679883290E+09,  4.418907702242799E+09, -1.574059902101371E+08,
2448134.500000000, A.D. 1990-Aug-31 00:00:00.0000,  5.362301536359022E+09,  4.419193754457234E+09, -1.574746042946899E+08,
2448135.500000000, A.D. 1990-Sep-01 00:00:00.0000,  5.362064377566039E+09,  4.419479792254196E+09, -1.575432179265842E+08,
2448136.500000000, A.D. 1990-Sep-02 00:00:00.0000,  5.361827203508699E+09,  4.419765815633555E+09, -1.576118311057901E+08,
2448137.500000000, A.D. 1990-Sep-03 00:00:00.0000,  5.361590014191251E+09,  4.420051824595118E+09, -1.576804438322797E+08,
2448138.500000000, A.D. 1990-Sep-04 00:00:00.0000,  5.361352809617822E+09,  4.420337819138597E+09, -1.577490561060319E+08,
2448139.500000000, A.D. 1990-Sep-05 00:00:00.0000,  5.361115589792438E+09,  4.420623799263588E+09, -1.578176679270341E+08,
2448140.500000000, A.D. 1990-Sep-06 00:00:00.0000,  5.360878354719035E+09,  4.420909764969533E+09, -1.578862792952876E+08,
2448141.500000000, A.D. 1990-Sep-07 00:00:00.0000,  5.360641104401469E+09,  4.421195716255690E+09, -1.579548902108099E+08,
2448142.500000000, A.D. 1990-Sep-08 00:00:00.0000,  5.360403838843554E+09,  4.421481653121098E+09, -1.580235006736407E+08,
2448143.500000000, A.D. 1990-Sep-09 00:00:00.0000,  5.360166558049082E+09,  4.421767575564545E+09, -1.580921106838472E+08,
2448144.500000000, A.D. 1990-Sep-10 00:00:00.0000,  5.359929262021878E+09,  4.422053483584535E+09, -1.581607202415323E+08,
2448145.500000000, A.D. 1990-Sep-11 00:00:00.0000,  5.359691950765847E+09,  4.422339377179260E+09, -1.582293293468394E+08,
2448146.500000000, A.D. 1990-Sep-12 00:00:00.0000,  5.359454624285039E+09,  4.422625256346574E+09, -1.582979379999614E+08,
2448147.500000000, A.D. 1990-Sep-13 00:00:00.0000,  5.359217282583728E+09,  4.422911121083987E+09, -1.583665462011487E+08,
2448148.500000000, A.D. 1990-Sep-14 00:00:00.0000,  5.358979925666495E+09,  4.423196971388657E+09, -1.584351539507158E+08,
2448149.500000000, A.D. 1990-Sep-15 00:00:00.0000,  5.358742553538332E+09,  4.423482807257408E+09, -1.585037612490516E+08,
2448150.500000000, A.D. 1990-Sep-16 00:00:00.0000,  5.358505166204740E+09,  4.423768628686779E+09, -1.585723680966227E+08,
2448151.500000000, A.D. 1990-Sep-17 00:00:00.0000,  5.358267763671836E+09,  4.424054435673069E+09, -1.586409744939795E+08,
2448152.500000000, A.D. 1990-Sep-18 00:00:00.0000,  5.358030345946463E+09,  4.424340228212452E+09, -1.587095804417567E+08,
2448153.500000000, A.D. 1990-Sep-19 00:00:00.0000,  5.357792913036273E+09,  4.424626006301085E+09, -1.587781859406736E+08,
2448154.500000000, A.D. 1990-Sep-20 00:00:00.0000,  5.357555464949797E+09,  4.424911769935277E+09, -1.588467909915228E+08,
2448155.500000000, A.D. 1990-Sep-21 00:00:00.0000,  5.357318001696478E+09,  4.425197519111659E+09, -1.589153955951645E+08,
2448156.500000000, A.D. 1990-Sep-22 00:00:00.0000,  5.357080523286673E+09,  4.425483253827391E+09, -1.589839997525046E+08,
2448157.500000000, A.D. 1990-Sep-23 00:00:00.0000,  5.356843029731580E+09,  4.425768974080359E+09, -1.590526034644737E+08,
2448158.500000000, A.D. 1990-Sep-24 00:00:00.0000,  5.356605521043148E+09,  4.426054679869376E+09, -1.591212067320037E+08,
2448159.500000000, A.D. 1990-Sep-25 00:00:00.0000,  5.356367997233900E+09,  4.426340371194350E+09, -1.591898095559952E+08,
2448160.500000000, A.D. 1990-Sep-26 00:00:00.0000,  5.356130458316747E+09,  4.426626048056412E+09, -1.592584119372919E+08,
2448161.500000000, A.D. 1990-Sep-27 00:00:00.0000,  5.355892904304735E+09,  4.426911710457987E+09, -1.593270138766484E+08,
2448162.500000000, A.D. 1990-Sep-28 00:00:00.0000,  5.355655335210821E+09,  4.427197358402816E+09, -1.593956153747108E+08,
2448163.500000000, A.D. 1990-Sep-29 00:00:00.0000,  5.355417751047623E+09,  4.427482991895906E+09, -1.594642164319959E+08,
2448164.500000000, A.D. 1990-Sep-30 00:00:00.0000,  5.355180151827199E+09,  4.427768610943433E+09, -1.595328170488799E+08,
2448165.500000000, A.D. 1990-Oct-01 00:00:00.0000,  5.354942537560882E+09,  4.428054215552594E+09, -1.596014172255917E+08,
2448166.500000000, A.D. 1990-Oct-02 00:00:00.0000,  5.354704908259128E+09,  4.428339805731444E+09, -1.596700169622176E+08,
2448167.500000000, A.D. 1990-Oct-03 00:00:00.0000,  5.354467263931441E+09,  4.428625381488702E+09, -1.597386162587042E+08,
2448168.500000000, A.D. 1990-Oct-04 00:00:00.0000,  5.354229604586329E+09,  4.428910942833562E+09, -1.598072151148736E+08,
2448169.500000000, A.D. 1990-Oct-05 00:00:00.0000,  5.353991930231288E+09,  4.429196489775530E+09, -1.598758135304334E+08,
2448170.500000000, A.D. 1990-Oct-06 00:00:00.0000,  5.353754240872857E+09,  4.429482022324252E+09, -1.599444115049956E+08,
2448171.500000000, A.D. 1990-Oct-07 00:00:00.0000,  5.353516536516648E+09,  4.429767540489386E+09, -1.600130090380895E+08,
2448172.500000000, A.D. 1990-Oct-08 00:00:00.0000,  5.353278817167444E+09,  4.430053044280495E+09, -1.600816061291795E+08,
2448173.500000000, A.D. 1990-Oct-09 00:00:00.0000,  5.353041082829249E+09,  4.430338533706957E+09, -1.601502027776763E+08,
2448174.500000000, A.D. 1990-Oct-10 00:00:00.0000,  5.352803333505395E+09,  4.430624008777906E+09, -1.602187989829531E+08,
2448175.500000000, A.D. 1990-Oct-11 00:00:00.0000,  5.352565569198613E+09,  4.430909469502191E+09, -1.602873947443507E+08,
2448176.500000000, A.D. 1990-Oct-12 00:00:00.0000,  5.352327789911105E+09,  4.431194915888340E+09, -1.603559900611913E+08,
2448177.500000000, A.D. 1990-Oct-13 00:00:00.0000,  5.352089995644623E+09,  4.431480347944561E+09, -1.604245849327850E+08,
2448178.500000000, A.D. 1990-Oct-14 00:00:00.0000,  5.351852186400526E+09,  4.431765765678726E+09, -1.604931793584332E+08,
2448179.500000000, A.D. 1990-Oct-15 00:00:00.0000,  5.351614362179840E+09,  4.432051169098380E+09, -1.605617733374348E+08,
2448180.500000000, A.D. 1990-Oct-16 00:00:00.0000,  5.351376522983296E+09,  4.432336558210748E+09, -1.606303668690891E+08,
2448181.500000000, A.D. 1990-Oct-17 00:00:00.0000,  5.351138668811381E+09,  4.432621933022750E+09, -1.606989599526989E+08,
2448182.500000000, A.D. 1990-Oct-18 00:00:00.0000,  5.350900799664367E+09,  4.432907293541014E+09, -1.607675525875709E+08,
2448183.500000000, A.D. 1990-Oct-19 00:00:00.0000,  5.350662915542337E+09,  4.433192639771891E+09, -1.608361447730184E+08,
2448184.500000000, A.D. 1990-Oct-20 00:00:00.0000,  5.350425016445213E+09,  4.433477971721472E+09, -1.609047365083594E+08,
2448185.500000000, A.D. 1990-Oct-21 00:00:00.0000,  5.350187102372773E+09,  4.433763289395599E+09, -1.609733277929194E+08,
2448186.500000000, A.D. 1990-Oct-22 00:00:00.0000,  5.349949173324665E+09,  4.434048592799891E+09, -1.610419186260295E+08,
2448187.500000000, A.D. 1990-Oct-23 00:00:00.0000,  5.349711229300424E+09,  4.434333881939740E+09, -1.611105090070276E+08,
2448188.500000000, A.D. 1990-Oct-24 00:00:00.0000,  5.349473270299473E+09,  4.434619156820342E+09, -1.611790989352574E+08,
2448189.500000000, A.D. 1990-Oct-25 00:00:00.0000,  5.349235296321143E+09,  4.434904417446694E+09, -1.612476884100661E+08,
2448190.500000000, A.D. 1990-Oct-26 00:00:00.0000,  5.348997307364672E+09,  4.435189663823617E+09, -1.613162774308078E+08,
2448191.500000000, A.D. 1990-Oct-27 00:00:00.0000,  5.348759303429206E+09,  4.435474895955751E+09, -1.613848659968390E+08,
2448192.500000000, A.D. 1990-Oct-28 00:00:00.0000,  5.348521284513815E+09,  4.435760113847575E+09, -1.614534541075203E+08,
2448193.500000000, A.D. 1990-Oct-29 00:00:00.0000,  5.348283250617479E+09,  4.436045317503410E+09, -1.615220417622156E+08,
2448194.500000000, A.D. 1990-Oct-30 00:00:00.0000,  5.348045201739108E+09,  4.436330506927424E+09, -1.615906289602900E+08,
2448195.500000000, A.D. 1990-Oct-31 00:00:00.0000,  5.347807137877528E+09,  4.436615682123637E+09, -1.616592157011101E+08,
2448196.500000000, A.D. 1990-Nov-01 00:00:00.0000,  5.347569059031493E+09,  4.436900843095927E+09, -1.617278019840460E+08,
2448197.500000000, A.D. 1990-Nov-02 00:00:00.0000,  5.347330965199678E+09,  4.437185989848035E+09, -1.617963878084660E+08,
2448198.500000000, A.D. 1990-Nov-03 00:00:00.0000,  5.347092856380683E+09,  4.437471122383561E+09, -1.618649731737399E+08,
2448199.500000000, A.D. 1990-Nov-04 00:00:00.0000,  5.346854732573033E+09,  4.437756240705976E+09, -1.619335580792365E+08,
2448200.500000000, A.D. 1990-Nov-05 00:00:00.0000,  5.346616593775181E+09,  4.438041344818615E+09, -1.620021425243254E+08,
2448201.500000000, A.D. 1990-Nov-06 00:00:00.0000,  5.346378439985494E+09,  4.438326434724685E+09, -1.620707265083745E+08,
2448202.500000000, A.D. 1990-Nov-07 00:00:00.0000,  5.346140271202274E+09,  4.438611510427260E+09, -1.621393100307505E+08,
2448203.500000000, A.D. 1990-Nov-08 00:00:00.0000,  5.345902087423742E+09,  4.438896571929285E+09, -1.622078930908179E+08,
2448204.500000000, A.D. 1990-Nov-09 00:00:00.0000,  5.345663888648037E+09,  4.439181619233571E+09, -1.622764756879418E+08,
2448205.500000000, A.D. 1990-Nov-10 00:00:00.0000,  5.345425674873226E+09,  4.439466652342801E+09, -1.623450578214824E+08,
2448206.500000000, A.D. 1990-Nov-11 00:00:00.0000,  5.345187446097296E+09,  4.439751671259521E+09, -1.624136394908001E+08,
2448207.500000000, A.D. 1990-Nov-12 00:00:00.0000,  5.344949202318152E+09,  4.440036675986147E+09, -1.624822206952529E+08,
2448208.500000000, A.D. 1990-Nov-13 00:00:00.0000,  5.344710943533620E+09,  4.440321666524951E+09, -1.625508014341953E+08,
2448209.500000000, A.D. 1990-Nov-14 00:00:00.0000,  5.344472669741444E+09,  4.440606642878069E+09, -1.626193817069800E+08,
2448210.500000000, A.D. 1990-Nov-15 00:00:00.0000,  5.344234380939285E+09,  4.440891605047492E+09, -1.626879615129578E+08,
2448211.500000000, A.D. 1990-Nov-16 00:00:00.0000,  5.343996077124720E+09,  4.441176553035065E+09, -1.627565408514776E+08,
2448212.500000000, A.D. 1990-Nov-17 00:00:00.0000,  5.343757758295243E+09,  4.441461486842479E+09, -1.628251197218852E+08,
2448213.500000000, A.D. 1990-Nov-18 00:00:00.0000,  5.343519424448257E+09,  4.441746406471269E+09, -1.628936981235247E+08,
2448214.500000000, A.D. 1990-Nov-19 00:00:00.0000,  5.343281075581085E+09,  4.442031311922805E+09, -1.629622760557392E+08,
2448215.500000000, A.D. 1990-Nov-20 00:00:00.0000,  5.343042711690956E+09,  4.442316203198288E+09, -1.630308535178685E+08,
2448216.500000000, A.D. 1990-Nov-21 00:00:00.0000,  5.342804332775009E+09,  4.442601080298739E+09, -1.630994305092542E+08,
2448217.500000000, A.D. 1990-Nov-22 00:00:00.0000,  5.342565938830298E+09,  4.442885943224995E+09, -1.631680070292349E+08,
2448218.500000000, A.D. 1990-Nov-23 00:00:00.0000,  5.342327529853782E+09,  4.443170791977691E+09, -1.632365830771511E+08,
2448219.500000000, A.D. 1990-Nov-24 00:00:00.0000,  5.342089105842330E+09,  4.443455626557256E+09, -1.633051586523426E+08,
2448220.500000000, A.D. 1990-Nov-25 00:00:00.0000,  5.341850666792723E+09,  4.443740446963895E+09, -1.633737337541535E+08,
2448221.500000000, A.D. 1990-Nov-26 00:00:00.0000,  5.341612212701651E+09,  4.444025253197577E+09, -1.634423083819294E+08,
2448222.500000000, A.D. 1990-Nov-27 00:00:00.0000,  5.341373743565720E+09,  4.444310045258020E+09, -1.635108825350218E+08,
2448223.500000000, A.D. 1990-Nov-28 00:00:00.0000,  5.341135259381452E+09,  4.444594823144668E+09, -1.635794562127872E+08,
2448224.500000000, A.D. 1990-Nov-29 00:00:00.0000,  5.340896760145294E+09,  4.444879586856670E+09, -1.636480294145932E+08,
2448225.500000000, A.D. 1990-Nov-30 00:00:00.0000,  5.340658245853625E+09,  4.445164336392865E+09, -1.637166021398168E+08,
2448226.500000000, A.D. 1990-Dec-01 00:00:00.0000,  5.340419716502770E+09,  4.445449071751752E+09, -1.637851743878503E+08,
2448227.500000000, A.D. 1990-Dec-02 00:00:00.0000,  5.340181172089013E+09,  4.445733792931460E+09, -1.638537461581028E+08,
2448228.500000000, A.D. 1990-Dec-03 00:00:00.0000,  5.339942612608615E+09,  4.446018499929729E+09, -1.639223174500062E+08,
2448229.500000000, A.D. 1990-Dec-04 00:00:00.0000,  5.339704038057844E+09,  4.446303192743866E+09, -1.639908882630191E+08,
2448230.500000000, A.D. 1990-Dec-05 00:00:00.0000,  5.339465448433007E+09,  4.446587871370729E+09, -1.640594585966330E+08,
2448231.500000000, A.D. 1990-Dec-06 00:00:00.0000,  5.339226843730493E+09,  4.446872535806688E+09, -1.641280284503767E+08,
2448232.500000000, A.D. 1990-Dec-07 00:00:00.0000,  5.338988223946817E+09,  4.447157186047598E+09, -1.641965978238254E+08,
2448233.500000000, A.D. 1990-Dec-08 00:00:00.0000,  5.338749589078687E+09,  4.447441822088772E+09, -1.642651667166071E+08,
2448234.500000000, A.D. 1990-Dec-09 00:00:00.0000,  5.338510939123068E+09,  4.447726443924968E+09, -1.643337351284106E+08,
2448235.500000000, A.D. 1990-Dec-10 00:00:00.0000,  5.338272274077275E+09,  4.448011051550375E+09, -1.644023030589938E+08,
2448236.500000000, A.D. 1990-Dec-11 00:00:00.0000,  5.338033593939063E+09,  4.448295644958621E+09, -1.644708705081949E+08,
2448237.500000000, A.D. 1990-Dec-12 00:00:00.0000,  5.337794898706727E+09,  4.448580224142788E+09, -1.645394374759338E+08,
2448238.500000000, A.D. 1990-Dec-13 00:00:00.0000,  5.337556188379218E+09,  4.448864789095467E+09, -1.646080039622269E+08,
2448239.500000000, A.D. 1990-Dec-14 00:00:00.0000,  5.337317462956252E+09,  4.449149339808816E+09, -1.646765699671836E+08,
2448240.500000000, A.D. 1990-Dec-15 00:00:00.0000,  5.337078722438422E+09,  4.449433876274669E+09, -1.647451354910152E+08,
2448241.500000000, A.D. 1990-Dec-16 00:00:00.0000,  5.336839966827291E+09,  4.449718398484661E+09, -1.648137005340276E+08,
2448242.500000000, A.D. 1990-Dec-17 00:00:00.0000,  5.336601196125463E+09,  4.450002906430397E+09, -1.648822650966177E+08,
2448243.500000000, A.D. 1990-Dec-18 00:00:00.0000,  5.336362410336628E+09,  4.450287400103628E+09, -1.649508291792619E+08,
2448244.500000000, A.D. 1990-Dec-19 00:00:00.0000,  5.336123609465551E+09,  4.450571879496465E+09, -1.650193927824972E+08,
2448245.500000000, A.D. 1990-Dec-20 00:00:00.0000,  5.335884793518027E+09,  4.450856344601584E+09, -1.650879559069016E+08,
2448246.500000000, A.D. 1990-Dec-21 00:00:00.0000,  5.335645962500768E+09,  4.451140795412431E+09, -1.651565185530658E+08,
2448247.500000000, A.D. 1990-Dec-22 00:00:00.0000,  5.335407116421248E+09,  4.451425231923389E+09, -1.652250807215672E+08,
2448248.500000000, A.D. 1990-Dec-23 00:00:00.0000,  5.335168255287511E+09,  4.451709654129919E+09, -1.652936424129381E+08,
2448249.500000000, A.D. 1990-Dec-24 00:00:00.0000,  5.334929379107932E+09,  4.451994062028632E+09, -1.653622036276405E+08,
2448250.500000000, A.D. 1990-Dec-25 00:00:00.0000,  5.334690487890976E+09,  4.452278455617311E+09, -1.654307643660412E+08,
2448251.500000000, A.D. 1990-Dec-26 00:00:00.0000,  5.334451581644974E+09,  4.452562834894876E+09, -1.654993246283948E+08,
2448252.500000000, A.D. 1990-Dec-27 00:00:00.0000,  5.334212660377902E+09,  4.452847199861279E+09, -1.655678844148312E+08,
2448253.500000000, A.D. 1990-Dec-28 00:00:00.0000,  5.333973724097207E+09,  4.453131550517374E+09, -1.656364437253501E+08,
2448254.500000000, A.D. 1990-Dec-29 00:00:00.0000,  5.333734772809678E+09,  4.453415886864746E+09, -1.657050025598254E+08,
2448255.500000000, A.D. 1990-Dec-30 00:00:00.0000,  5.333495806521362E+09,  4.453700208905538E+09, -1.657735609180102E+08,
2448256.500000000, A.D. 1990-Dec-31 00:00:00.0000,  5.333256825237528E+09,  4.453984516642260E+09, -1.658421187995474E+08,
2448257.500000000, A.D. 1991-Jan-01 00:00:00.0000,  5.333017828962662E+09,  4.454268810077632E+09, -1.659106762039866E+08,
2448258.500000000, A.D. 1991-Jan-02 00:00:00.0000,  5.332778817700514E+09,  4.454553089214426E+09, -1.659792331307993E+08,
2448259.500000000, A.D. 1991-Jan-03 00:00:00.0000,  5.332539791454144E+09,  4.454837354055342E+09, -1.660477895793903E+08,
2448260.500000000, A.D. 1991-Jan-04 00:00:00.0000,  5.332300750226001E+09,  4.455121604602905E+09, -1.661163455491185E+08,
2448261.500000000, A.D. 1991-Jan-05 00:00:00.0000,  5.332061694018003E+09,  4.455405840859394E+09, -1.661849010393088E+08,
2448262.500000000, A.D. 1991-Jan-06 00:00:00.0000,  5.331822622831625E+09,  4.455690062826777E+09, -1.662534560492632E+08,
2448263.500000000, A.D. 1991-Jan-07 00:00:00.0000,  5.331583536667974E+09,  4.455974270506681E+09, -1.663220105782728E+08,
2448264.500000000, A.D. 1991-Jan-08 00:00:00.0000,  5.331344435527873E+09,  4.456258463900378E+09, -1.663905646256268E+08,
2448265.500000000, A.D. 1991-Jan-09 00:00:00.0000,  5.331105319411933E+09,  4.456542643008770E+09, -1.664591181906195E+08,
2448266.500000000, A.D. 1991-Jan-10 00:00:00.0000,  5.330866188320605E+09,  4.456826807832397E+09, -1.665276712725546E+08,
2448267.500000000, A.D. 1991-Jan-11 00:00:00.0000,  5.330627042254254E+09,  4.457110958371445E+09, -1.665962238707511E+08,
2448268.500000000, A.D. 1991-Jan-12 00:00:00.0000,  5.330387881213186E+09,  4.457395094625771E+09, -1.666647759845483E+08,
2448269.500000000, A.D. 1991-Jan-13 00:00:00.0000,  5.330148705197704E+09,  4.457679216594910E+09, -1.667333276133029E+08,
2448270.500000000, A.D. 1991-Jan-14 00:00:00.0000,  5.329909514208136E+09,  4.457963324278106E+09, -1.668018787563953E+08,
2448271.500000000, A.D. 1991-Jan-15 00:00:00.0000,  5.329670308244861E+09,  4.458247417674329E+09, -1.668704294132302E+08,
2448272.500000000, A.D. 1991-Jan-16 00:00:00.0000,  5.329431087308334E+09,  4.458531496782302E+09, -1.669389795832326E+08,
2448273.500000000, A.D. 1991-Jan-17 00:00:00.0000,  5.329191851399106E+09,  4.458815561600521E+09, -1.670075292658544E+08,
2448274.500000000, A.D. 1991-Jan-18 00:00:00.0000,  5.328952600517839E+09,  4.459099612127277E+09, -1.670760784605687E+08,
2448275.500000000, A.D. 1991-Jan-19 00:00:00.0000,  5.328713334665309E+09,  4.459383648360676E+09, -1.671446271668727E+08,
2448276.500000000, A.D. 1991-Jan-20 00:00:00.0000,  5.328474053842429E+09,  4.459667670298657E+09, -1.672131753842859E+08,
2448277.500000000, A.D. 1991-Jan-21 00:00:00.0000,  5.328234758050245E+09,  4.459951677939018E+09, -1.672817231123500E+08,
2448278.500000000, A.D. 1991-Jan-22 00:00:00.0000,  5.327995447289940E+09,  4.460235671279424E+09, -1.673502703506269E+08,
2448279.500000000, A.D. 1991-Jan-23 00:00:00.0000,  5.327756121562845E+09,  4.460519650317423E+09, -1.674188170986993E+08,
2448280.500000000, A.D. 1991-Jan-24 00:00:00.0000,  5.327516780870438E+09,  4.460803615050470E+09, -1.674873633561702E+08,
2448281.500000000, A.D. 1991-Jan-25 00:00:00.0000,  5.327277425214335E+09,  4.461087565475933E+09, -1.675559091226604E+08,
2448282.500000000, A.D. 1991-Jan-26 00:00:00.0000,  5.327038054596308E+09,  4.461371501591106E+09, -1.676244543978093E+08,
2448283.500000000, A.D. 1991-Jan-27 00:00:00.0000,  5.326798669018266E+09,  4.461655423393224E+09, -1.676929991812732E+08,
2448284.500000000, A.D. 1991-Jan-28 00:00:00.0000,  5.326559268482264E+09,  4.461939330879469E+09, -1.677615434727252E+08,
2448285.500000000, A.D. 1991-Jan-29 00:00:00.0000,  5.326319852990502E+09,  4.462223224046984E+09, -1.678300872718544E+08,
2448286.500000000, A.D. 1991-Jan-30 00:00:00.0000,  5.326080422545315E+09,  4.462507102892881E+09, -1.678986305783639E+08,
2448287.500000000, A.D. 1991-Jan-31 00:00:00.0000,  5.325840977149173E+09,  4.462790967414249E+09, -1.679671733919716E+08,
2448288.500000000, A.D. 1991-Feb-01 00:00:00.0000,  5.325601516804678E+09,  4.463074817608164E+09, -1.680357157124104E+08,
2448289.500000000, A.D. 1991-Feb-02 00:00:00.0000,  5.325362041514567E+09,  4.463358653471687E+09, -1.681042575394244E+08,
2448290.500000000, A.D. 1991-Feb-03 00:00:00.0000,  5.325122551281695E+09,  4.463642475001887E+09, -1.681727988727720E+08,
2448291.500000000, A.D. 1991-Feb-04 00:00:00.0000,  5.324883046109040E+09,  4.463926282195829E+09, -1.682413397122219E+08,
2448292.500000000, A.D. 1991-Feb-05 00:00:00.0000,  5.324643525999699E+09,  4.464210075050593E+09, -1.683098800575554E+08,
2448293.500000000, A.D. 1991-Feb-06 00:00:00.0000,  5.324403990956874E+09,  4.464493853563270E+09, -1.683784199085646E+08,
2448294.500000000, A.D. 1991-Feb-07 00:00:00.0000,  5.324164440983882E+09,  4.464777617730967E+09, -1.684469592650502E+08,
2448295.500000000, A.D. 1991-Feb-08 00:00:00.0000,  5.323924876084137E+09,  4.465061367550818E+09, -1.685154981268260E+08,
2448296.500000000, A.D. 1991-Feb-09 00:00:00.0000,  5.323685296261151E+09,  4.465345103019981E+09, -1.685840364937129E+08,
2448297.500000000, A.D. 1991-Feb-10 00:00:00.0000,  5.323445701518527E+09,  4.465628824135636E+09, -1.686525743655415E+08,
2448298.500000000, A.D. 1991-Feb-11 00:00:00.0000,  5.323206091859950E+09,  4.465912530894997E+09, -1.687211117421515E+08,
2448299.500000000, A.D. 1991-Feb-12 00:00:00.0000,  5.322966467289189E+09,  4.466196223295304E+09, -1.687896486233909E+08,
2448300.500000000, A.D. 1991-Feb-13 00:00:00.0000,  5.322726827810086E+09,  4.466479901333831E+09, -1.688581850091166E+08,
2448301.500000000, A.D. 1991-Feb-14 00:00:00.0000,  5.322487173426547E+09,  4.466763565007872E+09, -1.689267208991914E+08,
2448302.500000000, A.D. 1991-Feb-15 00:00:00.0000,  5.322247504142540E+09,  4.467047214314759E+09, -1.689952562934885E+08,
2448303.500000000, A.D. 1991-Feb-16 00:00:00.0000,  5.322007819962088E+09,  4.467330849251842E+09, -1.690637911918874E+08,
2448304.500000000, A.D. 1991-Feb-17 00:00:00.0000,  5.321768120889262E+09,  4.467614469816496E+09, -1.691323255942748E+08,
2448305.500000000, A.D. 1991-Feb-18 00:00:00.0000,  5.321528406928177E+09,  4.467898076006107E+09, -1.692008595005481E+08,
2448306.500000000, A.D. 1991-Feb-19 00:00:00.0000,  5.321288678082979E+09,  4.468181667818078E+09, -1.692693929106097E+08,
2448307.500000000, A.D. 1991-Feb-20 00:00:00.0000,  5.321048934357850E+09,  4.468465245249807E+09, -1.693379258243723E+08,
2448308.500000000, A.D. 1991-Feb-21 00:00:00.0000,  5.320809175756991E+09,  4.468748808298690E+09, -1.694064582417574E+08,
2448309.500000000, A.D. 1991-Feb-22 00:00:00.0000,  5.320569402284628E+09,  4.469032356962099E+09, -1.694749901626971E+08,
2448310.500000000, A.D. 1991-Feb-23 00:00:00.0000,  5.320329613945002E+09,  4.469315891237381E+09, -1.695435215871344E+08,
2448311.500000000, A.D. 1991-Feb-24 00:00:00.0000,  5.320089810742368E+09,  4.469599411121829E+09, -1.696120525150228E+08,
2448312.500000000, A.D. 1991-Feb-25 00:00:00.0000,  5.319849992681000E+09,  4.469882916612677E+09, -1.696805829463334E+08,
2448313.500000000, A.D. 1991-Feb-26 00:00:00.0000,  5.319610159765184E+09,  4.470166407707071E+09, -1.697491128810511E+08,
2448314.500000000, A.D. 1991-Feb-27 00:00:00.0000,  5.319370311999237E+09,  4.470449884402053E+09, -1.698176423191812E+08,
2448315.500000000, A.D. 1991-Feb-28 00:00:00.0000,  5.319130449387498E+09,  4.470733346694533E+09, -1.698861712607493E+08,
2448316.500000000, A.D. 1991-Mar-01 00:00:00.0000,  5.318890571934359E+09,  4.471016794581264E+09, -1.699546997058086E+08,
2448317.500000000, A.D. 1991-Mar-02 00:00:00.0000,  5.318650679644270E+09,  4.471300228058814E+09, -1.700232276544411E+08,
2448318.500000000, A.D. 1991-Mar-03 00:00:00.0000,  5.318410772521783E+09,  4.471583647123539E+09, -1.700917551067646E+08,
2448319.500000000, A.D. 1991-Mar-04 00:00:00.0000,  5.318170850571567E+09,  4.471867051771549E+09, -1.701602820629368E+08,
2448320.500000000, A.D. 1991-Mar-05 00:00:00.0000,  5.317930913798463E+09,  4.472150441998692E+09, -1.702288085231647E+08,
2448321.500000000, A.D. 1991-Mar-06 00:00:00.0000,  5.317690962207541E+09,  4.472433817800517E+09, -1.702973344877081E+08,
2448322.500000000, A.D. 1991-Mar-07 00:00:00.0000,  5.317450995804153E+09,  4.472717179172266E+09, -1.703658599568899E+08,
2448323.500000000, A.D. 1991-Mar-08 00:00:00.0000,  5.317211014594024E+09,  4.473000526108869E+09, -1.704343849311023E+08,
2448324.500000000, A.D. 1991-Mar-09 00:00:00.0000,  5.316971018583323E+09,  4.473283858604937E+09, -1.705029094108160E+08,
2448325.500000000, A.D. 1991-Mar-10 00:00:00.0000,  5.316731007778782E+09,  4.473567176654799E+09, -1.705714333965867E+08,
2448326.500000000, A.D. 1991-Mar-11 00:00:00.0000,  5.316490982187775E+09,  4.473850480252542E+09, -1.706399568890615E+08,
2448327.500000000, A.D. 1991-Mar-12 00:00:00.0000,  5.316250941818446E+09,  4.474133769392080E+09, -1.707084798889835E+08,
2448328.500000000, A.D. 1991-Mar-13 00:00:00.0000,  5.316010886679792E+09,  4.474417044067256E+09, -1.707770023971901E+08,
2448329.500000000, A.D. 1991-Mar-14 00:00:00.0000,  5.315770816781764E+09,  4.474700304271978E+09, -1.708455244146163E+08,
2448330.500000000, A.D. 1991-Mar-15 00:00:00.0000,  5.315530732135324E+09,  4.474983550000378E+09, -1.709140459422812E+08,
2448331.500000000, A.D. 1991-Mar-16 00:00:00.0000,  5.315290632752479E+09,  4.475266781246999E+09, -1.709825669812796E+08,
2448332.500000000, A.D. 1991-Mar-17 00:00:00.0000,  5.315050518646264E+09,  4.475549998007001E+09, -1.710510875327644E+08,
2448333.500000000, A.D. 1991-Mar-18 00:00:00.0000,  5.314810389830692E+09,  4.475833200276368E+09, -1.711196075979221E+08,
2448334.500000000, A.D. 1991-Mar-19 00:00:00.0000,  5.314570246320624E+09,  4.476116388052112E+09, -1.711881271779470E+08,
2448335.500000000, A.D. 1991-Mar-20 00:00:00.0000,  5.314330088131617E+09,  4.476399561332437E+09, -1.712566462740135E+08,
2448336.500000000, A.D. 1991-Mar-21 00:00:00.0000,  5.314089915279705E+09,  4.476682720116877E+09, -1.713251648872452E+08,
2448337.500000000, A.D. 1991-Mar-22 00:00:00.0000,  5.313849727781173E+09,  4.476965864406365E+09, -1.713936830186870E+08,
2448338.500000000, A.D. 1991-Mar-23 00:00:00.0000,  5.313609525652298E+09,  4.477248994203257E+09, -1.714622006692810E+08,
2448339.500000000, A.D. 1991-Mar-24 00:00:00.0000,  5.313369308909116E+09,  4.477532109511278E+09, -1.715307178398509E+08,
2448340.500000000, A.D. 1991-Mar-25 00:00:00.0000,  5.313129077567202E+09,  4.477815210335430E+09, -1.715992345310853E+08,
2448341.500000000, A.D. 1991-Mar-26 00:00:00.0000,  5.312888831641482E+09,  4.478098296681852E+09, -1.716677507435372E+08,
2448342.500000000, A.D. 1991-Mar-27 00:00:00.0000,  5.312648571146115E+09,  4.478381368557647E+09, -1.717362664776239E+08,
2448343.500000000, A.D. 1991-Mar-28 00:00:00.0000,  5.312408296094379E+09,  4.478664425970695E+09, -1.718047817336326E+08,
2448344.500000000, A.D. 1991-Mar-29 00:00:00.0000,  5.312168006498648E+09,  4.478947468929483E+09, -1.718732965117331E+08,
2448345.500000000, A.D. 1991-Mar-30 00:00:00.0000,  5.311927702370378E+09,  4.479230497442924E+09, -1.719418108119912E+08,
2448346.500000000, A.D. 1991-Mar-31 00:00:00.0000,  5.311687383720141E+09,  4.479513511520203E+09, -1.720103246343827E+08,
2448347.500000000, A.D. 1991-Apr-01 00:00:00.0000,  5.311447050557672E+09,  4.479796511170654E+09, -1.720788379788120E+08,
2448348.500000000, A.D. 1991-Apr-02 00:00:00.0000,  5.311206702891939E+09,  4.480079496403655E+09, -1.721473508451223E+08,
2448349.500000000, A.D. 1991-Apr-03 00:00:00.0000,  5.310966340731216E+09,  4.480362467228540E+09, -1.722158632331126E+08,
2448350.500000000, A.D. 1991-Apr-04 00:00:00.0000,  5.310725964083168E+09,  4.480645423654552E+09, -1.722843751425481E+08,
2448351.500000000, A.D. 1991-Apr-05 00:00:00.0000,  5.310485572954916E+09,  4.480928365690794E+09, -1.723528865731714E+08,
2448352.500000000, A.D. 1991-Apr-06 00:00:00.0000,  5.310245167353115E+09,  4.481211293346211E+09, -1.724213975247099E+08,
2448353.500000000, A.D. 1991-Apr-07 00:00:00.0000,  5.310004747284019E+09,  4.481494206629581E+09, -1.724899079968834E+08,
2448354.500000000, A.D. 1991-Apr-08 00:00:00.0000,  5.309764312753531E+09,  4.481777105549510E+09, -1.725584179894090E+08,
2448355.500000000, A.D. 1991-Apr-09 00:00:00.0000,  5.309523863767264E+09,  4.482059990114438E+09, -1.726269275020039E+08,
2448356.500000000, A.D. 1991-Apr-10 00:00:00.0000,  5.309283400330569E+09,  4.482342860332657E+09, -1.726954365343921E+08,
2448357.500000000, A.D. 1991-Apr-11 00:00:00.0000,  5.309042922448581E+09,  4.482625716212317E+09, -1.727639450863016E+08,
2448358.500000000, A.D. 1991-Apr-12 00:00:00.0000,  5.308802430126239E+09,  4.482908557761446E+09, -1.728324531574688E+08,
2448359.500000000, A.D. 1991-Apr-13 00:00:00.0000,  5.308561923368314E+09,  4.483191384987967E+09, -1.729009607476380E+08,
2448360.500000000, A.D. 1991-Apr-14 00:00:00.0000,  5.308321402179420E+09,  4.483474197899714E+09, -1.729694678565612E+08,
2448361.500000000, A.D. 1991-Apr-15 00:00:00.0000,  5.308080866564036E+09,  4.483756996504449E+09, -1.730379744839993E+08,
2448362.500000000, A.D. 1991-Apr-16 00:00:00.0000,  5.307840316526509E+09,  4.484039780809874E+09, -1.731064806297197E+08,
2448363.500000000, A.D. 1991-Apr-17 00:00:00.0000,  5.307599752071062E+09,  4.484322550823652E+09, -1.731749862934980E+08,
2448364.500000000, A.D. 1991-Apr-18 00:00:00.0000,  5.307359173201798E+09,  4.484605306553415E+09, -1.732434914751153E+08,
2448365.500000000, A.D. 1991-Apr-19 00:00:00.0000,  5.307118579922703E+09,  4.484888048006774E+09, -1.733119961743569E+08,
2448366.500000000, A.D. 1991-Apr-20 00:00:00.0000,  5.306877972237645E+09,  4.485170775191335E+09, -1.733805003910146E+08,
2448367.500000000, A.D. 1991-Apr-21 00:00:00.0000,  5.306637350150376E+09,  4.485453488114702E+09, -1.734490041248813E+08,
2448368.500000000, A.D. 1991-Apr-22 00:00:00.0000,  5.306396713664526E+09,  4.485736186784490E+09, -1.735175073757529E+08,
2448369.500000000, A.D. 1991-Apr-23 00:00:00.0000,  5.306156062783601E+09,  4.486018871208326E+09, -1.735860101434274E+08,
2448370.500000000, A.D. 1991-Apr-24 00:00:00.0000,  5.305915397510980E+09,  4.486301541393859E+09, -1.736545124277024E+08,
2448371.500000000, A.D. 1991-Apr-25 00:00:00.0000,  5.305674717849910E+09,  4.486584197348761E+09, -1.737230142283757E+08,
2448372.500000000, A.D. 1991-Apr-26 00:00:00.0000,  5.305434023803504E+09,  4.486866839080731E+09, -1.737915155452423E+08,
2448373.500000000, A.D. 1991-Apr-27 00:00:00.0000,  5.305193315374731E+09,  4.487149466597497E+09, -1.738600163780961E+08,
2448374.500000000, A.D. 1991-Apr-28 00:00:00.0000,  5.304952592566414E+09,  4.487432079906819E+09, -1.739285167267282E+08,
2448375.500000000, A.D. 1991-Apr-29 00:00:00.0000,  5.304711855381225E+09,  4.487714679016488E+09, -1.739970165909252E+08,
2448376.500000000, A.D. 1991-Apr-30 00:00:00.0000,  5.304471103821677E+09,  4.487997263934322E+09, -1.740655159704685E+08,
2448377.500000000, A.D. 1991-May-01 00:00:00.0000,  5.304230337890122E+09,  4.488279834668173E+09, -1.741340148651357E+08,
2448378.500000000, A.D. 1991-May-02 00:00:00.0000,  5.303989557588741E+09,  4.488562391225920E+09, -1.742025132746975E+08,
2448379.500000000, A.D. 1991-May-03 00:00:00.0000,  5.303748762919540E+09,  4.488844933615464E+09, -1.742710111989179E+08,
2448380.500000000, A.D. 1991-May-04 00:00:00.0000,  5.303507953884348E+09,  4.489127461844733E+09, -1.743395086375542E+08,
2448381.500000000, A.D. 1991-May-05 00:00:00.0000,  5.303267130484800E+09,  4.489409975921673E+09, -1.744080055903571E+08,
2448382.500000000, A.D. 1991-May-06 00:00:00.0000,  5.303026292722349E+09,  4.489692475854239E+09, -1.744765020570672E+08,
2448383.500000000, A.D. 1991-May-07 00:00:00.0000,  5.302785440598245E+09,  4.489974961650404E+09, -1.745449980374174E+08,
2448384.500000000, A.D. 1991-May-08 00:00:00.0000,  5.302544574113535E+09,  4.490257433318137E+09, -1.746134935311329E+08,
2448385.500000000, A.D. 1991-May-09 00:00:00.0000,  5.302303693269055E+09,  4.490539890865410E+09, -1.746819885379279E+08,
2448386.500000000, A.D. 1991-May-10 00:00:00.0000,  5.302062798065433E+09,  4.490822334300181E+09, -1.747504830575082E+08,
2448387.500000000, A.D. 1991-May-11 00:00:00.0000,  5.301821888503069E+09,  4.491104763630396E+09, -1.748189770895696E+08,
2448388.500000000, A.D. 1991-May-12 00:00:00.0000,  5.301580964582145E+09,  4.491387178863970E+09, -1.748874706337974E+08,
2448389.500000000, A.D. 1991-May-13 00:00:00.0000,  5.301340026302607E+09,  4.491669580008788E+09, -1.749559636898685E+08,
2448390.500000000, A.D. 1991-May-14 00:00:00.0000,  5.301099073664165E+09,  4.491951967072689E+09, -1.750244562574484E+08,
2448391.500000000, A.D. 1991-May-15 00:00:00.0000,  5.300858106666293E+09,  4.492234340063452E+09, -1.750929483361926E+08,
2448392.500000000, A.D. 1991-May-16 00:00:00.0000,  5.300617125308215E+09,  4.492516698988792E+09, -1.751614399257474E+08,
2448393.500000000, A.D. 1991-May-17 00:00:00.0000,  5.300376129588902E+09,  4.492799043856342E+09, -1.752299310257499E+08,
2448394.500000000, A.D. 1991-May-18 00:00:00.0000,  5.300135119507082E+09,  4.493081374673636E+09, -1.752984216358287E+08,
2448395.500000000, A.D. 1991-May-19 00:00:00.0000,  5.299894095061214E+09,  4.493363691448096E+09, -1.753669117556024E+08,
2448396.500000000, A.D. 1991-May-20 00:00:00.0000,  5.299653056249504E+09,  4.493645994187015E+09, -1.754354013846848E+08,
2448397.500000000, A.D. 1991-May-21 00:00:00.0000,  5.299412003069894E+09,  4.493928282897532E+09, -1.755038905226796E+08,
2448398.500000000, A.D. 1991-May-22 00:00:00.0000,  5.299170935520064E+09,  4.494210557586617E+09, -1.755723791691892E+08,
2448399.500000000, A.D. 1991-May-23 00:00:00.0000,  5.298929853597438E+09,  4.494492818261045E+09, -1.756408673238111E+08,
2448400.500000000, A.D. 1991-May-24 00:00:00.0000,  5.298688757299177E+09,  4.494775064927371E+09, -1.757093549861403E+08,
2448401.500000000, A.D. 1991-May-25 00:00:00.0000,  5.298447646622199E+09,  4.495057297591898E+09, -1.757778421557741E+08,
2448402.500000000, A.D. 1991-May-26 00:00:00.0000,  5.298206521563173E+09,  4.495339516260653E+09, -1.758463288323131E+08,
2448403.500000000, A.D. 1991-May-27 00:00:00.0000,  5.297965382118550E+09,  4.495621720939351E+09, -1.759148150153663E+08,
2448404.500000000, A.D. 1991-May-28 00:00:00.0000,  5.297724228284566E+09,  4.495903911633364E+09, -1.759833007045534E+08,
2448405.500000000, A.D. 1991-May-29 00:00:00.0000,  5.297483060057275E+09,  4.496186088347683E+09, -1.760517858995097E+08,
2448406.500000000, A.D. 1991-May-30 00:00:00.0000,  5.297241877432576E+09,  4.496468251086882E+09, -1.761202705998931E+08,
2448407.500000000, A.D. 1991-May-31 00:00:00.0000,  5.297000680406261E+09,  4.496750399855083E+09, -1.761887548053880E+08,
2448408.500000000, A.D. 1991-Jun-01 00:00:00.0000,  5.296759468974057E+09,  4.497032534655926E+09, -1.762572385157168E+08,
2448409.500000000, A.D. 1991-Jun-02 00:00:00.0000,  5.296518243131686E+09,  4.497314655492531E+09, -1.763257217306395E+08,
2448410.500000000, A.D. 1991-Jun-03 00:00:00.0000,  5.296277002874939E+09,  4.497596762367478E+09, -1.763942044499691E+08,
2448411.500000000, A.D. 1991-Jun-04 00:00:00.0000,  5.296035748199761E+09,  4.497878855282801E+09, -1.764626866735771E+08,
2448412.500000000, A.D. 1991-Jun-05 00:00:00.0000,  5.295794479102345E+09,  4.498160934239972E+09, -1.765311684014018E+08,
2448413.500000000, A.D. 1991-Jun-06 00:00:00.0000,  5.295553195579224E+09,  4.498442999239935E+09, -1.765996496334548E+08,
2448414.500000000, A.D. 1991-Jun-07 00:00:00.0000,  5.295311897627403E+09,  4.498725050283133E+09, -1.766681303698301E+08,
2448415.500000000, A.D. 1991-Jun-08 00:00:00.0000,  5.295070585244452E+09,  4.499007087369581E+09, -1.767366106107075E+08,
2448416.500000000, A.D. 1991-Jun-09 00:00:00.0000,  5.294829258428627E+09,  4.499289110498964E+09, -1.768050903563521E+08,
2448417.500000000, A.D. 1991-Jun-10 00:00:00.0000,  5.294587917178954E+09,  4.499571119670758E+09, -1.768735696071155E+08,
2448418.500000000, A.D. 1991-Jun-11 00:00:00.0000,  5.294346561495305E+09,  4.499853114884395E+09, -1.769420483634269E+08,
2448419.500000000, A.D. 1991-Jun-12 00:00:00.0000,  5.294105191378440E+09,  4.500135096139439E+09, -1.770105266257818E+08,
2448420.500000000, A.D. 1991-Jun-13 00:00:00.0000,  5.293863806829991E+09,  4.500417063435792E+09, -1.770790043947248E+08,
2448421.500000000, A.D. 1991-Jun-14 00:00:00.0000,  5.293622407852412E+09,  4.500699016773895E+09, -1.771474816708274E+08,
2448422.500000000, A.D. 1991-Jun-15 00:00:00.0000,  5.293380994448874E+09,  4.500980956154923E+09, -1.772159584546611E+08,
2448423.500000000, A.D. 1991-Jun-16 00:00:00.0000,  5.293139566623097E+09,  4.501262881580951E+09, -1.772844347467699E+08,
2448424.500000000, A.D. 1991-Jun-17 00:00:00.0000,  5.292898124379162E+09,  4.501544793055079E+09, -1.773529105476415E+08,
2448425.500000000, A.D. 1991-Jun-18 00:00:00.0000,  5.292656667721265E+09,  4.501826690581503E+09, -1.774213858576777E+08,
2448426.500000000, A.D. 1991-Jun-19 00:00:00.0000,  5.292415196653494E+09,  4.502108574165525E+09, -1.774898606771748E+08,
2448427.500000000, A.D. 1991-Jun-20 00:00:00.0000,  5.292173711179585E+09,  4.502390443813501E+09, -1.775583350063026E+08,
2448428.500000000, A.D. 1991-Jun-21 00:00:00.0000,  5.291932211302719E+09,  4.502672299532746E+09, -1.776268088450966E+08,
2448429.500000000, A.D. 1991-Jun-22 00:00:00.0000,  5.291690697025354E+09,  4.502954141331380E+09, -1.776952821934495E+08,
2448430.500000000, A.D. 1991-Jun-23 00:00:00.0000,  5.291449168349092E+09,  4.503235969218158E+09, -1.777637550511186E+08,
2448431.500000000, A.D. 1991-Jun-24 00:00:00.0000,  5.291207625274599E+09,  4.503517783202290E+09, -1.778322274177289E+08,
2448432.500000000, A.D. 1991-Jun-25 00:00:00.0000,  5.290966067801585E+09,  4.503799583293247E+09, -1.779006992927866E+08,
2448433.500000000, A.D. 1991-Jun-26 00:00:00.0000,  5.290724495928797E+09,  4.504081369500602E+09, -1.779691706756938E+08,
2448434.500000000, A.D. 1991-Jun-27 00:00:00.0000,  5.290482909654063E+09,  4.504363141833858E+09, -1.780376415657644E+08,
2448435.500000000, A.D. 1991-Jun-28 00:00:00.0000,  5.290241308974351E+09,  4.504644900302341E+09, -1.781061119622386E+08,
2448436.500000000, A.D. 1991-Jun-29 00:00:00.0000,  5.289999693885854E+09,  4.504926644915073E+09, -1.781745818642983E+08,
2448437.500000000, A.D. 1991-Jun-30 00:00:00.0000,  5.289758064384057E+09,  4.505208375680706E+09, -1.782430512710843E+08,
2448438.500000000, A.D. 1991-Jul-01 00:00:00.0000,  5.289516420463847E+09,  4.505490092607459E+09, -1.783115201817040E+08,
2448439.500000000, A.D. 1991-Jul-02 00:00:00.0000,  5.289274762119576E+09,  4.505771795703082E+09, -1.783799885952449E+08,
2448440.500000000, A.D. 1991-Jul-03 00:00:00.0000,  5.289033089345159E+09,  4.506053484974832E+09, -1.784484565107844E+08,
2448441.500000000, A.D. 1991-Jul-04 00:00:00.0000,  5.288791402134130E+09,  4.506335160429460E+09, -1.785169239273922E+08,
2448442.500000000, A.D. 1991-Jul-05 00:00:00.0000,  5.288549700479728E+09,  4.506616822073215E+09, -1.785853908441439E+08,
2448443.500000000, A.D. 1991-Jul-06 00:00:00.0000,  5.288307984374937E+09,  4.506898469911854E+09, -1.786538572601175E+08,
2448444.500000000, A.D. 1991-Jul-07 00:00:00.0000,  5.288066253812542E+09,  4.507180103950646E+09, -1.787223231744020E+08,
2448445.500000000, A.D. 1991-Jul-08 00:00:00.0000,  5.287824508785182E+09,  4.507461724194397E+09, -1.787907885860975E+08,
2448446.500000000, A.D. 1991-Jul-09 00:00:00.0000,  5.287582749285372E+09,  4.507743330647459E+09, -1.788592534943185E+08,
2448447.500000000, A.D. 1991-Jul-10 00:00:00.0000,  5.287340975305544E+09,  4.508024923313757E+09, -1.789277178981926E+08,
2448448.500000000, A.D. 1991-Jul-11 00:00:00.0000,  5.287099186838068E+09,  4.508306502196801E+09, -1.789961817968636E+08,
2448449.500000000, A.D. 1991-Jul-12 00:00:00.0000,  5.286857383875277E+09,  4.508588067299711E+09, -1.790646451894910E+08,
2448450.500000000, A.D. 1991-Jul-13 00:00:00.0000,  5.286615566409487E+09,  4.508869618625230E+09, -1.791331080752492E+08,
2448451.500000000, A.D. 1991-Jul-14 00:00:00.0000,  5.286373734433004E+09,  4.509151156175741E+09, -1.792015704533274E+08,
2448452.500000000, A.D. 1991-Jul-15 00:00:00.0000,  5.286131887938149E+09,  4.509432679953291E+09, -1.792700323229311E+08,
2448453.500000000, A.D. 1991-Jul-16 00:00:00.0000,  5.285890026917255E+09,  4.509714189959594E+09, -1.793384936832790E+08,
2448454.500000000, A.D. 1991-Jul-17 00:00:00.0000,  5.285648151362684E+09,  4.509995686196053E+09, -1.794069545336046E+08,
2448455.500000000, A.D. 1991-Jul-18 00:00:00.0000,  5.285406261266834E+09,  4.510277168663772E+09, -1.794754148731542E+08,
2448456.500000000, A.D. 1991-Jul-19 00:00:00.0000,  5.285164356622143E+09,  4.510558637363564E+09, -1.795438747011878E+08,
2448457.500000000, A.D. 1991-Jul-20 00:00:00.0000,  5.284922437421092E+09,  4.510840092295964E+09, -1.796123340169775E+08,
2448458.500000000, A.D. 1991-Jul-21 00:00:00.0000,  5.284680503656212E+09,  4.511121533461243E+09, -1.796807928198061E+08,
2448459.500000000, A.D. 1991-Jul-22 00:00:00.0000,  5.284438555320089E+09,  4.511402960859404E+09, -1.797492511089690E+08,
2448460.500000000, A.D. 1991-Jul-23 00:00:00.0000,  5.284196592405359E+09,  4.511684374490206E+09, -1.798177088837712E+08,
2448461.500000000, A.D. 1991-Jul-24 00:00:00.0000,  5.283954614904723E+09,  4.511965774353161E+09, -1.798861661435287E+08,
2448462.500000000, A.D. 1991-Jul-25 00:00:00.0000,  5.283712622810937E+09,  4.512247160447543E+09, -1.799546228875680E+08,
2448463.500000000, A.D. 1991-Jul-26 00:00:00.0000,  5.283470616116819E+09,  4.512528532772396E+09, -1.800230791152227E+08,
2448464.500000000, A.D. 1991-Jul-27 00:00:00.0000,  5.283228594815254E+09,  4.512809891326536E+09, -1.800915348258376E+08,
2448465.500000000, A.D. 1991-Jul-28 00:00:00.0000,  5.282986558899186E+09,  4.513091236108558E+09, -1.801599900187647E+08,
2448466.500000000, A.D. 1991-Jul-29 00:00:00.0000,  5.282744508361629E+09,  4.513372567116842E+09, -1.802284446933653E+08,
2448467.500000000, A.D. 1991-Jul-30 00:00:00.0000,  5.282502443195660E+09,  4.513653884349552E+09, -1.802968988490081E+08,
2448468.500000000, A.D. 1991-Jul-31 00:00:00.0000,  5.282260363394423E+09,  4.513935187804644E+09, -1.803653524850690E+08,
2448469.500000000, A.D. 1991-Aug-01 00:00:00.0000,  5.282018268951130E+09,  4.514216477479868E+09, -1.804338056009326E+08,
2448470.500000000, A.D. 1991-Aug-02 00:00:00.0000,  5.281776159859058E+09,  4.514497753372766E+09, -1.805022581959894E+08,
2448471.500000000, A.D. 1991-Aug-03 00:00:00.0000,  5.281534036111554E+09,  4.514779015480683E+09, -1.805707102696383E+08,
2448472.500000000, A.D. 1991-Aug-04 00:00:00.0000,  5.281291897702030E+09,  4.515060263800757E+09, -1.806391618212833E+08,
2448473.500000000, A.D. 1991-Aug-05 00:00:00.0000,  5.281049744623965E+09,  4.515341498329933E+09, -1.807076128503377E+08,
2448474.500000000, A.D. 1991-Aug-06 00:00:00.0000,  5.280807576870903E+09,  4.515622719064947E+09, -1.807760633562186E+08,
2448475.500000000, A.D. 1991-Aug-07 00:00:00.0000,  5.280565394436457E+09,  4.515903926002344E+09, -1.808445133383520E+08,
2448476.500000000, A.D. 1991-Aug-08 00:00:00.0000,  5.280323197314299E+09,  4.516185119138463E+09, -1.809129627961695E+08,
2448477.500000000, A.D. 1991-Aug-09 00:00:00.0000,  5.280080985498171E+09,  4.516466298469445E+09, -1.809814117291107E+08,
2448478.500000000, A.D. 1991-Aug-10 00:00:00.0000,  5.279838758981877E+09,  4.516747463991220E+09, -1.810498601366205E+08,
2448479.500000000, A.D. 1991-Aug-11 00:00:00.0000,  5.279596517759279E+09,  4.517028615699516E+09, -1.811183080181522E+08,
2448480.500000000, A.D. 1991-Aug-12 00:00:00.0000,  5.279354261824306E+09,  4.517309753589846E+09, -1.811867553731658E+08,
2448481.500000000, A.D. 1991-Aug-13 00:00:00.0000,  5.279111991170945E+09,  4.517590877657503E+09, -1.812552022011302E+08,
2448482.500000000, A.D. 1991-Aug-14 00:00:00.0000,  5.278869705793243E+09,  4.517871987897561E+09, -1.813236485015218E+08,
2448483.500000000, A.D. 1991-Aug-15 00:00:00.0000,  5.278627405685308E+09,  4.518153084304857E+09, -1.813920942738273E+08,
2448484.500000000, A.D. 1991-Aug-16 00:00:00.0000,  5.278385090841307E+09,  4.518434166873988E+09, -1.814605395175419E+08,
2448485.500000000, A.D. 1991-Aug-17 00:00:00.0000,  5.278142761255470E+09,  4.518715235599299E+09, -1.815289842321742E+08,
2448486.500000000, A.D. 1991-Aug-18 00:00:00.0000,  5.277900416922093E+09,  4.518996290474867E+09, -1.815974284172437E+08,
2448487.500000000, A.D. 1991-Aug-19 00:00:00.0000,  5.277658057835539E+09,  4.519277331494485E+09, -1.816658720722852E+08,
2448488.500000000, A.D. 1991-Aug-20 00:00:00.0000,  5.277415683990242E+09,  4.519558358651652E+09, -1.817343151968496E+08,
2448489.500000000, A.D. 1991-Aug-21 00:00:00.0000,  5.277173295380720E+09,  4.519839371939549E+09, -1.818027577905059E+08,
2448490.500000000, A.D. 1991-Aug-22 00:00:00.0000,  5.276930892001587E+09,  4.520120371351017E+09, -1.818711998528464E+08,
2448491.500000000, A.D. 1991-Aug-23 00:00:00.0000,  5.276688473847561E+09,  4.520401356878532E+09, -1.819396413834879E+08,
2448492.500000000, A.D. 1991-Aug-24 00:00:00.0000,  5.276446040913489E+09,  4.520682328514185E+09, -1.820080823820751E+08,
2448493.500000000, A.D. 1991-Aug-25 00:00:00.0000,  5.276203593194376E+09,  4.520963286249653E+09, -1.820765228482897E+08,
2448494.500000000, A.D. 1991-Aug-26 00:00:00.0000,  5.275961130685409E+09,  4.521244230076165E+09, -1.821449627818496E+08,
2448495.500000000, A.D. 1991-Aug-27 00:00:00.0000,  5.275718653382005E+09,  4.521525159984489E+09, -1.822134021825206E+08,
2448496.500000000, A.D. 1991-Aug-28 00:00:00.0000,  5.275476161279857E+09,  4.521806075964893E+09, -1.822818410501192E+08,
2448497.500000000, A.D. 1991-Aug-29 00:00:00.0000,  5.275233654374996E+09,  4.522086978007133E+09, -1.823502793845217E+08,
2448498.500000000, A.D. 1991-Aug-30 00:00:00.0000,  5.274991132663868E+09,  4.522367866100432E+09, -1.824187171856747E+08,
2448499.500000000, A.D. 1991-Aug-31 00:00:00.0000,  5.274748596143404E+09,  4.522648740233481E+09, -1.824871544535966E+08,
2448500.500000000, A.D. 1991-Sep-01 00:00:00.0000,  5.274506044811124E+09,  4.522929600394445E+09, -1.825555911883929E+08,
2448501.500000000, A.D. 1991-Sep-02 00:00:00.0000,  5.274263478665242E+09,  4.523210446570990E+09, -1.826240273902597E+08,
2448502.500000000, A.D. 1991-Sep-03 00:00:00.0000,  5.274020897704767E+09,  4.523491278750331E+09, -1.826924630594912E+08,
2448503.500000000, A.D. 1991-Sep-04 00:00:00.0000,  5.273778301929621E+09,  4.523772096919312E+09, -1.827608981964836E+08,
2448504.500000000, A.D. 1991-Sep-05 00:00:00.0000,  5.273535691340740E+09,  4.524052901064507E+09, -1.828293328017356E+08,
2448505.500000000, A.D. 1991-Sep-06 00:00:00.0000,  5.273293065940173E+09,  4.524333691172361E+09, -1.828977668758485E+08,
2448506.500000000, A.D. 1991-Sep-07 00:00:00.0000,  5.273050425731142E+09,  4.524614467229355E+09, -1.829662004195161E+08,
2448507.500000000, A.D. 1991-Sep-08 00:00:00.0000,  5.272807770718081E+09,  4.524895229222196E+09, -1.830346334335139E+08,
2448508.500000000, A.D. 1991-Sep-09 00:00:00.0000,  5.272565100906628E+09,  4.525175977138029E+09, -1.831030659186814E+08,
2448509.500000000, A.D. 1991-Sep-10 00:00:00.0000,  5.272322416303555E+09,  4.525456710964651E+09, -1.831714978758993E+08,
2448510.500000000, A.D. 1991-Sep-11 00:00:00.0000,  5.272079716916672E+09,  4.525737430690706E+09, -1.832399293060627E+08,
2448511.500000000, A.D. 1991-Sep-12 00:00:00.0000,  5.271837002754652E+09,  4.526018136305863E+09, -1.833083602100532E+08,
2448512.500000000, A.D. 1991-Sep-13 00:00:00.0000,  5.271594273826823E+09,  4.526298827800950E+09, -1.833767905887101E+08,
2448513.500000000, A.D. 1991-Sep-14 00:00:00.0000,  5.271351530142951E+09,  4.526579505168020E+09, -1.834452204427984E+08,
2448514.500000000, A.D. 1991-Sep-15 00:00:00.0000,  5.271108771712976E+09,  4.526860168400382E+09, -1.835136497729928E+08,
2448515.500000000, A.D. 1991-Sep-16 00:00:00.0000,  5.270865998546796E+09,  4.527140817492545E+09, -1.835820785798542E+08,
2448516.500000000, A.D. 1991-Sep-17 00:00:00.0000,  5.270623210654040E+09,  4.527421452440127E+09, -1.836505068638206E+08,
2448517.500000000, A.D. 1991-Sep-18 00:00:00.0000,  5.270380408043908E+09,  4.527702073239719E+09, -1.837189346252038E+08,
2448518.500000000, A.D. 1991-Sep-19 00:00:00.0000,  5.270137590725029E+09,  4.527982679888711E+09, -1.837873618641901E+08,
2448519.500000000, A.D. 1991-Sep-20 00:00:00.0000,  5.269894758705390E+09,  4.528263272385125E+09, -1.838557885808461E+08,
2448520.500000000, A.D. 1991-Sep-21 00:00:00.0000,  5.269651911992295E+09,  4.528543850727427E+09, -1.839242147751341E+08,
2448521.500000000, A.D. 1991-Sep-22 00:00:00.0000,  5.269409050592371E+09,  4.528824414914371E+09, -1.839926404469233E+08,
2448522.500000000, A.D. 1991-Sep-23 00:00:00.0000,  5.269166174511593E+09,  4.529104964944847E+09, -1.840610655960059E+08,
2448523.500000000, A.D. 1991-Sep-24 00:00:00.0000,  5.268923283755357E+09,  4.529385500817763E+09, -1.841294902221129E+08,
2448524.500000000, A.D. 1991-Sep-25 00:00:00.0000,  5.268680378328531E+09,  4.529666022531948E+09, -1.841979143249283E+08,
2448525.500000000, A.D. 1991-Sep-26 00:00:00.0000,  5.268437458235557E+09,  4.529946530086072E+09, -1.842663379041038E+08,
2448526.500000000, A.D. 1991-Sep-27 00:00:00.0000,  5.268194523480515E+09,  4.530227023478607E+09, -1.843347609592698E+08,
2448527.500000000, A.D. 1991-Sep-28 00:00:00.0000,  5.267951574067209E+09,  4.530507502707786E+09, -1.844031834900463E+08,
2448528.500000000, A.D. 1991-Sep-29 00:00:00.0000,  5.267708609999242E+09,  4.530787967771585E+09, -1.844716054960504E+08,
2448529.500000000, A.D. 1991-Sep-30 00:00:00.0000,  5.267465631280075E+09,  4.531068418667737E+09, -1.845400269769044E+08,
2448530.500000000, A.D. 1991-Oct-01 00:00:00.0000,  5.267222637913103E+09,  4.531348855393714E+09, -1.846084479322402E+08,
2448531.500000000, A.D. 1991-Oct-02 00:00:00.0000,  5.266979629901686E+09,  4.531629277946757E+09, -1.846768683617036E+08,
2448532.500000000, A.D. 1991-Oct-03 00:00:00.0000,  5.266736607249207E+09,  4.531909686323890E+09, -1.847452882649572E+08,
2448533.500000000, A.D. 1991-Oct-04 00:00:00.0000,  5.266493569959104E+09,  4.532190080521937E+09, -1.848137076416829E+08,
2448534.500000000, A.D. 1991-Oct-05 00:00:00.0000,  5.266250518034902E+09,  4.532470460537554E+09, -1.848821264915814E+08,
2448535.500000000, A.D. 1991-Oct-06 00:00:00.0000,  5.266007451480229E+09,  4.532750826367243E+09, -1.849505448143761E+08,
2448536.500000000, A.D. 1991-Oct-07 00:00:00.0000,  5.265764370298849E+09,  4.533031178007382E+09, -1.850189626098094E+08,
2448537.500000000, A.D. 1991-Oct-08 00:00:00.0000,  5.265521274494664E+09,  4.533311515454248E+09, -1.850873798776448E+08,
2448538.500000000, A.D. 1991-Oct-09 00:00:00.0000,  5.265278164071730E+09,  4.533591838704037E+09, -1.851557966176672E+08,
2448539.500000000, A.D. 1991-Oct-10 00:00:00.0000,  5.265035039034263E+09,  4.533872147752886E+09, -1.852242128296800E+08,
2448540.500000000, A.D. 1991-Oct-11 00:00:00.0000,  5.264791899386649E+09,  4.534152442596900E+09, -1.852926285135057E+08,
2448541.500000000, A.D. 1991-Oct-12 00:00:00.0000,  5.264548745133441E+09,  4.534432723232159E+09, -1.853610436689849E+08,
2448542.500000000, A.D. 1991-Oct-13 00:00:00.0000,  5.264305576279361E+09,  4.534712989654746E+09, -1.854294582959745E+08,
2448543.500000000, A.D. 1991-Oct-14 00:00:00.0000,  5.264062392829299E+09,  4.534993241860757E+09, -1.854978723943484E+08,
2448544.500000000, A.D. 1991-Oct-15 00:00:00.0000,  5.263819194788317E+09,  4.535273479846320E+09, -1.855662859639945E+08,
2448545.500000000, A.D. 1991-Oct-16 00:00:00.0000,  5.263575982161634E+09,  4.535553703607609E+09, -1.856346990048149E+08,
2448546.500000000, A.D. 1991-Oct-17 00:00:00.0000,  5.263332754954636E+09,  4.535833913140850E+09, -1.857031115167241E+08,
2448547.500000000, A.D. 1991-Oct-18 00:00:00.0000,  5.263089513172857E+09,  4.536114108442347E+09, -1.857715234996500E+08,
2448548.500000000, A.D. 1991-Oct-19 00:00:00.0000,  5.262846256821983E+09,  4.536394289508473E+09, -1.858399349535289E+08,
2448549.500000000, A.D. 1991-Oct-20 00:00:00.0000,  5.262602985907847E+09,  4.536674456335699E+09, -1.859083458783085E+08,
2448550.500000000, A.D. 1991-Oct-21 00:00:00.0000,  5.262359700436415E+09,  4.536954608920592E+09, -1.859767562739458E+08,
2448551.500000000, A.D. 1991-Oct-22 00:00:00.0000,  5.262116400413786E+09,  4.537234747259825E+09, -1.860451661404047E+08,
2448552.500000000, A.D. 1991-Oct-23 00:00:00.0000,  5.261873085846177E+09,  4.537514871350183E+09, -1.861135754776573E+08,
2448553.500000000, A.D. 1991-Oct-24 00:00:00.0000,  5.261629756739930E+09,  4.537794981188576E+09, -1.861819842856820E+08,
2448554.500000000, A.D. 1991-Oct-25 00:00:00.0000,  5.261386413101483E+09,  4.538075076772037E+09, -1.862503925644612E+08,
2448555.500000000, A.D. 1991-Oct-26 00:00:00.0000,  5.261143054937384E+09,  4.538355158097729E+09, -1.863188003139846E+08,
2448556.500000000, A.D. 1991-Oct-27 00:00:00.0000,  5.260899682254268E+09,  4.538635225162953E+09, -1.863872075342438E+08,
2448557.500000000, A.D. 1991-Oct-28 00:00:00.0000,  5.260656295058850E+09,  4.538915277965148E+09, -1.864556142252343E+08,
2448558.500000000, A.D. 1991-Oct-29 00:00:00.0000,  5.260412893357927E+09,  4.539195316501896E+09, -1.865240203869545E+08,
2448559.500000000, A.D. 1991-Oct-30 00:00:00.0000,  5.260169477158355E+09,  4.539475340770923E+09, -1.865924260194054E+08,
2448560.500000000, A.D. 1991-Oct-31 00:00:00.0000,  5.259926046467049E+09,  4.539755350770098E+09, -1.866608311225872E+08,
2448561.500000000, A.D. 1991-Nov-01 00:00:00.0000,  5.259682601290969E+09,  4.540035346497443E+09, -1.867292356965032E+08,
2448562.500000000, A.D. 1991-Nov-02 00:00:00.0000,  5.259439141637116E+09,  4.540315327951121E+09, -1.867976397411559E+08,
2448563.500000000, A.D. 1991-Nov-03 00:00:00.0000,  5.259195667512517E+09,  4.540595295129444E+09, -1.868660432565472E+08,
2448564.500000000, A.D. 1991-Nov-04 00:00:00.0000,  5.258952178924217E+09,  4.540875248030865E+09, -1.869344462426794E+08,
2448565.500000000, A.D. 1991-Nov-05 00:00:00.0000,  5.258708675879274E+09,  4.541155186653980E+09, -1.870028486995523E+08,
2448566.500000000, A.D. 1991-Nov-06 00:00:00.0000,  5.258465158384738E+09,  4.541435110997525E+09, -1.870712506271658E+08,
2448567.500000000, A.D. 1991-Nov-07 00:00:00.0000,  5.258221626447652E+09,  4.541715021060367E+09, -1.871396520255172E+08,
2448568.500000000, A.D. 1991-Nov-08 00:00:00.0000,  5.257978080075039E+09,  4.541994916841496E+09, -1.872080528946030E+08,
2448569.500000000, A.D. 1991-Nov-09 00:00:00.0000,  5.257734519273890E+09,  4.542274798340029E+09, -1.872764532344179E+08,
2448570.500000000, A.D. 1991-Nov-10 00:00:00.0000,  5.257490944051158E+09,  4.542554665555184E+09, -1.873448530449536E+08,
2448571.500000000, A.D. 1991-Nov-11 00:00:00.0000,  5.257247354413745E+09,  4.542834518486288E+09, -1.874132523262031E+08,
2448572.500000000, A.D. 1991-Nov-12 00:00:00.0000,  5.257003750368499E+09,  4.543114357132748E+09, -1.874816510781572E+08,
2448573.500000000, A.D. 1991-Nov-13 00:00:00.0000,  5.256760131922203E+09,  4.543394181494046E+09, -1.875500493008072E+08,
2448574.500000000, A.D. 1991-Nov-14 00:00:00.0000,  5.256516499081571E+09,  4.543673991569723E+09, -1.876184469941452E+08,
2448575.500000000, A.D. 1991-Nov-15 00:00:00.0000,  5.256272851853241E+09,  4.543953787359357E+09, -1.876868441581662E+08,
2448576.500000000, A.D. 1991-Nov-16 00:00:00.0000,  5.256029190243773E+09,  4.544233568862541E+09, -1.877552407928684E+08,
2448577.500000000, A.D. 1991-Nov-17 00:00:00.0000,  5.255785514259653E+09,  4.544513336078865E+09, -1.878236368982565E+08,
2448578.500000000, A.D. 1991-Nov-18 00:00:00.0000,  5.255541823907286E+09,  4.544793089007886E+09, -1.878920324743450E+08,
2448579.500000000, A.D. 1991-Nov-19 00:00:00.0000,  5.255298119193015E+09,  4.545072827649103E+09, -1.879604275211580E+08,
2448580.500000000, A.D. 1991-Nov-20 00:00:00.0000,  5.255054400123128E+09,  4.545352552001922E+09, -1.880288220387366E+08,
2448581.500000000, A.D. 1991-Nov-21 00:00:00.0000,  5.254810666703872E+09,  4.545632262065630E+09, -1.880972160271425E+08,
2448582.500000000, A.D. 1991-Nov-22 00:00:00.0000,  5.254566918941486E+09,  4.545911957839361E+09, -1.881656094864612E+08,
2448583.500000000, A.D. 1991-Nov-23 00:00:00.0000,  5.254323156842227E+09,  4.546191639322063E+09, -1.882340024168093E+08,
2448584.500000000, A.D. 1991-Nov-24 00:00:00.0000,  5.254079380412418E+09,  4.546471306512466E+09, -1.883023948183413E+08,
2448585.500000000, A.D. 1991-Nov-25 00:00:00.0000,  5.253835589658499E+09,  4.546750959409059E+09, -1.883707866912558E+08,
2448586.500000000, A.D. 1991-Nov-26 00:00:00.0000,  5.253591784587089E+09,  4.547030598010065E+09, -1.884391780358038E+08,
2448587.500000000, A.D. 1991-Nov-27 00:00:00.0000,  5.253347965205069E+09,  4.547310222313437E+09, -1.885075688522966E+08,
2448588.500000000, A.D. 1991-Nov-28 00:00:00.0000,  5.253104131519665E+09,  4.547589832316856E+09, -1.885759591411142E+08,
2448589.500000000, A.D. 1991-Nov-29 00:00:00.0000,  5.252860283538545E+09,  4.547869428017752E+09, -1.886443489027102E+08,
2448590.500000000, A.D. 1991-Nov-30 00:00:00.0000,  5.252616421269921E+09,  4.548149009413349E+09, -1.887127381376224E+08,
2448591.500000000, A.D. 1991-Dec-01 00:00:00.0000,  5.252372544722660E+09,  4.548428576500736E+09, -1.887811268464706E+08,
2448592.500000000, A.D. 1991-Dec-02 00:00:00.0000,  5.252128653906371E+09,  4.548708129276966E+09, -1.888495150299633E+08,
2448593.500000000, A.D. 1991-Dec-03 00:00:00.0000,  5.251884748831506E+09,  4.548987667739183E+09, -1.889179026888907E+08,
2448594.500000000, A.D. 1991-Dec-04 00:00:00.0000,  5.251640829509405E+09,  4.549267191884787E+09, -1.889862898241210E+08,
2448595.500000000, A.D. 1991-Dec-05 00:00:00.0000,  5.251396895952339E+09,  4.549546701711615E+09, -1.890546764365833E+08,
2448596.500000000, A.D. 1991-Dec-06 00:00:00.0000,  5.251152948173483E+09,  4.549826197218146E+09, -1.891230625272546E+08,
2448597.500000000, A.D. 1991-Dec-07 00:00:00.0000,  5.250908986186851E+09,  4.550105678403708E+09, -1.891914480971329E+08,
2448598.500000000, A.D. 1991-Dec-08 00:00:00.0000,  5.250665010007179E+09,  4.550385145268659E+09, -1.892598331472127E+08,
2448599.500000000, A.D. 1991-Dec-09 00:00:00.0000,  5.250421019649757E+09,  4.550664597814564E+09, -1.893282176784542E+08,
2448600.500000000, A.D. 1991-Dec-10 00:00:00.0000,  5.250177015130215E+09,  4.550944036044309E+09, -1.893966016917572E+08,
2448601.500000000, A.D. 1991-Dec-11 00:00:00.0000,  5.249932996464282E+09,  4.551223459962170E+09, -1.894649851879296E+08,
2448602.500000000, A.D. 1991-Dec-12 00:00:00.0000,  5.249688963667548E+09,  4.551502869573818E+09, -1.895333681676679E+08,
2448603.500000000, A.D. 1991-Dec-13 00:00:00.0000,  5.249444916755218E+09,  4.551782264886267E+09, -1.896017506315370E+08,
2448604.500000000, A.D. 1991-Dec-14 00:00:00.0000,  5.249200855741900E+09,  4.552061645907762E+09, -1.896701325799592E+08,
2448605.500000000, A.D. 1991-Dec-15 00:00:00.0000,  5.248956780641434E+09,  4.552341012647635E+09, -1.897385140132139E+08,
2448606.500000000, A.D. 1991-Dec-16 00:00:00.0000,  5.248712691466746E+09,  4.552620365116128E+09, -1.898068949314330E+08,
2448607.500000000, A.D. 1991-Dec-17 00:00:00.0000,  5.248468588229790E+09,  4.552899703324209E+09, -1.898752753346159E+08,
2448608.500000000, A.D. 1991-Dec-18 00:00:00.0000,  5.248224470941486E+09,  4.553179027283381E+09, -1.899436552226360E+08,
2448609.500000000, A.D. 1991-Dec-19 00:00:00.0000,  5.247980339611735E+09,  4.553458337005507E+09, -1.900120345952559E+08,
2448610.500000000, A.D. 1991-Dec-20 00:00:00.0000,  5.247736194249451E+09,  4.553737632502664E+09, -1.900804134521441E+08,
2448611.500000000, A.D. 1991-Dec-21 00:00:00.0000,  5.247492034862611E+09,  4.554016913787004E+09, -1.901487917928905E+08,
2448612.500000000, A.D. 1991-Dec-22 00:00:00.0000,  5.247247861458333E+09,  4.554296180870652E+09, -1.902171696170192E+08,
2448613.500000000, A.D. 1991-Dec-23 00:00:00.0000,  5.247003674042946E+09,  4.554575433765624E+09, -1.902855469240060E+08,
2448614.500000000, A.D. 1991-Dec-24 00:00:00.0000,  5.246759472622078E+09,  4.554854672483765E+09, -1.903539237132857E+08,
2448615.500000000, A.D. 1991-Dec-25 00:00:00.0000,  5.246515257200730E+09,  4.555133897036707E+09, -1.904222999842653E+08,
2448616.500000000, A.D. 1991-Dec-26 00:00:00.0000,  5.246271027783351E+09,  4.555413107435854E+09, -1.904906757363348E+08,
2448617.500000000, A.D. 1991-Dec-27 00:00:00.0000,  5.246026784373900E+09,  4.555692303692356E+09, -1.905590509688685E+08,
2448618.500000000, A.D. 1991-Dec-28 00:00:00.0000,  5.245782526975914E+09,  4.555971485817113E+09, -1.906274256812344E+08,
2448619.500000000, A.D. 1991-Dec-29 00:00:00.0000,  5.245538255592550E+09,  4.556250653820777E+09, -1.906957998727975E+08,
2448620.500000000, A.D. 1991-Dec-30 00:00:00.0000,  5.245293970226638E+09,  4.556529807713762E+09, -1.907641735429237E+08,
2448621.500000000, A.D. 1991-Dec-31 00:00:00.0000,  5.245049670880711E+09,  4.556808947506254E+09, -1.908325466909795E+08,
2448622.500000000, A.D. 1992-Jan-01 00:00:00.0000,  5.244805357557038E+09,  4.557088073208227E+09, -1.909009193163364E+08,
2448623.500000000, A.D. 1992-Jan-02 00:00:00.0000,  5.244561030257655E+09,  4.557367184829452E+09, -1.909692914183693E+08,
2448624.500000000, A.D. 1992-Jan-03 00:00:00.0000,  5.244316688984378E+09,  4.557646282379518E+09, -1.910376629964595E+08,
2448625.500000000, A.D. 1992-Jan-04 00:00:00.0000,  5.244072333738818E+09,  4.557925365867841E+09, -1.911060340499928E+08,
2448626.500000000, A.D. 1992-Jan-05 00:00:00.0000,  5.243827964522407E+09,  4.558204435303681E+09, -1.911744045783598E+08,
2448627.500000000, A.D. 1992-Jan-06 00:00:00.0000,  5.243583581336393E+09,  4.558483490696154E+09, -1.912427745809565E+08,
2448628.500000000, A.D. 1992-Jan-07 00:00:00.0000,  5.243339184181859E+09,  4.558762532054235E+09, -1.913111440571806E+08,
2448629.500000000, A.D. 1992-Jan-08 00:00:00.0000,  5.243094773059718E+09,  4.559041559386782E+09, -1.913795130064383E+08,
2448630.500000000, A.D. 1992-Jan-09 00:00:00.0000,  5.242850347970731E+09,  4.559320572702532E+09, -1.914478814281328E+08,
2448631.500000000, A.D. 1992-Jan-10 00:00:00.0000,  5.242605908915492E+09,  4.559599572010113E+09, -1.915162493216743E+08,
2448632.500000000, A.D. 1992-Jan-11 00:00:00.0000,  5.242361455894451E+09,  4.559878557318052E+09, -1.915846166864724E+08,
2448633.500000000, A.D. 1992-Jan-12 00:00:00.0000,  5.242116988907895E+09,  4.560157528634780E+09, -1.916529835219388E+08,
2448634.500000000, A.D. 1992-Jan-13 00:00:00.0000,  5.241872507955961E+09,  4.560436485968632E+09, -1.917213498274844E+08,
2448635.500000000, A.D. 1992-Jan-14 00:00:00.0000,  5.241628013038633E+09,  4.560715429327851E+09, -1.917897156025200E+08,
2448636.500000000, A.D. 1992-Jan-15 00:00:00.0000,  5.241383504155736E+09,  4.560994358720599E+09, -1.918580808464570E+08,
2448637.500000000, A.D. 1992-Jan-16 00:00:00.0000,  5.241138981306943E+09,  4.561273274154946E+09, -1.919264455587041E+08,
2448638.500000000, A.D. 1992-Jan-17 00:00:00.0000,  5.240894444491771E+09,  4.561552175638881E+09, -1.919948097386699E+08,
2448639.500000000, A.D. 1992-Jan-18 00:00:00.0000,  5.240649893709573E+09,  4.561831063180305E+09, -1.920631733857589E+08,
2448640.500000000, A.D. 1992-Jan-19 00:00:00.0000,  5.240405328959548E+09,  4.562109936787033E+09, -1.921315364993734E+08,
2448641.500000000, A.D. 1992-Jan-20 00:00:00.0000,  5.240160750240733E+09,  4.562388796466797E+09, -1.921998990789137E+08,
2448642.500000000, A.D. 1992-Jan-21 00:00:00.0000,  5.239916157552003E+09,  4.562667642227240E+09, -1.922682611237752E+08,
2448643.500000000, A.D. 1992-Jan-22 00:00:00.0000,  5.239671550892066E+09,  4.562946474075911E+09, -1.923366226333511E+08,
2448644.500000000, A.D. 1992-Jan-23 00:00:00.0000,  5.239426930259466E+09,  4.563225292020272E+09, -1.924049836070304E+08,
2448645.500000000, A.D. 1992-Jan-24 00:00:00.0000,  5.239182295652578E+09,  4.563504096067685E+09, -1.924733440441964E+08,
2448646.500000000, A.D. 1992-Jan-25 00:00:00.0000,  5.238937647069613E+09,  4.563782886225414E+09, -1.925417039442298E+08,
2448647.500000000, A.D. 1992-Jan-26 00:00:00.0000,  5.238692984508600E+09,  4.564061662500622E+09, -1.926100633065073E+08,
2448648.500000000, A.D. 1992-Jan-27 00:00:00.0000,  5.238448307967407E+09,  4.564340424900358E+09, -1.926784221303988E+08,
2448649.500000000, A.D. 1992-Jan-28 00:00:00.0000,  5.238203617443720E+09,  4.564619173431564E+09, -1.927467804152713E+08,
2448650.500000000, A.D. 1992-Jan-29 00:00:00.0000,  5.237958912935052E+09,  4.564897908101059E+09, -1.928151381604860E+08,
2448651.500000000, A.D. 1992-Jan-30 00:00:00.0000,  5.237714194438735E+09,  4.565176628915541E+09, -1.928834953654013E+08,
2448652.500000000, A.D. 1992-Jan-31 00:00:00.0000,  5.237469461951923E+09,  4.565455335881570E+09, -1.929518520293691E+08,
2448653.500000000, A.D. 1992-Feb-01 00:00:00.0000,  5.237224715471588E+09,  4.565734029005571E+09, -1.930202081517384E+08,
2448654.500000000, A.D. 1992-Feb-02 00:00:00.0000,  5.236979954994520E+09,  4.566012708293821E+09, -1.930885637318530E+08,
2448655.500000000, A.D. 1992-Feb-03 00:00:00.0000,  5.236735180517323E+09,  4.566291373752436E+09, -1.931569187690539E+08,
2448656.500000000, A.D. 1992-Feb-04 00:00:00.0000,  5.236490392036413E+09,  4.566570025387365E+09, -1.932252732626781E+08,
2448657.500000000, A.D. 1992-Feb-05 00:00:00.0000,  5.236245589548023E+09,  4.566848663204382E+09, -1.932936272120607E+08,
2448658.500000000, A.D. 1992-Feb-06 00:00:00.0000,  5.236000773048196E+09,  4.567127287209062E+09, -1.933619806165326E+08,
2448659.500000000, A.D. 1992-Feb-07 00:00:00.0000,  5.235755942532786E+09,  4.567405897406780E+09, -1.934303334754272E+08,
2448660.500000000, A.D. 1992-Feb-08 00:00:00.0000,  5.235511097997464E+09,  4.567684493802686E+09, -1.934986857880740E+08,
2448661.500000000, A.D. 1992-Feb-09 00:00:00.0000,  5.235266239437712E+09,  4.567963076401691E+09, -1.935670375538049E+08,
2448662.500000000, A.D. 1992-Feb-10 00:00:00.0000,  5.235021366848829E+09,  4.568241645208450E+09, -1.936353887719550E+08,
2448663.500000000, A.D. 1992-Feb-11 00:00:00.0000,  5.234776480225937E+09,  4.568520200227338E+09, -1.937037394418638E+08,
2448664.500000000, A.D. 1992-Feb-12 00:00:00.0000,  5.234531579563984E+09,  4.568798741462428E+09, -1.937720895628769E+08,
2448665.500000000, A.D. 1992-Feb-13 00:00:00.0000,  5.234286664857759E+09,  4.569077268917465E+09, -1.938404391343493E+08,
2448666.500000000, A.D. 1992-Feb-14 00:00:00.0000,  5.234041736101896E+09,  4.569355782595840E+09, -1.939087881556485E+08,
2448667.500000000, A.D. 1992-Feb-15 00:00:00.0000,  5.233796793290898E+09,  4.569634282500563E+09, -1.939771366261592E+08,
2448668.500000000, A.D. 1992-Feb-16 00:00:00.0000,  5.233551836419155E+09,  4.569912768634224E+09, -1.940454845452843E+08,
2448669.500000000, A.D. 1992-Feb-17 00:00:00.0000,  5.233306865480968E+09,  4.570191240998969E+09, -1.941138319124534E+08,
2448670.500000000, A.D. 1992-Feb-18 00:00:00.0000,  5.233061880470592E+09,  4.570469699596463E+09, -1.941821787271266E+08,
2448671.500000000, A.D. 1992-Feb-19 00:00:00.0000,  5.232816881382270E+09,  4.570748144427858E+09, -1.942505249888017E+08,
2448672.500000000, A.D. 1992-Feb-20 00:00:00.0000,  5.232571868210290E+09,  4.571026575493764E+09, -1.943188706970205E+08,
2448673.500000000, A.D. 1992-Feb-21 00:00:00.0000,  5.232326840949050E+09,  4.571304992794218E+09, -1.943872158513768E+08,
2448674.500000000, A.D. 1992-Feb-22 00:00:00.0000,  5.232081799593124E+09,  4.571583396328673E+09, -1.944555604515240E+08,
2448675.500000000, A.D. 1992-Feb-23 00:00:00.0000,  5.231836744137355E+09,  4.571861786095983E+09, -1.945239044971855E+08,
2448676.500000000, A.D. 1992-Feb-24 00:00:00.0000,  5.231591674576950E+09,  4.572140162094404E+09, -1.945922479881597E+08,
2448677.500000000, A.D. 1992-Feb-25 00:00:00.0000,  5.231346590907586E+09,  4.572418524321627E+09, -1.946605909243307E+08,
2448678.500000000, A.D. 1992-Feb-26 00:00:00.0000,  5.231101493125519E+09,  4.572696872774815E+09, -1.947289333056738E+08,
2448679.500000000, A.D. 1992-Feb-27 00:00:00.0000,  5.230856381227699E+09,  4.572975207450679E+09, -1.947972751322589E+08,
2448680.500000000, A.D. 1992-Feb-28 00:00:00.0000,  5.230611255211883E+09,  4.573253528345581E+09, -1.948656164042528E+08,
2448681.500000000, A.D. 1992-Feb-29 00:00:00.0000,  5.230366115076720E+09,  4.573531835455667E+09, -1.949339571219156E+08,
2448682.500000000, A.D. 1992-Mar-01 00:00:00.0000,  5.230120960821827E+09,  4.573810128777030E+09, -1.950022972855957E+08,
2448683.500000000, A.D. 1992-Mar-02 00:00:00.0000,  5.229875792447819E+09,  4.574088408305901E+09, -1.950706368957148E+08,
2448684.500000000, A.D. 1992-Mar-03 00:00:00.0000,  5.229630609956300E+09,  4.574366674038850E+09, -1.951389759527519E+08,
2448685.500000000, A.D. 1992-Mar-04 00:00:00.0000,  5.229385413349805E+09,  4.574644925972999E+09, -1.952073144572191E+08,
2448686.500000000, A.D. 1992-Mar-05 00:00:00.0000,  5.229140202631687E+09,  4.574923164106209E+09, -1.952756524096377E+08,
2448687.500000000, A.D. 1992-Mar-06 00:00:00.0000,  5.228894977805955E+09,  4.575201388437255E+09, -1.953439898105068E+08,
2448688.500000000, A.D. 1992-Mar-07 00:00:00.0000,  5.228649738877064E+09,  4.575479598965948E+09, -1.954123266602755E+08,
2448689.500000000, A.D. 1992-Mar-08 00:00:00.0000,  5.228404485849690E+09,  4.575757795693199E+09, -1.954806629593172E+08,
2448690.500000000, A.D. 1992-Mar-09 00:00:00.0000,  5.228159218728490E+09,  4.576035978621033E+09, -1.955489987079039E+08,
2448691.500000000, A.D. 1992-Mar-10 00:00:00.0000,  5.227913937517870E+09,  4.576314147752532E+09, -1.956173339061921E+08,
2448692.500000000, A.D. 1992-Mar-11 00:00:00.0000,  5.227668642221778E+09,  4.576592303091736E+09, -1.956856685542097E+08,
2448693.500000000, A.D. 1992-Mar-12 00:00:00.0000,  5.227423332843540E+09,  4.576870444643498E+09, -1.957540026518559E+08,
2448694.500000000, A.D. 1992-Mar-13 00:00:00.0000,  5.227178009385737E+09,  4.577148572413311E+09, -1.958223361988993E+08,
2448695.500000000, A.D. 1992-Mar-14 00:00:00.0000,  5.226932671850126E+09,  4.577426686407123E+09, -1.958906691949885E+08,
2448696.500000000, A.D. 1992-Mar-15 00:00:00.0000,  5.226687320237618E+09,  4.577704786631166E+09, -1.959590016396663E+08,
2448697.500000000, A.D. 1992-Mar-16 00:00:00.0000,  5.226441954548281E+09,  4.577982873091778E+09, -1.960273335323787E+08,
2448698.500000000, A.D. 1992-Mar-17 00:00:00.0000,  5.226196574781381E+09,  4.578260945795262E+09, -1.960956648724930E+08,
2448699.500000000, A.D. 1992-Mar-18 00:00:00.0000,  5.225951180935447E+09,  4.578539004747758E+09, -1.961639956593175E+08,
2448700.500000000, A.D. 1992-Mar-19 00:00:00.0000,  5.225705773008344E+09,  4.578817049955145E+09, -1.962323258921106E+08,
2448701.500000000, A.D. 1992-Mar-20 00:00:00.0000,  5.225460350997364E+09,  4.579095081422969E+09, -1.963006555700982E+08,
2448702.500000000, A.D. 1992-Mar-21 00:00:00.0000,  5.225214914899305E+09,  4.579373099156383E+09, -1.963689846924849E+08,
2448703.500000000, A.D. 1992-Mar-22 00:00:00.0000,  5.224969464710555E+09,  4.579651103160121E+09, -1.964373132584631E+08,
2448704.500000000, A.D. 1992-Mar-23 00:00:00.0000,  5.224724000427172E+09,  4.579929093438478E+09, -1.965056412672248E+08,
2448705.500000000, A.D. 1992-Mar-24 00:00:00.0000,  5.224478522044955E+09,  4.580207069995299E+09, -1.965739687179661E+08,
2448706.500000000, A.D. 1992-Mar-25 00:00:00.0000,  5.224233029559514E+09,  4.580485032833991E+09, -1.966422956098921E+08,
2448707.500000000, A.D. 1992-Mar-26 00:00:00.0000,  5.223987522966313E+09,  4.580762981957527E+09, -1.967106219422247E+08,
2448708.500000000, A.D. 1992-Mar-27 00:00:00.0000,  5.223742002260729E+09,  4.581040917368467E+09, -1.967789477142024E+08,
2448709.500000000, A.D. 1992-Mar-28 00:00:00.0000,  5.223496467438087E+09,  4.581318839068973E+09, -1.968472729250829E+08,
2448710.500000000, A.D. 1992-Mar-29 00:00:00.0000,  5.223250918493699E+09,  4.581596747060831E+09, -1.969155975741453E+08,
2448711.500000000, A.D. 1992-Mar-30 00:00:00.0000,  5.223005355422891E+09,  4.581874641345475E+09, -1.969839216606932E+08,
2448712.500000000, A.D. 1992-Mar-31 00:00:00.0000,  5.222759778221027E+09,  4.582152521924007E+09, -1.970522451840506E+08,
2448713.500000000, A.D. 1992-Apr-01 00:00:00.0000,  5.222514186883528E+09,  4.582430388797218E+09, -1.971205681435652E+08,
2448714.500000000, A.D. 1992-Apr-02 00:00:00.0000,  5.222268581405890E+09,  4.582708241965608E+09, -1.971888905386081E+08,
2448715.500000000, A.D. 1992-Apr-03 00:00:00.0000,  5.222022961783693E+09,  4.582986081429408E+09, -1.972572123685720E+08,
2448716.500000000, A.D. 1992-Apr-04 00:00:00.0000,  5.221777328012619E+09,  4.583263907188599E+09, -1.973255336328716E+08,
2448717.500000000, A.D. 1992-Apr-05 00:00:00.0000,  5.221531680088449E+09,  4.583541719242924E+09, -1.973938543309433E+08,
2448718.500000000, A.D. 1992-Apr-06 00:00:00.0000,  5.221286018007083E+09,  4.583819517591912E+09, -1.974621744622438E+08,
2448719.500000000, A.D. 1992-Apr-07 00:00:00.0000,  5.221040341764531E+09,  4.584097302234889E+09, -1.975304940262489E+08,
2448720.500000000, A.D. 1992-Apr-08 00:00:00.0000,  5.220794651356924E+09,  4.584375073170993E+09, -1.975988130224550E+08,
2448721.500000000, A.D. 1992-Apr-09 00:00:00.0000,  5.220548946780519E+09,  4.584652830399182E+09, -1.976671314503756E+08,
2448722.500000000, A.D. 1992-Apr-10 00:00:00.0000,  5.220303228031691E+09,  4.584930573918257E+09, -1.977354493095434E+08,
2448723.500000000, A.D. 1992-Apr-11 00:00:00.0000,  5.220057495106949E+09,  4.585208303726861E+09, -1.978037665995069E+08,
2448724.500000000, A.D. 1992-Apr-12 00:00:00.0000,  5.219811748002917E+09,  4.585486019823500E+09, -1.978720833198309E+08,
2448725.500000000, A.D. 1992-Apr-13 00:00:00.0000,  5.219565986716353E+09,  4.585763722206542E+09, -1.979403994700963E+08,
2448726.500000000, A.D. 1992-Apr-14 00:00:00.0000,  5.219320211244134E+09,  4.586041410874235E+09, -1.980087150498986E+08,
2448727.500000000, A.D. 1992-Apr-15 00:00:00.0000,  5.219074421583261E+09,  4.586319085824711E+09, -1.980770300588484E+08,
2448728.500000000, A.D. 1992-Apr-16 00:00:00.0000,  5.218828617730862E+09,  4.586596747055991E+09, -1.981453444965694E+08,
2448729.500000000, A.D. 1992-Apr-17 00:00:00.0000,  5.218582799684179E+09,  4.586874394565996E+09, -1.982136583626990E+08,
2448730.500000000, A.D. 1992-Apr-18 00:00:00.0000,  5.218336967440578E+09,  4.587152028352551E+09, -1.982819716568871E+08,
2448731.500000000, A.D. 1992-Apr-19 00:00:00.0000,  5.218091120997538E+09,  4.587429648413394E+09, -1.983502843787956E+08,
2448732.500000000, A.D. 1992-Apr-20 00:00:00.0000,  5.217845260352654E+09,  4.587707254746174E+09, -1.984185965280981E+08,
2448733.500000000, A.D. 1992-Apr-21 00:00:00.0000,  5.217599385503633E+09,  4.587984847348461E+09, -1.984869081044803E+08,
2448734.500000000, A.D. 1992-Apr-22 00:00:00.0000,  5.217353496448286E+09,  4.588262426217753E+09, -1.985552191076381E+08,
2448735.500000000, A.D. 1992-Apr-23 00:00:00.0000,  5.217107593184536E+09,  4.588539991351472E+09, -1.986235295372777E+08,
2448736.500000000, A.D. 1992-Apr-24 00:00:00.0000,  5.216861675710405E+09,  4.588817542746973E+09, -1.986918393931155E+08,
2448737.500000000, A.D. 1992-Apr-25 00:00:00.0000,  5.216615744024012E+09,  4.589095080401541E+09, -1.987601486748788E+08,
2448738.500000000, A.D. 1992-Apr-26 00:00:00.0000,  5.216369798123573E+09,  4.589372604312399E+09, -1.988284573823025E+08,
2448739.500000000, A.D. 1992-Apr-27 00:00:00.0000,  5.216123838007394E+09,  4.589650114476706E+09, -1.988967655151324E+08,
2448740.500000000, A.D. 1992-Apr-28 00:00:00.0000,  5.215877863673872E+09,  4.589927610891554E+09, -1.989650730731225E+08,
2448741.500000000, A.D. 1992-Apr-29 00:00:00.0000,  5.215631875121480E+09,  4.590205093553975E+09, -1.990333800560362E+08,
2448742.500000000, A.D. 1992-Apr-30 00:00:00.0000,  5.215385872348773E+09,  4.590482562460934E+09, -1.991016864636450E+08,
2448743.500000000, A.D. 1992-May-01 00:00:00.0000,  5.215139855354380E+09,  4.590760017609328E+09, -1.991699922957308E+08,
2448744.500000000, A.D. 1992-May-02 00:00:00.0000,  5.214893824137001E+09,  4.591037458995983E+09, -1.992382975520825E+08,
2448745.500000000, A.D. 1992-May-03 00:00:00.0000,  5.214647778695400E+09,  4.591314886617651E+09, -1.993066022325001E+08,
2448746.500000000, A.D. 1992-May-04 00:00:00.0000,  5.214401719028401E+09,  4.591592300471000E+09, -1.993749063367910E+08,
2448747.500000000, A.D. 1992-May-05 00:00:00.0000,  5.214155645134888E+09,  4.591869700552611E+09, -1.994432098647759E+08,
2448748.500000000, A.D. 1992-May-06 00:00:00.0000,  5.213909557013798E+09,  4.592147086858968E+09, -1.995115128162823E+08,
2448749.500000000, A.D. 1992-May-07 00:00:00.0000,  5.213663454664120E+09,  4.592424459386442E+09, -1.995798151911519E+08,
2448750.500000000, A.D. 1992-May-08 00:00:00.0000,  5.213417338084896E+09,  4.592701818131290E+09, -1.996481169892387E+08,
2448751.500000000, A.D. 1992-May-09 00:00:00.0000,  5.213171207275217E+09,  4.592979163089626E+09, -1.997164182104113E+08,
2448752.500000000, A.D. 1992-May-10 00:00:00.0000,  5.212925062234227E+09,  4.593256494257416E+09, -1.997847188545530E+08,
2448753.500000000, A.D. 1992-May-11 00:00:00.0000,  5.212678902961129E+09,  4.593533811630449E+09, -1.998530189215677E+08,
2448754.500000000, A.D. 1992-May-12 00:00:00.0000,  5.212432729455193E+09,  4.593811115204326E+09, -1.999213184113786E+08,
2448755.500000000, A.D. 1992-May-13 00:00:00.0000,  5.212186541715759E+09,  4.594088404974424E+09, -1.999896173239336E+08,
2448756.500000000, A.D. 1992-May-14 00:00:00.0000,  5.211940339742270E+09,  4.594365680935884E+09, -2.000579156592097E+08,
2448757.500000000, A.D. 1992-May-15 00:00:00.0000,  5.211694123534276E+09,  4.594642943083571E+09, -2.001262134172153E+08,
2448758.500000000, A.D. 1992-May-16 00:00:00.0000,  5.211447893091478E+09,  4.594920191412059E+09, -2.001945105979979E+08,
2448759.500000000, A.D. 1992-May-17 00:00:00.0000,  5.211201648413758E+09,  4.595197425915592E+09, -2.002628072016487E+08,
2448760.500000000, A.D. 1992-May-18 00:00:00.0000,  5.210955389501229E+09,  4.595474646588066E+09, -2.003311032283087E+08,
2448761.500000000, A.D. 1992-May-19 00:00:00.0000,  5.210709116354285E+09,  4.595751853423008E+09, -2.003993986781776E+08,
2448762.500000000, A.D. 1992-May-20 00:00:00.0000,  5.210462828973685E+09,  4.596029046413557E+09, -2.004676935515208E+08,
2448763.500000000, A.D. 1992-May-21 00:00:00.0000,  5.210216527360614E+09,  4.596306225552465E+09, -2.005359878486760E+08,
2448764.500000000, A.D. 1992-May-22 00:00:00.0000,  5.209970211516791E+09,  4.596583390832102E+09, -2.006042815700631E+08,
2448765.500000000, A.D. 1992-May-23 00:00:00.0000,  5.209723881444557E+09,  4.596860542244484E+09, -2.006725747161908E+08,
2448766.500000000, A.D. 1992-May-24 00:00:00.0000,  5.209477537146988E+09,  4.597137679781329E+09, -2.007408672876620E+08,
2448767.500000000, A.D. 1992-May-25 00:00:00.0000,  5.209231178627996E+09,  4.597414803434130E+09, -2.008091592851772E+08,
2448768.500000000, A.D. 1992-May-26 00:00:00.0000,  5.208984805892434E+09,  4.597691913194260E+09, -2.008774507095366E+08,
2448769.500000000, A.D. 1992-May-27 00:00:00.0000,  5.208738418946183E+09,  4.597969009053116E+09, -2.009457415616357E+08,
2448770.500000000, A.D. 1992-May-28 00:00:00.0000,  5.208492017796208E+09,  4.598246091002284E+09, -2.010140318424582E+08,
2448771.500000000, A.D. 1992-May-29 00:00:00.0000,  5.208245602450593E+09,  4.598523159033731E+09, -2.010823215530629E+08,
2448772.500000000, A.D. 1992-May-30 00:00:00.0000,  5.207999172918510E+09,  4.598800213140017E+09, -2.011506106945655E+08,
2448773.500000000, A.D. 1992-May-31 00:00:00.0000,  5.207752729210163E+09,  4.599077253314495E+09, -2.012188992681136E+08,
2448774.500000000, A.D. 1992-Jun-01 00:00:00.0000,  5.207506271336660E+09,  4.599354279551523E+09, -2.012871872748623E+08,
2448775.500000000, A.D. 1992-Jun-02 00:00:00.0000,  5.207259799309844E+09,  4.599631291846622E+09, -2.013554747159438E+08,
2448776.500000000, A.D. 1992-Jun-03 00:00:00.0000,  5.207013313142077E+09,  4.599908290196600E+09, -2.014237615924387E+08,
2448777.500000000, A.D. 1992-Jun-04 00:00:00.0000,  5.206766812846005E+09,  4.600185274599627E+09, -2.014920479053450E+08,
2448778.500000000, A.D. 1992-Jun-05 00:00:00.0000,  5.206520298434306E+09,  4.600462245055238E+09, -2.015603336555610E+08,
2448779.500000000, A.D. 1992-Jun-06 00:00:00.0000,  5.206273769919462E+09,  4.600739201564285E+09, -2.016286188438642E+08,
2448780.500000000, A.D. 1992-Jun-07 00:00:00.0000,  5.206027227313536E+09,  4.601016144128831E+09, -2.016969034709003E+08,
2448781.500000000, A.D. 1992-Jun-08 00:00:00.0000,  5.205780670628003E+09,  4.601293072752005E+09, -2.017651875371823E+08,
2448782.500000000, A.D. 1992-Jun-09 00:00:00.0000,  5.205534099873622E+09,  4.601569987437832E+09, -2.018334710430887E+08,
2448783.500000000, A.D. 1992-Jun-10 00:00:00.0000,  5.205287515060358E+09,  4.601846888191053E+09, -2.019017539888730E+08,
2448784.500000000, A.D. 1992-Jun-11 00:00:00.0000,  5.205040916197339E+09,  4.602123775016946E+09, -2.019700363746784E+08,
2448785.500000000, A.D. 1992-Jun-12 00:00:00.0000,  5.204794303292864E+09,  4.602400647921154E+09, -2.020383182005453E+08,
2448786.500000000, A.D. 1992-Jun-13 00:00:00.0000,  5.204547676354432E+09,  4.602677506909543E+09, -2.021065994664335E+08,
2448787.500000000, A.D. 1992-Jun-14 00:00:00.0000,  5.204301035388805E+09,  4.602954351988077E+09, -2.021748801722329E+08,
2448788.500000000, A.D. 1992-Jun-15 00:00:00.0000,  5.204054380402067E+09,  4.603231183162720E+09, -2.022431603177786E+08,
2448789.500000000, A.D. 1992-Jun-16 00:00:00.0000,  5.203807711399709E+09,  4.603508000439356E+09, -2.023114399028671E+08,
2448790.500000000, A.D. 1992-Jun-17 00:00:00.0000,  5.203561028386701E+09,  4.603784803823745E+09, -2.023797189272637E+08,
2448791.500000000, A.D. 1992-Jun-18 00:00:00.0000,  5.203314331367573E+09,  4.604061593321484E+09, -2.024479973907166E+08,
2448792.500000000, A.D. 1992-Jun-19 00:00:00.0000,  5.203067620346477E+09,  4.604338368937985E+09, -2.025162752929628E+08,
2448793.500000000, A.D. 1992-Jun-20 00:00:00.0000,  5.202820895327264E+09,  4.604615130678477E+09, -2.025845526337335E+08,
2448794.500000000, A.D. 1992-Jun-21 00:00:00.0000,  5.202574156313525E+09,  4.604891878547999E+09, -2.026528294127626E+08,
2448795.500000000, A.D. 1992-Jun-22 00:00:00.0000,  5.202327403308649E+09,  4.605168612551415E+09, -2.027211056297877E+08,
2448796.500000000, A.D. 1992-Jun-23 00:00:00.0000,  5.202080636315864E+09,  4.605445332693426E+09, -2.027893812845523E+08,
2448797.500000000, A.D. 1992-Jun-24 00:00:00.0000,  5.201833855338258E+09,  4.605722038978585E+09, -2.028576563768113E+08,
2448798.500000000, A.D. 1992-Jun-25 00:00:00.0000,  5.201587060378821E+09,  4.605998731411320E+09, -2.029259309063277E+08,
2448799.500000000, A.D. 1992-Jun-26 00:00:00.0000,  5.201340251440461E+09,  4.606275409995949E+09, -2.029942048728762E+08,
2448800.500000000, A.D. 1992-Jun-27 00:00:00.0000,  5.201093428526017E+09,  4.606552074736698E+09, -2.030624782762418E+08,
2448801.500000000, A.D. 1992-Jun-28 00:00:00.0000,  5.200846591638274E+09,  4.606828725637724E+09, -2.031307511162200E+08,
2448802.500000000, A.D. 1992-Jun-29 00:00:00.0000,  5.200599740779973E+09,  4.607105362703129E+09, -2.031990233926156E+08,
2448803.500000000, A.D. 1992-Jun-30 00:00:00.0000,  5.200352875953814E+09,  4.607381985936973E+09, -2.032672951052439E+08,
2448804.500000000, A.D. 1992-Jul-01 00:00:00.0000,  5.200105997162464E+09,  4.607658595343295E+09, -2.033355662539263E+08,
2448805.500000000, A.D. 1992-Jul-02 00:00:00.0000,  5.199859104408552E+09,  4.607935190926124E+09, -2.034038368384931E+08,
2448806.500000000, A.D. 1992-Jul-03 00:00:00.0000,  5.199612197694673E+09,  4.608211772689488E+09, -2.034721068587816E+08,
2448807.500000000, A.D. 1992-Jul-04 00:00:00.0000,  5.199365277023385E+09,  4.608488340637429E+09, -2.035403763146324E+08,
2448808.500000000, A.D. 1992-Jul-05 00:00:00.0000,  5.199118342397204E+09,  4.608764894774008E+09, -2.036086452058899E+08,
2448809.500000000, A.D. 1992-Jul-06 00:00:00.0000,  5.198871393818605E+09,  4.609041435103316E+09, -2.036769135324051E+08,
2448810.500000000, A.D. 1992-Jul-07 00:00:00.0000,  5.198624431290009E+09,  4.609317961629482E+09, -2.037451812940280E+08,
2448811.500000000, A.D. 1992-Jul-08 00:00:00.0000,  5.198377454813791E+09,  4.609594474356674E+09, -2.038134484906101E+08,
2448812.500000000, A.D. 1992-Jul-09 00:00:00.0000,  5.198130464392262E+09,  4.609870973289108E+09, -2.038817151220050E+08,
2448813.500000000, A.D. 1992-Jul-10 00:00:00.0000,  5.197883460027662E+09,  4.610147458431049E+09, -2.039499811880636E+08,
2448814.500000000, A.D. 1992-Jul-11 00:00:00.0000,  5.197636441722171E+09,  4.610423929786820E+09, -2.040182466886368E+08,
2448815.500000000, A.D. 1992-Jul-12 00:00:00.0000,  5.197389409477880E+09,  4.610700387360793E+09, -2.040865116235719E+08,
2448816.500000000, A.D. 1992-Jul-13 00:00:00.0000,  5.197142363296802E+09,  4.610976831157399E+09, -2.041547759927137E+08,
2448817.500000000, A.D. 1992-Jul-14 00:00:00.0000,  5.196895303180857E+09,  4.611253261181127E+09, -2.042230397959025E+08,
2448818.500000000, A.D. 1992-Jul-15 00:00:00.0000,  5.196648229131865E+09,  4.611529677436520E+09, -2.042913030329747E+08,
2448819.500000000, A.D. 1992-Jul-16 00:00:00.0000,  5.196401141151541E+09,  4.611806079928179E+09, -2.043595657037613E+08,
2448820.500000000, A.D. 1992-Jul-17 00:00:00.0000,  5.196154039241489E+09,  4.612082468660757E+09, -2.044278278080857E+08,
2448821.500000000, A.D. 1992-Jul-18 00:00:00.0000,  5.195906923403195E+09,  4.612358843638956E+09, -2.044960893457665E+08,
2448822.500000000, A.D. 1992-Jul-19 00:00:00.0000,  5.195659793638016E+09,  4.612635204867536E+09, -2.045643503166149E+08,
2448823.500000000, A.D. 1992-Jul-20 00:00:00.0000,  5.195412649947178E+09,  4.612911552351288E+09, -2.046326107204340E+08,
2448824.500000000, A.D. 1992-Jul-21 00:00:00.0000,  5.195165492331764E+09,  4.613187886095052E+09, -2.047008705570185E+08,
2448825.500000000, A.D. 1992-Jul-22 00:00:00.0000,  5.194918320792715E+09,  4.613464206103703E+09, -2.047691298261559E+08,
2448826.500000000, A.D. 1992-Jul-23 00:00:00.0000,  5.194671135330814E+09,  4.613740512382142E+09, -2.048373885276239E+08,
2448827.500000000, A.D. 1992-Jul-24 00:00:00.0000,  5.194423935946684E+09,  4.614016804935292E+09, -2.049056466611905E+08,
2448828.500000000, A.D. 1992-Jul-25 00:00:00.0000,  5.194176722640783E+09,  4.614293083768096E+09, -2.049739042266161E+08,
2448829.500000000, A.D. 1992-Jul-26 00:00:00.0000,  5.193929495413388E+09,  4.614569348885498E+09, -2.050421612236493E+08,
2448830.500000000, A.D. 1992-Jul-27 00:00:00.0000,  5.193682254264604E+09,  4.614845600292443E+09, -2.051104176520302E+08,
2448831.500000000, A.D. 1992-Jul-28 00:00:00.0000,  5.193434999194341E+09,  4.615121837993862E+09, -2.051786735114899E+08,
2448832.500000000, A.D. 1992-Jul-29 00:00:00.0000,  5.193187730202319E+09,  4.615398061994660E+09, -2.052469288017492E+08,
2448833.500000000, A.D. 1992-Jul-30 00:00:00.0000,  5.192940447288059E+09,  4.615674272299708E+09, -2.053151835225194E+08,
2448834.500000000, A.D. 1992-Jul-31 00:00:00.0000,  5.192693150450876E+09,  4.615950468913821E+09, -2.053834376735039E+08,
2448835.500000000, A.D. 1992-Aug-01 00:00:00.0000,  5.192445839689877E+09,  4.616226651841751E+09, -2.054516912543969E+08,
2448836.500000000, A.D. 1992-Aug-02 00:00:00.0000,  5.192198515003955E+09,  4.616502821088161E+09, -2.055199442648857E+08,
2448837.500000000, A.D. 1992-Aug-03 00:00:00.0000,  5.191951176391786E+09,  4.616778976657615E+09, -2.055881967046504E+08,
2448838.500000000, A.D. 1992-Aug-04 00:00:00.0000,  5.191703823851830E+09,  4.617055118554547E+09, -2.056564485733676E+08,
2448839.500000000, A.D. 1992-Aug-05 00:00:00.0000,  5.191456457382328E+09,  4.617331246783246E+09, -2.057246998707082E+08,
2448840.500000000, A.D. 1992-Aug-06 00:00:00.0000,  5.191209076981309E+09,  4.617607361347824E+09, -2.057929505963430E+08,
2448841.500000000, A.D. 1992-Aug-07 00:00:00.0000,  5.190961682646589E+09,  4.617883462252196E+09, -2.058612007499430E+08,
2448842.500000000, A.D. 1992-Aug-08 00:00:00.0000,  5.190714274375786E+09,  4.618159549500042E+09, -2.059294503311827E+08,
2448843.500000000, A.D. 1992-Aug-09 00:00:00.0000,  5.190466852166326E+09,  4.618435623094779E+09, -2.059976993397450E+08,
2448844.500000000, A.D. 1992-Aug-10 00:00:00.0000,  5.190219416015468E+09,  4.618711683039530E+09, -2.060659477753232E+08,
2448845.500000000, A.D. 1992-Aug-11 00:00:00.0000,  5.189971965920321E+09,  4.618987729337078E+09, -2.061341956376264E+08,
2448846.500000000, A.D. 1992-Aug-12 00:00:00.0000,  5.189724501877883E+09,  4.619263761989845E+09, -2.062024429263866E+08,
2448847.500000000, A.D. 1992-Aug-13 00:00:00.0000,  5.189477023885077E+09,  4.619539780999847E+09, -2.062706896413622E+08,
2448848.500000000, A.D. 1992-Aug-14 00:00:00.0000,  5.189229531938796E+09,  4.619815786368659E+09, -2.063389357823453E+08,
2448849.500000000, A.D. 1992-Aug-15 00:00:00.0000,  5.188982026035974E+09,  4.620091778097395E+09, -2.064071813491740E+08,
2448850.500000000, A.D. 1992-Aug-16 00:00:00.0000,  5.188734506173648E+09,  4.620367756186678E+09, -2.064754263417335E+08,
2448851.500000000, A.D. 1992-Aug-17 00:00:00.0000,  5.188486972349048E+09,  4.620643720636628E+09, -2.065436707599676E+08,
2448852.500000000, A.D. 1992-Aug-18 00:00:00.0000,  5.188239424559683E+09,  4.620919671446875E+09, -2.066119146038890E+08,
2448853.500000000, A.D. 1992-Aug-19 00:00:00.0000,  5.187991862803459E+09,  4.621195608616561E+09, -2.066801578735821E+08,
2448854.500000000, A.D. 1992-Aug-20 00:00:00.0000,  5.187744287078774E+09,  4.621471532144403E+09, -2.067484005692136E+08,
2448855.500000000, A.D. 1992-Aug-21 00:00:00.0000,  5.187496697384635E+09,  4.621747442028753E+09, -2.068166426910334E+08,
2448856.500000000, A.D. 1992-Aug-22 00:00:00.0000,  5.187249093720770E+09,  4.622023338267698E+09, -2.068848842393770E+08,
2448857.500000000, A.D. 1992-Aug-23 00:00:00.0000,  5.187001476087701E+09,  4.622299220859200E+09, -2.069531252146628E+08,
2448858.500000000, A.D. 1992-Aug-24 00:00:00.0000,  5.186753844486827E+09,  4.622575089801246E+09, -2.070213656173832E+08,
2448859.500000000, A.D. 1992-Aug-25 00:00:00.0000,  5.186506198920443E+09,  4.622850945092050E+09, -2.070896054480948E+08,
2448860.500000000, A.D. 1992-Aug-26 00:00:00.0000,  5.186258539391729E+09,  4.623126786730239E+09, -2.071578447073953E+08,
2448861.500000000, A.D. 1992-Aug-27 00:00:00.0000,  5.186010865904686E+09,  4.623402614715064E+09, -2.072260833959053E+08,
2448862.500000000, A.D. 1992-Aug-28 00:00:00.0000,  5.185763178464017E+09,  4.623678429046593E+09, -2.072943215142398E+08,
2448863.500000000, A.D. 1992-Aug-29 00:00:00.0000,  5.185515477074960E+09,  4.623954229725864E+09, -2.073625590629790E+08,
2448864.500000000, A.D. 1992-Aug-30 00:00:00.0000,  5.185267761743077E+09,  4.624230016755008E+09, -2.074307960426388E+08,
2448865.500000000, A.D. 1992-Aug-31 00:00:00.0000,  5.185020032474033E+09,  4.624505790137303E+09, -2.074990324536467E+08,
2448866.500000000, A.D. 1992-Sep-01 00:00:00.0000,  5.184772289273338E+09,  4.624781549877188E+09, -2.075672682963159E+08,
2448867.500000000, A.D. 1992-Sep-02 00:00:00.0000,  5.184524532146133E+09,  4.625057295980184E+09, -2.076355035708320E+08,
2448868.500000000, A.D. 1992-Sep-03 00:00:00.0000,  5.184276761096972E+09,  4.625333028452804E+09, -2.077037382772398E+08,
2448869.500000000, A.D. 1992-Sep-04 00:00:00.0000,  5.184028976129667E+09,  4.625608747302388E+09, -2.077719724154415E+08,
2448870.500000000, A.D. 1992-Sep-05 00:00:00.0000,  5.183781177247161E+09,  4.625884452536937E+09, -2.078402059852018E+08,
2448871.500000000, A.D. 1992-Sep-06 00:00:00.0000,  5.183533364451462E+09,  4.626160144164913E+09, -2.079084389861515E+08,
2448872.500000000, A.D. 1992-Sep-07 00:00:00.0000,  5.183285537743608E+09,  4.626435822195075E+09, -2.079766714178038E+08,
2448873.500000000, A.D. 1992-Sep-08 00:00:00.0000,  5.183037697123691E+09,  4.626711486636290E+09, -2.080449032795677E+08,
2448874.500000000, A.D. 1992-Sep-09 00:00:00.0000,  5.182789842590879E+09,  4.626987137497393E+09, -2.081131345707636E+08,
2448875.500000000, A.D. 1992-Sep-10 00:00:00.0000,  5.182541974143499E+09,  4.627262774787055E+09, -2.081813652906373E+08,
2448876.500000000, A.D. 1992-Sep-11 00:00:00.0000,  5.182294091779104E+09,  4.627538398513687E+09, -2.082495954383783E+08,
2448877.500000000, A.D. 1992-Sep-12 00:00:00.0000,  5.182046195494558E+09,  4.627814008685360E+09, -2.083178250131333E+08,
2448878.500000000, A.D. 1992-Sep-13 00:00:00.0000,  5.181798285286127E+09,  4.628089605309748E+09, -2.083860540140154E+08,
2448879.500000000, A.D. 1992-Sep-14 00:00:00.0000,  5.181550361149555E+09,  4.628365188394091E+09, -2.084542824401171E+08,
2448880.500000000, A.D. 1992-Sep-15 00:00:00.0000,  5.181302423080152E+09,  4.628640757945185E+09, -2.085225102905180E+08,
2448881.500000000, A.D. 1992-Sep-16 00:00:00.0000,  5.181054471072857E+09,  4.628916313969354E+09, -2.085907375642920E+08,
2448882.500000000, A.D. 1992-Sep-17 00:00:00.0000,  5.180806505122308E+09,  4.629191856472468E+09, -2.086589642605128E+08,
2448883.500000000, A.D. 1992-Sep-18 00:00:00.0000,  5.180558525222892E+09,  4.629467385459943E+09, -2.087271903782578E+08,
2448884.500000000, A.D. 1992-Sep-19 00:00:00.0000,  5.180310531368801E+09,  4.629742900936752E+09, -2.087954159166124E+08,
2448885.500000000, A.D. 1992-Sep-20 00:00:00.0000,  5.180062523554069E+09,  4.630018402907446E+09, -2.088636408746717E+08,
2448886.500000000, A.D. 1992-Sep-21 00:00:00.0000,  5.179814501772609E+09,  4.630293891376167E+09, -2.089318652515419E+08,
2448887.500000000, A.D. 1992-Sep-22 00:00:00.0000,  5.179566466018240E+09,  4.630569366346668E+09, -2.090000890463400E+08,
2448888.500000000, A.D. 1992-Sep-23 00:00:00.0000,  5.179318416284717E+09,  4.630844827822330E+09, -2.090683122581975E+08,
2448889.500000000, A.D. 1992-Sep-24 00:00:00.0000,  5.179070352565745E+09,  4.631120275806180E+09, -2.091365348862586E+08,
2448890.500000000, A.D. 1992-Sep-25 00:00:00.0000,  5.178822274855009E+09,  4.631395710300916E+09, -2.092047569296813E+08,
2448891.500000000, A.D. 1992-Sep-26 00:00:00.0000,  5.178574183146172E+09,  4.631671131308907E+09, -2.092729783876343E+08,
2448892.500000000, A.D. 1992-Sep-27 00:00:00.0000,  5.178326077432895E+09,  4.631946538832226E+09, -2.093411992593005E+08,
2448893.500000000, A.D. 1992-Sep-28 00:00:00.0000,  5.178077957708847E+09,  4.632221932872653E+09, -2.094094195438743E+08,
2448894.500000000, A.D. 1992-Sep-29 00:00:00.0000,  5.177829823967715E+09,  4.632497313431689E+09, -2.094776392405617E+08,
2448895.500000000, A.D. 1992-Sep-30 00:00:00.0000,  5.177581676203206E+09,  4.632772680510575E+09, -2.095458583485794E+08,
2448896.500000000, A.D. 1992-Oct-01 00:00:00.0000,  5.177333514409051E+09,  4.633048034110297E+09, -2.096140768671553E+08,
2448897.500000000, A.D. 1992-Oct-02 00:00:00.0000,  5.177085338579016E+09,  4.633323374231596E+09, -2.096822947955275E+08,
2448898.500000000, A.D. 1992-Oct-03 00:00:00.0000,  5.176837148706903E+09,  4.633598700874974E+09, -2.097505121329405E+08,
2448899.500000000, A.D. 1992-Oct-04 00:00:00.0000,  5.176588944786549E+09,  4.633874014040717E+09, -2.098187288786521E+08,
2448900.500000000, A.D. 1992-Oct-05 00:00:00.0000,  5.176340726811832E+09,  4.634149313728881E+09, -2.098869450319250E+08,
2448901.500000000, A.D. 1992-Oct-06 00:00:00.0000,  5.176092494776679E+09,  4.634424599939316E+09, -2.099551605920310E+08,
2448902.500000000, A.D. 1992-Oct-07 00:00:00.0000,  5.175844248675054E+09,  4.634699872671663E+09, -2.100233755582504E+08,
2448903.500000000, A.D. 1992-Oct-08 00:00:00.0000,  5.175595988500968E+09,  4.634975131925361E+09, -2.100915899298694E+08,
2448904.500000000, A.D. 1992-Oct-09 00:00:00.0000,  5.175347714248486E+09,  4.635250377699655E+09, -2.101598037061810E+08,
2448905.500000000, A.D. 1992-Oct-10 00:00:00.0000,  5.175099425911711E+09,  4.635525609993596E+09, -2.102280168864853E+08,
2448906.500000000, A.D. 1992-Oct-11 00:00:00.0000,  5.174851123484802E+09,  4.635800828806047E+09, -2.102962294700882E+08,
2448907.500000000, A.D. 1992-Oct-12 00:00:00.0000,  5.174602806961967E+09,  4.636076034135687E+09, -2.103644414563012E+08,
2448908.500000000, A.D. 1992-Oct-13 00:00:00.0000,  5.174354476337456E+09,  4.636351225981010E+09, -2.104326528444414E+08,
2448909.500000000, A.D. 1992-Oct-14 00:00:00.0000,  5.174106131605577E+09,  4.636626404340334E+09, -2.105008636338315E+08,
2448910.500000000, A.D. 1992-Oct-15 00:00:00.0000,  5.173857772760686E+09,  4.636901569211794E+09, -2.105690738237996E+08,
2448911.500000000, A.D. 1992-Oct-16 00:00:00.0000,  5.173609399797183E+09,  4.637176720593351E+09, -2.106372834136791E+08,
2448912.500000000, A.D. 1992-Oct-17 00:00:00.0000,  5.173361012709523E+09,  4.637451858482794E+09, -2.107054924028080E+08,
2448913.500000000, A.D. 1992-Oct-18 00:00:00.0000,  5.173112611492208E+09,  4.637726982877728E+09, -2.107737007905273E+08,
2448914.500000000, A.D. 1992-Oct-19 00:00:00.0000,  5.172864196139787E+09,  4.638002093775590E+09, -2.108419085761874E+08,
2448915.500000000, A.D. 1992-Oct-20 00:00:00.0000,  5.172615766646856E+09,  4.638277191173635E+09, -2.109101157591393E+08,
2448916.500000000, A.D. 1992-Oct-21 00:00:00.0000,  5.172367323008057E+09,  4.638552275068947E+09, -2.109783223387403E+08,
2448917.500000000, A.D. 1992-Oct-22 00:00:00.0000,  5.172118865218079E+09,  4.638827345458424E+09, -2.110465283143549E+08,
2448918.500000000, A.D. 1992-Oct-23 00:00:00.0000,  5.171870393271653E+09,  4.639102402338781E+09, -2.111147336853495E+08,
2448919.500000000, A.D. 1992-Oct-24 00:00:00.0000,  5.171621907163557E+09,  4.639377445706553E+09, -2.111829384510984E+08,
2448920.500000000, A.D. 1992-Oct-25 00:00:00.0000,  5.171373406888606E+09,  4.639652475558075E+09, -2.112511426109810E+08,
2448921.500000000, A.D. 1992-Oct-26 00:00:00.0000,  5.171124892441661E+09,  4.639927491889490E+09, -2.113193461643832E+08,
2448922.500000000, A.D. 1992-Oct-27 00:00:00.0000,  5.170876363817620E+09,  4.640202494696733E+09, -2.113875491106977E+08,
2448923.500000000, A.D. 1992-Oct-28 00:00:00.0000,  5.170627821011428E+09,  4.640477483975530E+09, -2.114557514493268E+08,
2448924.500000000, A.D. 1992-Oct-29 00:00:00.0000,  5.170379264018063E+09,  4.640752459721375E+09, -2.115239531796792E+08,
2448925.500000000, A.D. 1992-Oct-30 00:00:00.0000,  5.170130692832553E+09,  4.641027421929533E+09, -2.115921543011756E+08,
2448926.500000000, A.D. 1992-Oct-31 00:00:00.0000,  5.169882107449965E+09,  4.641302370595018E+09, -2.116603548132470E+08,
2448927.500000000, A.D. 1992-Nov-01 00:00:00.0000,  5.169633507865418E+09,  4.641577305712578E+09, -2.117285547153385E+08,
2448928.500000000, A.D. 1992-Nov-02 00:00:00.0000,  5.169384894074091E+09,  4.641852227276678E+09, -2.117967540069110E+08,
2448929.500000000, A.D. 1992-Nov-03 00:00:00.0000,  5.169136266071216E+09,  4.642127135281479E+09, -2.118649526874416E+08,
2448930.500000000, A.D. 1992-Nov-04 00:00:00.0000,  5.168887623852108E+09,  4.642402029720819E+09, -2.119331507564311E+08,
2448931.500000000, A.D. 1992-Nov-05 00:00:00.0000,  5.168638967412171E+09,  4.642676910588185E+09, -2.120013482134037E+08,
2448932.500000000, A.D. 1992-Nov-06 00:00:00.0000,  5.168390296746920E+09,  4.642951777876688E+09, -2.120695450579121E+08,
2448933.500000000, A.D. 1992-Nov-07 00:00:00.0000,  5.168141611852010E+09,  4.643226631579037E+09, -2.121377412895434E+08,
2448934.500000000, A.D. 1992-Nov-08 00:00:00.0000,  5.167892912723266E+09,  4.643501471687510E+09, -2.122059369079239E+08,
2448935.500000000, A.D. 1992-Nov-09 00:00:00.0000,  5.167644199356730E+09,  4.643776298193930E+09, -2.122741319127254E+08,
2448936.500000000, A.D. 1992-Nov-10 00:00:00.0000,  5.167395471748706E+09,  4.644051111089630E+09, -2.123423263036728E+08,
2448937.500000000, A.D. 1992-Nov-11 00:00:00.0000,  5.167146729895829E+09,  4.644325910365449E+09, -2.124105200805502E+08,
2448938.500000000, A.D. 1992-Nov-12 00:00:00.0000,  5.166897973795137E+09,  4.644600696011702E+09, -2.124787132432103E+08,
2448939.500000000, A.D. 1992-Nov-13 00:00:00.0000,  5.166649203444149E+09,  4.644875468018186E+09, -2.125469057915838E+08,
2448940.500000000, A.D. 1992-Nov-14 00:00:00.0000,  5.166400418840968E+09,  4.645150226374189E+09, -2.126150977256832E+08,
2448941.500000000, A.D. 1992-Nov-15 00:00:00.0000,  5.166151619984385E+09,  4.645424971068521E+09, -2.126832890456164E+08,
2448942.500000000, A.D. 1992-Nov-16 00:00:00.0000,  5.165902806873982E+09,  4.645699702089561E+09, -2.127514797515860E+08,
2448943.500000000, A.D. 1992-Nov-17 00:00:00.0000,  5.165653979510255E+09,  4.645974419425344E+09, -2.128196698438995E+08,
2448944.500000000, A.D. 1992-Nov-18 00:00:00.0000,  5.165405137894707E+09,  4.646249123063668E+09, -2.128878593229656E+08,
2448945.500000000, A.D. 1992-Nov-19 00:00:00.0000,  5.165156282029941E+09,  4.646523812992236E+09, -2.129560481892941E+08,
2448946.500000000, A.D. 1992-Nov-20 00:00:00.0000,  5.164907411919723E+09,  4.646798489198826E+09, -2.130242364434853E+08,
2448947.500000000, A.D. 1992-Nov-21 00:00:00.0000,  5.164658527569016E+09,  4.647073151671484E+09, -2.130924240862191E+08,
2448948.500000000, A.D. 1992-Nov-22 00:00:00.0000,  5.164409628983953E+09,  4.647347800398741E+09, -2.131606111182353E+08,
2448949.500000000, A.D. 1992-Nov-23 00:00:00.0000,  5.164160716171775E+09,  4.647622435369817E+09, -2.132287975403123E+08,
2448950.500000000, A.D. 1992-Nov-24 00:00:00.0000,  5.163911789140713E+09,  4.647897056574820E+09, -2.132969833532376E+08,
2448951.500000000, A.D. 1992-Nov-25 00:00:00.0000,  5.163662847899810E+09,  4.648171664004919E+09, -2.133651685577810E+08,
2448952.500000000, A.D. 1992-Nov-26 00:00:00.0000,  5.163413892458716E+09,  4.648446257652461E+09, -2.134333531546643E+08,
2448953.500000000, A.D. 1992-Nov-27 00:00:00.0000,  5.163164922827452E+09,  4.648720837511039E+09, -2.135015371445336E+08,
2448954.500000000, A.D. 1992-Nov-28 00:00:00.0000,  5.162915939016163E+09,  4.648995403575500E+09, -2.135697205279400E+08,
2448955.500000000, A.D. 1992-Nov-29 00:00:00.0000,  5.162666941034893E+09,  4.649269955841896E+09, -2.136379033053188E+08,
2448956.500000000, A.D. 1992-Nov-30 00:00:00.0000,  5.162417928893373E+09,  4.649544494307371E+09, -2.137060854769843E+08,
2448957.500000000, A.D. 1992-Dec-01 00:00:00.0000,  5.162168902600852E+09,  4.649819018970025E+09, -2.137742670431206E+08,
2448958.500000000, A.D. 1992-Dec-02 00:00:00.0000,  5.161919862165982E+09,  4.650093529828743E+09, -2.138424480037909E+08,
2448959.500000000, A.D. 1992-Dec-03 00:00:00.0000,  5.161670807596741E+09,  4.650368026883012E+09, -2.139106283589394E+08,
2448960.500000000, A.D. 1992-Dec-04 00:00:00.0000,  5.161421738900402E+09,  4.650642510132751E+09, -2.139788081084096E+08,
2448961.500000000, A.D. 1992-Dec-05 00:00:00.0000,  5.161172656083542E+09,  4.650916979578144E+09, -2.140469872519534E+08,
2448962.500000000, A.D. 1992-Dec-06 00:00:00.0000,  5.160923559152081E+09,  4.651191435219501E+09, -2.141151657892501E+08,
2448963.500000000, A.D. 1992-Dec-07 00:00:00.0000,  5.160674448111343E+09,  4.651465877057132E+09, -2.141833437199202E+08,
2448964.500000000, A.D. 1992-Dec-08 00:00:00.0000,  5.160425322966126E+09,  4.651740305091266E+09, -2.142515210435402E+08,
2448965.500000000, A.D. 1992-Dec-09 00:00:00.0000,  5.160176183720783E+09,  4.652014719321969E+09, -2.143196977596579E+08,
2448966.500000000, A.D. 1992-Dec-10 00:00:00.0000,  5.159927030379308E+09,  4.652289119749102E+09, -2.143878738678019E+08,
2448967.500000000, A.D. 1992-Dec-11 00:00:00.0000,  5.159677862945408E+09,  4.652563506372291E+09, -2.144560493674920E+08,
2448968.500000000, A.D. 1992-Dec-12 00:00:00.0000,  5.159428681422580E+09,  4.652837879190913E+09, -2.145242242582493E+08,
2448969.500000000, A.D. 1992-Dec-13 00:00:00.0000,  5.159179485814178E+09,  4.653112238204096E+09, -2.145923985396004E+08,
2448970.500000000, A.D. 1992-Dec-14 00:00:00.0000,  5.158930276123466E+09,  4.653386583410718E+09, -2.146605722110839E+08,
2448971.500000000, A.D. 1992-Dec-15 00:00:00.0000,  5.158681052353675E+09,  4.653660914809432E+09, -2.147287452722545E+08,
2448972.500000000, A.D. 1992-Dec-16 00:00:00.0000,  5.158431814508041E+09,  4.653935232398678E+09, -2.147969177226856E+08,
2448973.500000000, A.D. 1992-Dec-17 00:00:00.0000,  5.158182562589847E+09,  4.654209536176703E+09, -2.148650895619698E+08,
2448974.500000000, A.D. 1992-Dec-18 00:00:00.0000,  5.157933296602438E+09,  4.654483826141592E+09, -2.149332607897224E+08,
2448975.500000000, A.D. 1992-Dec-19 00:00:00.0000,  5.157684016549261E+09,  4.654758102291281E+09, -2.150014314055815E+08,
2448976.500000000, A.D. 1992-Dec-20 00:00:00.0000,  5.157434722433877E+09,  4.655032364623590E+09, -2.150696014092062E+08,
2448977.500000000, A.D. 1992-Dec-21 00:00:00.0000,  5.157185414259972E+09,  4.655306613136241E+09, -2.151377708002779E+08,
2448978.500000000, A.D. 1992-Dec-22 00:00:00.0000,  5.156936092031368E+09,  4.655580847826880E+09, -2.152059395785015E+08,
2448979.500000000, A.D. 1992-Dec-23 00:00:00.0000,  5.156686755752038E+09,  4.655855068693105E+09, -2.152741077436018E+08,
2448980.500000000, A.D. 1992-Dec-24 00:00:00.0000,  5.156437405426102E+09,  4.656129275732472E+09, -2.153422752953246E+08,
2448981.500000000, A.D. 1992-Dec-25 00:00:00.0000,  5.156188041057834E+09,  4.656403468942534E+09, -2.154104422334347E+08,
2448982.500000000, A.D. 1992-Dec-26 00:00:00.0000,  5.155938662651662E+09,  4.656677648320835E+09, -2.154786085577164E+08,
2448983.500000000, A.D. 1992-Dec-27 00:00:00.0000,  5.155689270212165E+09,  4.656951813864945E+09, -2.155467742679706E+08,
2448984.500000000, A.D. 1992-Dec-28 00:00:00.0000,  5.155439863744078E+09,  4.657225965572465E+09, -2.156149393640161E+08,
2448985.500000000, A.D. 1992-Dec-29 00:00:00.0000,  5.155190443252278E+09,  4.657500103441044E+09, -2.156831038456867E+08,
2448986.500000000, A.D. 1992-Dec-30 00:00:00.0000,  5.154941008741792E+09,  4.657774227468391E+09, -2.157512677128317E+08,
2448987.500000000, A.D. 1992-Dec-31 00:00:00.0000,  5.154691560217782E+09,  4.658048337652286E+09, -2.158194309653134E+08,
2448988.500000000, A.D. 1993-Jan-01 00:00:00.0000,  5.154442097685548E+09,  4.658322433990590E+09, -2.158875936030078E+08,
2448989.500000000, A.D. 1993-Jan-02 00:00:00.0000,  5.154192621150514E+09,  4.658596516481258E+09, -2.159557556258030E+08,
2448990.500000000, A.D. 1993-Jan-03 00:00:00.0000,  5.153943130618230E+09,  4.658870585122341E+09, -2.160239170335960E+08,
2448991.500000000, A.D. 1993-Jan-04 00:00:00.0000,  5.153693626094359E+09,  4.659144639912004E+09, -2.160920778262980E+08,
2448992.500000000, A.D. 1993-Jan-05 00:00:00.0000,  5.153444107584675E+09,  4.659418680848519E+09, -2.161602380038252E+08,
2448993.500000000, A.D. 1993-Jan-06 00:00:00.0000,  5.153194575095051E+09,  4.659692707930289E+09, -2.162283975661058E+08,
2448994.500000000, A.D. 1993-Jan-07 00:00:00.0000,  5.152945028631453E+09,  4.659966721155837E+09, -2.162965565130751E+08,
2448995.500000000, A.D. 1993-Jan-08 00:00:00.0000,  5.152695468199936E+09,  4.660240720523822E+09, -2.163647148446746E+08,
2448996.500000000, A.D. 1993-Jan-09 00:00:00.0000,  5.152445893806628E+09,  4.660514706033038E+09, -2.164328725608528E+08,
2448997.500000000, A.D. 1993-Jan-10 00:00:00.0000,  5.152196305457732E+09,  4.660788677682421E+09, -2.165010296615634E+08,
2448998.500000000, A.D. 1993-Jan-11 00:00:00.0000,  5.151946703159506E+09,  4.661062635471049E+09, -2.165691861467664E+08,
2448999.500000000, A.D. 1993-Jan-12 00:00:00.0000,  5.151697086918262E+09,  4.661336579398145E+09, -2.166373420164249E+08,
2449000.500000000, A.D. 1993-Jan-13 00:00:00.0000,  5.151447456740359E+09,  4.661610509463078E+09, -2.167054972705069E+08,
2449001.500000000, A.D. 1993-Jan-14 00:00:00.0000,  5.151197812632183E+09,  4.661884425665369E+09, -2.167736519089832E+08,
2449002.500000000, A.D. 1993-Jan-15 00:00:00.0000,  5.150948154600150E+09,  4.662158328004683E+09, -2.168418059318283E+08,
2449003.500000000, A.D. 1993-Jan-16 00:00:00.0000,  5.150698482650689E+09,  4.662432216480831E+09, -2.169099593390169E+08,
2449004.500000000, A.D. 1993-Jan-17 00:00:00.0000,  5.150448796790236E+09,  4.662706091093772E+09, -2.169781121305277E+08,
2449005.500000000, A.D. 1993-Jan-18 00:00:00.0000,  5.150199097025223E+09,  4.662979951843605E+09, -2.170462643063407E+08,
2449006.500000000, A.D. 1993-Jan-19 00:00:00.0000,  5.149949383362065E+09,  4.663253798730572E+09, -2.171144158664370E+08,
2449007.500000000, A.D. 1993-Jan-20 00:00:00.0000,  5.149699655807160E+09,  4.663527631755043E+09, -2.171825668107984E+08,
2449008.500000000, A.D. 1993-Jan-21 00:00:00.0000,  5.149449914366866E+09,  4.663801450917520E+09, -2.172507171394081E+08,
2449009.500000000, A.D. 1993-Jan-22 00:00:00.0000,  5.149200159047503E+09,  4.664075256218620E+09, -2.173188668522515E+08,
2449010.500000000, A.D. 1993-Jan-23 00:00:00.0000,  5.148950389855339E+09,  4.664349047659081E+09, -2.173870159493136E+08,
2449011.500000000, A.D. 1993-Jan-24 00:00:00.0000,  5.148700606796580E+09,  4.664622825239731E+09, -2.174551644305816E+08,
2449012.500000000, A.D. 1993-Jan-25 00:00:00.0000,  5.148450809877365E+09,  4.664896588961493E+09, -2.175233122960458E+08,
2449013.500000000, A.D. 1993-Jan-26 00:00:00.0000,  5.148200999103757E+09,  4.665170338825359E+09, -2.175914595456975E+08,
2449014.500000000, A.D. 1993-Jan-27 00:00:00.0000,  5.147951174481734E+09,  4.665444074832384E+09, -2.176596061795344E+08,
2449015.500000000, A.D. 1993-Jan-28 00:00:00.0000,  5.147701336017193E+09,  4.665717796983658E+09, -2.177277521975572E+08,
2449016.500000000, A.D. 1993-Jan-29 00:00:00.0000,  5.147451483715941E+09,  4.665991505280287E+09, -2.177958975997751E+08,
2449017.500000000, A.D. 1993-Jan-30 00:00:00.0000,  5.147201617583695E+09,  4.666265199723377E+09, -2.178640423862059E+08,
2449018.500000000, A.D. 1993-Jan-31 00:00:00.0000,  5.146951737626090E+09,  4.666538880313999E+09, -2.179321865568793E+08,
2449019.500000000, A.D. 1993-Feb-01 00:00:00.0000,  5.146701843848680E+09,  4.666812547053164E+09, -2.180003301118398E+08,
2449020.500000000, A.D. 1993-Feb-02 00:00:00.0000,  5.146451936256960E+09,  4.667086199941795E+09, -2.180684730511515E+08,
2449021.500000000, A.D. 1993-Feb-03 00:00:00.0000,  5.146202014856377E+09,  4.667359838980693E+09, -2.181366153749001E+08,
2449022.500000000, A.D. 1993-Feb-04 00:00:00.0000,  5.145952079652356E+09,  4.667633464170506E+09, -2.182047570832016E+08,
2449023.500000000, A.D. 1993-Feb-05 00:00:00.0000,  5.145702130650346E+09,  4.667907075511698E+09, -2.182728981762049E+08,
2449024.500000000, A.D. 1993-Feb-06 00:00:00.0000,  5.145452167855845E+09,  4.668180673004517E+09, -2.183410386541009E+08,
2449025.500000000, A.D. 1993-Feb-07 00:00:00.0000,  5.145202191274473E+09,  4.668454256648969E+09, -2.184091785171278E+08,
2449026.500000000, A.D. 1993-Feb-08 00:00:00.0000,  5.144952200912027E+09,  4.668727826444802E+09, -2.184773177655804E+08,
2449027.500000000, A.D. 1993-Feb-09 00:00:00.0000,  5.144702196774563E+09,  4.669001382391500E+09, -2.185454563998165E+08,
2449028.500000000, A.D. 1993-Feb-10 00:00:00.0000,  5.144452178868484E+09,  4.669274924488276E+09, -2.186135944202666E+08,
2449029.500000000, A.D. 1993-Feb-11 00:00:00.0000,  5.144202147200638E+09,  4.669548452734117E+09, -2.186817318274384E+08,
2449030.500000000, A.D. 1993-Feb-12 00:00:00.0000,  5.143952101778420E+09,  4.669821967127808E+09, -2.187498686219251E+08,
2449031.500000000, A.D. 1993-Feb-13 00:00:00.0000,  5.143702042609879E+09,  4.670095467668025E+09, -2.188180048044066E+08,
2449032.500000000, A.D. 1993-Feb-14 00:00:00.0000,  5.143451969703812E+09,  4.670368954353432E+09, -2.188861403756521E+08,
2449033.500000000, A.D. 1993-Feb-15 00:00:00.0000,  5.143201883069846E+09,  4.670642427182814E+09, -2.189542753365138E+08,
2449034.500000000, A.D. 1993-Feb-16 00:00:00.0000,  5.142951782718499E+09,  4.670915886155248E+09, -2.190224096879215E+08,
2449035.500000000, A.D. 1993-Feb-17 00:00:00.0000,  5.142701668661193E+09,  4.671189331270288E+09, -2.190905434308686E+08,
2449036.500000000, A.D. 1993-Feb-18 00:00:00.0000,  5.142451540910240E+09,  4.671462762528165E+09, -2.191586765663898E+08,
2449037.500000000, A.D. 1993-Feb-19 00:00:00.0000,  5.142201399478757E+09,  4.671736179929996E+09, -2.192268090955436E+08,
2449038.500000000, A.D. 1993-Feb-20 00:00:00.0000,  5.141951244380542E+09,  4.672009583477970E+09, -2.192949410193782E+08,
2449039.500000000, A.D. 1993-Feb-21 00:00:00.0000,  5.141701075629900E+09,  4.672282973175508E+09, -2.193630723389082E+08,
2449040.500000000, A.D. 1993-Feb-22 00:00:00.0000,  5.141450893241420E+09,  4.672556349027377E+09, -2.194312030550823E+08,
2449041.500000000, A.D. 1993-Feb-23 00:00:00.0000,  5.141200697229740E+09,  4.672829711039742E+09, -2.194993331687560E+08,
2449042.500000000, A.D. 1993-Feb-24 00:00:00.0000,  5.140950487609300E+09,  4.673103059220170E+09, -2.195674626806707E+08,
2449043.500000000, A.D. 1993-Feb-25 00:00:00.0000,  5.140700264394096E+09,  4.673376393577564E+09, -2.196355915914371E+08,
2449044.500000000, A.D. 1993-Feb-26 00:00:00.0000,  5.140450027597485E+09,  4.673649714122046E+09, -2.197037199015222E+08,
2449045.500000000, A.D. 1993-Feb-27 00:00:00.0000,  5.140199777231999E+09,  4.673923020864806E+09, -2.197718476112502E+08,
2449046.500000000, A.D. 1993-Feb-28 00:00:00.0000,  5.139949513309239E+09,  4.674196313817926E+09, -2.198399747208030E+08,
2449047.500000000, A.D. 1993-Mar-01 00:00:00.0000,  5.139699235839787E+09,  4.674469592994186E+09, -2.199081012302289E+08,
2449048.500000000, A.D. 1993-Mar-02 00:00:00.0000,  5.139448944833176E+09,  4.674742858406884E+09, -2.199762271394546E+08,
2449049.500000000, A.D. 1993-Mar-03 00:00:00.0000,  5.139198640297894E+09,  4.675016110069662E+09, -2.200443524482999E+08,
2449050.500000000, A.D. 1993-Mar-04 00:00:00.0000,  5.138948322241434E+09,  4.675289347996356E+09, -2.201124771564929E+08,
2449051.500000000, A.D. 1993-Mar-05 00:00:00.0000,  5.138697990670333E+09,  4.675562572200871E+09, -2.201806012636859E+08,
2449052.500000000, A.D. 1993-Mar-06 00:00:00.0000,  5.138447645590256E+09,  4.675835782697069E+09, -2.202487247694693E+08,
2449053.500000000, A.D. 1993-Mar-07 00:00:00.0000,  5.138197287006069E+09,  4.676108979498707E+09, -2.203168476733847E+08,
2449054.500000000, A.D. 1993-Mar-08 00:00:00.0000,  5.137946914921926E+09,  4.676382162619361E+09, -2.203849699749386E+08,
2449055.500000000, A.D. 1993-Mar-09 00:00:00.0000,  5.137696529341334E+09,  4.676655332072405E+09, -2.204530916736102E+08,
2449056.500000000, A.D. 1993-Mar-10 00:00:00.0000,  5.137446130267235E+09,  4.676928487870974E+09, -2.205212127688608E+08,
2449057.500000000, A.D. 1993-Mar-11 00:00:00.0000,  5.137195717702067E+09,  4.677201630027960E+09, -2.205893332601402E+08,
2449058.500000000, A.D. 1993-Mar-12 00:00:00.0000,  5.136945291647820E+09,  4.677474758556008E+09, -2.206574531468904E+08,
2449059.500000000, A.D. 1993-Mar-13 00:00:00.0000,  5.136694852106092E+09,  4.677747873467522E+09, -2.207255724285529E+08,
2449060.500000000, A.D. 1993-Mar-14 00:00:00.0000,  5.136444399078127E+09,  4.678020974774666E+09, -2.207936911045680E+08,
2449061.500000000, A.D. 1993-Mar-15 00:00:00.0000,  5.136193932564844E+09,  4.678294062489386E+09, -2.208618091743796E+08,
2449062.500000000, A.D. 1993-Mar-16 00:00:00.0000,  5.135943452566883E+09,  4.678567136623416E+09, -2.209299266374328E+08,
2449063.500000000, A.D. 1993-Mar-17 00:00:00.0000,  5.135692959084615E+09,  4.678840197188295E+09, -2.209980434931796E+08,
2449064.500000000, A.D. 1993-Mar-18 00:00:00.0000,  5.135442452118166E+09,  4.679113244195380E+09, -2.210661597410748E+08,
2449065.500000000, A.D. 1993-Mar-19 00:00:00.0000,  5.135191931667435E+09,  4.679386277655862E+09, -2.211342753805799E+08,
2449066.500000000, A.D. 1993-Mar-20 00:00:00.0000,  5.134941397732104E+09,  4.679659297580768E+09, -2.212023904111583E+08,
2449067.500000000, A.D. 1993-Mar-21 00:00:00.0000,  5.134690850311646E+09,  4.679932303980988E+09, -2.212705048322783E+08,
2449068.500000000, A.D. 1993-Mar-22 00:00:00.0000,  5.134440289405334E+09,  4.680205296867271E+09, -2.213386186434114E+08,
2449069.500000000, A.D. 1993-Mar-23 00:00:00.0000,  5.134189715012246E+09,  4.680478276250249E+09, -2.214067318440332E+08,
2449070.500000000, A.D. 1993-Mar-24 00:00:00.0000,  5.133939127131268E+09,  4.680751242140426E+09, -2.214748444336185E+08,
2449071.500000000, A.D. 1993-Mar-25 00:00:00.0000,  5.133688525761092E+09,  4.681024194548199E+09, -2.215429564116452E+08,
2449072.500000000, A.D. 1993-Mar-26 00:00:00.0000,  5.133437910900230E+09,  4.681297133483857E+09, -2.216110677775905E+08,
2449073.500000000, A.D. 1993-Mar-27 00:00:00.0000,  5.133187282547000E+09,  4.681570058957592E+09, -2.216791785309336E+08,
2449074.500000000, A.D. 1993-Mar-28 00:00:00.0000,  5.132936640699534E+09,  4.681842970979489E+09, -2.217472886711500E+08,
2449075.500000000, A.D. 1993-Mar-29 00:00:00.0000,  5.132685985355776E+09,  4.682115869559544E+09, -2.218153981977148E+08,
2449076.500000000, A.D. 1993-Mar-30 00:00:00.0000,  5.132435316513482E+09,  4.682388754707652E+09, -2.218835071101017E+08,
2449077.500000000, A.D. 1993-Mar-31 00:00:00.0000,  5.132184634170215E+09,  4.682661626433619E+09, -2.219516154077802E+08,
2449078.500000000, A.D. 1993-Apr-01 00:00:00.0000,  5.131933938323349E+09,  4.682934484747152E+09, -2.220197230902171E+08,
2449079.500000000, A.D. 1993-Apr-02 00:00:00.0000,  5.131683228970065E+09,  4.683207329657866E+09, -2.220878301568758E+08,
2449080.500000000, A.D. 1993-Apr-03 00:00:00.0000,  5.131432506107346E+09,  4.683480161175279E+09, -2.221559366072152E+08,
2449081.500000000, A.D. 1993-Apr-04 00:00:00.0000,  5.131181769731982E+09,  4.683752979308807E+09, -2.222240424406881E+08,
2449082.500000000, A.D. 1993-Apr-05 00:00:00.0000,  5.130931019840569E+09,  4.684025784067773E+09, -2.222921476567445E+08,
2449083.500000000, A.D. 1993-Apr-06 00:00:00.0000,  5.130680256429492E+09,  4.684298575461388E+09, -2.223602522548268E+08,
2449084.500000000, A.D. 1993-Apr-07 00:00:00.0000,  5.130429479494947E+09,  4.684571353498757E+09, -2.224283562343733E+08,
2449085.500000000, A.D. 1993-Apr-08 00:00:00.0000,  5.130178689032922E+09,  4.684844118188880E+09, -2.224964595948153E+08,
2449086.500000000, A.D. 1993-Apr-09 00:00:00.0000,  5.129927885039197E+09,  4.685116869540631E+09, -2.225645623355772E+08,
2449087.500000000, A.D. 1993-Apr-10 00:00:00.0000,  5.129677067509353E+09,  4.685389607562769E+09, -2.226326644560781E+08,
2449088.500000000, A.D. 1993-Apr-11 00:00:00.0000,  5.129426236438756E+09,  4.685662332263928E+09, -2.227007659557319E+08,
2449089.500000000, A.D. 1993-Apr-12 00:00:00.0000,  5.129175391822568E+09,  4.685935043652604E+09, -2.227688668339407E+08,
2449090.500000000, A.D. 1993-Apr-13 00:00:00.0000,  5.128924533655736E+09,  4.686207741737155E+09, -2.228369670901062E+08,
2449091.500000000, A.D. 1993-Apr-14 00:00:00.0000,  5.128673661932998E+09,  4.686480426525798E+09, -2.229050667236197E+08,
2449092.500000000, A.D. 1993-Apr-15 00:00:00.0000,  5.128422776648871E+09,  4.686753098026586E+09, -2.229731657338653E+08,
2449093.500000000, A.D. 1993-Apr-16 00:00:00.0000,  5.128171877797666E+09,  4.687025756247417E+09, -2.230412641202238E+08,
2449094.500000000, A.D. 1993-Apr-17 00:00:00.0000,  5.127920965373467E+09,  4.687298401196013E+09, -2.231093618820665E+08,
2449095.500000000, A.D. 1993-Apr-18 00:00:00.0000,  5.127670039370148E+09,  4.687571032879914E+09, -2.231774590187604E+08,
2449096.500000000, A.D. 1993-Apr-19 00:00:00.0000,  5.127419099781357E+09,  4.687843651306463E+09, -2.232455555296671E+08,
2449097.500000000, A.D. 1993-Apr-20 00:00:00.0000,  5.127168146600526E+09,  4.688116256482802E+09, -2.233136514141428E+08,
2449098.500000000, A.D. 1993-Apr-21 00:00:00.0000,  5.126917179820867E+09,  4.688388848415844E+09, -2.233817466715384E+08,
2449099.500000000, A.D. 1993-Apr-22 00:00:00.0000,  5.126666199435369E+09,  4.688661427112275E+09, -2.234498413012030E+08,
2449100.500000000, A.D. 1993-Apr-23 00:00:00.0000,  5.126415205436807E+09,  4.688933992578525E+09, -2.235179353024836E+08,
2449101.500000000, A.D. 1993-Apr-24 00:00:00.0000,  5.126164197817731E+09,  4.689206544820750E+09, -2.235860286747229E+08,
2449102.500000000, A.D. 1993-Apr-25 00:00:00.0000,  5.125913176570489E+09,  4.689479083844823E+09, -2.236541214172690E+08,
2449103.500000000, A.D. 1993-Apr-26 00:00:00.0000,  5.125662141687215E+09,  4.689751609656297E+09, -2.237222135294678E+08,
2449104.500000000, A.D. 1993-Apr-27 00:00:00.0000,  5.125411093159839E+09,  4.690024122260392E+09, -2.237903050106723E+08,
2449105.500000000, A.D. 1993-Apr-28 00:00:00.0000,  5.125160030980108E+09,  4.690296621661964E+09, -2.238583958602433E+08,
2449106.500000000, A.D. 1993-Apr-29 00:00:00.0000,  5.124908955139587E+09,  4.690569107865479E+09, -2.239264860775499E+08,
2449107.500000000, A.D. 1993-Apr-30 00:00:00.0000,  5.124657865629682E+09,  4.690841580874976E+09, -2.239945756619773E+08,
2449108.500000000, A.D. 1993-May-01 00:00:00.0000,  5.124406762441662E+09,  4.691114040694046E+09, -2.240626646129291E+08,
2449109.500000000, A.D. 1993-May-02 00:00:00.0000,  5.124155645566689E+09,  4.691386487325789E+09, -2.241307529298310E+08,
2449110.500000000, A.D. 1993-May-03 00:00:00.0000,  5.123904514995854E+09,  4.691658920772787E+09, -2.241988406121411E+08,
2449111.500000000, A.D. 1993-May-04 00:00:00.0000,  5.123653370720219E+09,  4.691931341037063E+09, -2.242669276593497E+08,
2449112.500000000, A.D. 1993-May-05 00:00:00.0000,  5.123402212730872E+09,  4.692203748120061E+09, -2.243350140709929E+08,
2449113.500000000, A.D. 1993-May-06 00:00:00.0000,  5.123151041019002E+09,  4.692476142022613E+09, -2.244030998466561E+08,
2449114.500000000, A.D. 1993-May-07 00:00:00.0000,  5.122899855575958E+09,  4.692748522744920E+09, -2.244711849859848E+08,
2449115.500000000, A.D. 1993-May-08 00:00:00.0000,  5.122648656393351E+09,  4.693020890286549E+09, -2.245392694886913E+08,
2449116.500000000, A.D. 1993-May-09 00:00:00.0000,  5.122397443463144E+09,  4.693293244646433E+09, -2.246073533545632E+08,
2449117.500000000, A.D. 1993-May-10 00:00:00.0000,  5.122146216777772E+09,  4.693565585822900E+09, -2.246754365834713E+08,
2449118.500000000, A.D. 1993-May-11 00:00:00.0000,  5.121894976330241E+09,  4.693837913813726E+09, -2.247435191753778E+08,
2449119.500000000, A.D. 1993-May-12 00:00:00.0000,  5.121643722114249E+09,  4.694110228616205E+09, -2.248116011303358E+08,
2449120.500000000, A.D. 1993-May-13 00:00:00.0000,  5.121392454124294E+09,  4.694382530227255E+09, -2.248796824484930E+08,
2449121.500000000, A.D. 1993-May-14 00:00:00.0000,  5.121141172355762E+09,  4.694654818643563E+09, -2.249477631300895E+08,
2449122.500000000, A.D. 1993-May-15 00:00:00.0000,  5.120889876804991E+09,  4.694927093861748E+09, -2.250158431754456E+08,
2449123.500000000, A.D. 1993-May-16 00:00:00.0000,  5.120638567469309E+09,  4.695199355878553E+09, -2.250839225849540E+08,
2449124.500000000, A.D. 1993-May-17 00:00:00.0000,  5.120387244347004E+09,  4.695471604691051E+09, -2.251520013590569E+08,
2449125.500000000, A.D. 1993-May-18 00:00:00.0000,  5.120135907437266E+09,  4.695743840296850E+09, -2.252200794982257E+08,
2449126.500000000, A.D. 1993-May-19 00:00:00.0000,  5.119884556740067E+09,  4.696016062694285E+09, -2.252881570029328E+08,
2449127.500000000, A.D. 1993-May-20 00:00:00.0000,  5.119633192255989E+09,  4.696288271882582E+09, -2.253562338736212E+08,
2449128.500000000, A.D. 1993-May-21 00:00:00.0000,  5.119381813986012E+09,  4.696560467861966E+09, -2.254243101106794E+08,
2449129.500000000, A.D. 1993-May-22 00:00:00.0000,  5.119130421931287E+09,  4.696832650633728E+09, -2.254923857144113E+08,
2449130.500000000, A.D. 1993-May-23 00:00:00.0000,  5.118879016092898E+09,  4.697104820200219E+09, -2.255604606850171E+08,
2449131.500000000, A.D. 1993-May-24 00:00:00.0000,  5.118627596471633E+09,  4.697376976564792E+09, -2.256285350225759E+08,
2449132.500000000, A.D. 1993-May-25 00:00:00.0000,  5.118376163067783E+09,  4.697649119731683E+09, -2.256966087270350E+08,
2449133.500000000, A.D. 1993-May-26 00:00:00.0000,  5.118124715880983E+09,  4.697921249705875E+09, -2.257646817982109E+08,
2449134.500000000, A.D. 1993-May-27 00:00:00.0000,  5.117873254910098E+09,  4.698193366492916E+09, -2.258327542357895E+08,
2449135.500000000, A.D. 1993-May-28 00:00:00.0000,  5.117621780153158E+09,  4.698465470098730E+09, -2.259008260393357E+08,
2449136.500000000, A.D. 1993-May-29 00:00:00.0000,  5.117370291607334E+09,  4.698737560529451E+09, -2.259688972083075E+08,
2449137.500000000, A.D. 1993-May-30 00:00:00.0000,  5.117118789268952E+09,  4.699009637791246E+09, -2.260369677420683E+08,
2449138.500000000, A.D. 1993-May-31 00:00:00.0000,  5.116867273133546E+09,  4.699281701890178E+09, -2.261050376399033E+08,
2449139.500000000, A.D. 1993-Jun-01 00:00:00.0000,  5.116615743195910E+09,  4.699553752832078E+09, -2.261731069010382E+08,
2449140.500000000, A.D. 1993-Jun-02 00:00:00.0000,  5.116364199450189E+09,  4.699825790622459E+09, -2.262411755246506E+08,
2449141.500000000, A.D. 1993-Jun-03 00:00:00.0000,  5.116112641889958E+09,  4.700097815266438E+09, -2.263092435098829E+08,
2449142.500000000, A.D. 1993-Jun-04 00:00:00.0000,  5.115861070508312E+09,  4.700369826768685E+09, -2.263773108558595E+08,
2449143.500000000, A.D. 1993-Jun-05 00:00:00.0000,  5.115609485297952E+09,  4.700641825133396E+09, -2.264453775616910E+08,
2449144.500000000, A.D. 1993-Jun-06 00:00:00.0000,  5.115357886251254E+09,  4.700913810364276E+09, -2.265134436264873E+08,
2449145.500000000, A.D. 1993-Jun-07 00:00:00.0000,  5.115106273360351E+09,  4.701185782464533E+09, -2.265815090493617E+08,
2449146.500000000, A.D. 1993-Jun-08 00:00:00.0000,  5.114854646617185E+09,  4.701457741436882E+09, -2.266495738294356E+08,
2449147.500000000, A.D. 1993-Jun-09 00:00:00.0000,  5.114603006013577E+09,  4.701729687283562E+09, -2.267176379658456E+08,
2449148.500000000, A.D. 1993-Jun-10 00:00:00.0000,  5.114351351541261E+09,  4.702001620006346E+09, -2.267857014577446E+08,
2449149.500000000, A.D. 1993-Jun-11 00:00:00.0000,  5.114099683191933E+09,  4.702273539606563E+09, -2.268537643043032E+08,
2449150.500000000, A.D. 1993-Jun-12 00:00:00.0000,  5.113848000957283E+09,  4.702545446085121E+09, -2.269218265047138E+08,
2449151.500000000, A.D. 1993-Jun-13 00:00:00.0000,  5.113596304829026E+09,  4.702817339442526E+09, -2.269898880581887E+08,
2449152.500000000, A.D. 1993-Jun-14 00:00:00.0000,  5.113344594798924E+09,  4.703089219678900E+09, -2.270579489639618E+08,
2449153.500000000, A.D. 1993-Jun-15 00:00:00.0000,  5.113092870858808E+09,  4.703361086794014E+09, -2.271260092212903E+08,
2449154.500000000, A.D. 1993-Jun-16 00:00:00.0000,  5.112841133000587E+09,  4.703632940787295E+09, -2.271940688294504E+08,
2449155.500000000, A.D. 1993-Jun-17 00:00:00.0000,  5.112589381216277E+09,  4.703904781657855E+09, -2.272621277877412E+08,
2449156.500000000, A.D. 1993-Jun-18 00:00:00.0000,  5.112337615497997E+09,  4.704176609404501E+09, -2.273301860954809E+08,
2449157.500000000, A.D. 1993-Jun-19 00:00:00.0000,  5.112085835837983E+09,  4.704448424025764E+09, -2.273982437520094E+08,
2449158.500000000, A.D. 1993-Jun-20 00:00:00.0000,  5.111834042228599E+09,  4.704720225519905E+09, -2.274663007566864E+08,
2449159.500000000, A.D. 1993-Jun-21 00:00:00.0000,  5.111582234662335E+09,  4.704992013884933E+09, -2.275343571088886E+08,
2449160.500000000, A.D. 1993-Jun-22 00:00:00.0000,  5.111330413131816E+09,  4.705263789118616E+09, -2.276024128080108E+08,
2449161.500000000, A.D. 1993-Jun-23 00:00:00.0000,  5.111078577629806E+09,  4.705535551218506E+09, -2.276704678534682E+08,
2449162.500000000, A.D. 1993-Jun-24 00:00:00.0000,  5.110826728149207E+09,  4.705807300181932E+09, -2.277385222446890E+08,
2449163.500000000, A.D. 1993-Jun-25 00:00:00.0000,  5.110574864683063E+09,  4.706079036006028E+09, -2.278065759811196E+08,
2449164.500000000, A.D. 1993-Jun-26 00:00:00.0000,  5.110322987224562E+09,  4.706350758687734E+09, -2.278746290622225E+08,
2449165.500000000, A.D. 1993-Jun-27 00:00:00.0000,  5.110071095767036E+09,  4.706622468223804E+09, -2.279426814874737E+08,
2449166.500000000, A.D. 1993-Jun-28 00:00:00.0000,  5.109819190303959E+09,  4.706894164610824E+09, -2.280107332563641E+08,
2449167.500000000, A.D. 1993-Jun-29 00:00:00.0000,  5.109567270828950E+09,  4.707165847845212E+09, -2.280787843683987E+08,
2449168.500000000, A.D. 1993-Jun-30 00:00:00.0000,  5.109315337335771E+09,  4.707437517923225E+09, -2.281468348230944E+08,
2449169.500000000, A.D. 1993-Jul-01 00:00:00.0000,  5.109063389818326E+09,  4.707709174840974E+09, -2.282148846199818E+08,
2449170.500000000, A.D. 1993-Jul-02 00:00:00.0000,  5.108811428270661E+09,  4.707980818594421E+09, -2.282829337586045E+08,
2449171.500000000, A.D. 1993-Jul-03 00:00:00.0000,  5.108559452686965E+09,  4.708252449179393E+09, -2.283509822385173E+08,
2449172.500000000, A.D. 1993-Jul-04 00:00:00.0000,  5.108307463061561E+09,  4.708524066591576E+09, -2.284190300592859E+08,
2449173.500000000, A.D. 1993-Jul-05 00:00:00.0000,  5.108055459388915E+09,  4.708795670826531E+09, -2.284870772204874E+08,
2449174.500000000, A.D. 1993-Jul-06 00:00:00.0000,  5.107803441663624E+09,  4.709067261879697E+09, -2.285551237217097E+08,
2449175.500000000, A.D. 1993-Jul-07 00:00:00.0000,  5.107551409880421E+09,  4.709338839746387E+09, -2.286231695625513E+08,
2449176.500000000, A.D. 1993-Jul-08 00:00:00.0000,  5.107299364034167E+09,  4.709610404421796E+09, -2.286912147426200E+08,
2449177.500000000, A.D. 1993-Jul-09 00:00:00.0000,  5.107047304119855E+09,  4.709881955901007E+09, -2.287592592615349E+08,
2449178.500000000, A.D. 1993-Jul-10 00:00:00.0000,  5.106795230132601E+09,  4.710153494178987E+09, -2.288273031189225E+08,
2449179.500000000, A.D. 1993-Jul-11 00:00:00.0000,  5.106543142067646E+09,  4.710425019250589E+09, -2.288953463144212E+08,
2449180.500000000, A.D. 1993-Jul-12 00:00:00.0000,  5.106291039920347E+09,  4.710696531110559E+09, -2.289633888476763E+08,
2449181.500000000, A.D. 1993-Jul-13 00:00:00.0000,  5.106038923686184E+09,  4.710968029753528E+09, -2.290314307183440E+08,
2449182.500000000, A.D. 1993-Jul-14 00:00:00.0000,  5.105786793360743E+09,  4.711239515174013E+09, -2.290994719260888E+08,
2449183.500000000, A.D. 1993-Jul-15 00:00:00.0000,  5.105534648939725E+09,  4.711510987366420E+09, -2.291675124705861E+08,
2449184.500000000, A.D. 1993-Jul-16 00:00:00.0000,  5.105282490418938E+09,  4.711782446325031E+09, -2.292355523515174E+08,
2449185.500000000, A.D. 1993-Jul-17 00:00:00.0000,  5.105030317794287E+09,  4.712053892044012E+09, -2.293035915685782E+08,
2449186.500000000, A.D. 1993-Jul-18 00:00:00.0000,  5.104778131061786E+09,  4.712325324517394E+09, -2.293716301214712E+08,
2449187.500000000, A.D. 1993-Jul-19 00:00:00.0000,  5.104525930217539E+09,  4.712596743739081E+09, -2.294396680099113E+08,
2449188.500000000, A.D. 1993-Jul-20 00:00:00.0000,  5.104273715257753E+09,  4.712868149702827E+09, -2.295077052336252E+08,
2449189.500000000, A.D. 1993-Jul-21 00:00:00.0000,  5.104021486178726E+09,  4.713139542402231E+09, -2.295757417923508E+08,
2449190.500000000, A.D. 1993-Jul-22 00:00:00.0000,  5.103769242976851E+09,  4.713410921830729E+09, -2.296437776858411E+08,
2449191.500000000, A.D. 1993-Jul-23 00:00:00.0000,  5.103516985648619E+09,  4.713682287981572E+09, -2.297118129138646E+08,
2449192.500000000, A.D. 1993-Jul-24 00:00:00.0000,  5.103264714190616E+09,  4.713953640847815E+09, -2.297798474762065E+08,
2449193.500000000, A.D. 1993-Jul-25 00:00:00.0000,  5.103012428599540E+09,  4.714224980422295E+09, -2.298478813726728E+08,
2449194.500000000, A.D. 1993-Jul-26 00:00:00.0000,  5.102760128872202E+09,  4.714496306697611E+09, -2.299159146030908E+08,
2449195.500000000, A.D. 1993-Jul-27 00:00:00.0000,  5.102507815005536E+09,  4.714767619666098E+09, -2.299839471673152E+08,
2449196.500000000, A.D. 1993-Jul-28 00:00:00.0000,  5.102255486996634E+09,  4.715038919319810E+09, -2.300519790652308E+08,
2449197.500000000, A.D. 1993-Jul-29 00:00:00.0000,  5.102003144842747E+09,  4.715310205650482E+09, -2.301200102967563E+08,
2449198.500000000, A.D. 1993-Jul-30 00:00:00.0000,  5.101750788541337E+09,  4.715581478649515E+09, -2.301880408618510E+08,
2449199.500000000, A.D. 1993-Jul-31 00:00:00.0000,  5.101498418090105E+09,  4.715852738307938E+09, -2.302560707605209E+08,
2449200.500000000, A.D. 1993-Aug-01 00:00:00.0000,  5.101246033487047E+09,  4.716123984616395E+09, -2.303240999928246E+08,
2449201.500000000, A.D. 1993-Aug-02 00:00:00.0000,  5.100993634730510E+09,  4.716395217565119E+09, -2.303921285588815E+08,
2449202.500000000, A.D. 1993-Aug-03 00:00:00.0000,  5.100741221819263E+09,  4.716666437143920E+09, -2.304601564588790E+08,
2449203.500000000, A.D. 1993-Aug-04 00:00:00.0000,  5.100488794752584E+09,  4.716937643342189E+09, -2.305281836930823E+08,
2449204.500000000, A.D. 1993-Aug-05 00:00:00.0000,  5.100236353530350E+09,  4.717208836148903E+09, -2.305962102618392E+08,
2449205.500000000, A.D. 1993-Aug-06 00:00:00.0000,  5.099983898153138E+09,  4.717480015552662E+09, -2.306642361655889E+08,
2449206.500000000, A.D. 1993-Aug-07 00:00:00.0000,  5.099731428622338E+09,  4.717751181541746E+09, -2.307322614048688E+08,
2449207.500000000, A.D. 1993-Aug-08 00:00:00.0000,  5.099478944940255E+09,  4.718022334104193E+09, -2.308002859803157E+08,
2449208.500000000, A.D. 1993-Aug-09 00:00:00.0000,  5.099226447110209E+09,  4.718293473227914E+09, -2.308683098926675E+08,
2449209.500000000, A.D. 1993-Aug-10 00:00:00.0000,  5.098973935136623E+09,  4.718564598900840E+09, -2.309363331427584E+08,
2449210.500000000, A.D. 1993-Aug-11 00:00:00.0000,  5.098721409025077E+09,  4.718835711111092E+09, -2.310043557315121E+08,
2449211.500000000, A.D. 1993-Aug-12 00:00:00.0000,  5.098468868782331E+09,  4.719106809847179E+09, -2.310723776599259E+08,
2449212.500000000, A.D. 1993-Aug-13 00:00:00.0000,  5.098216314416302E+09,  4.719377895098210E+09, -2.311403989290528E+08,
2449213.500000000, A.D. 1993-Aug-14 00:00:00.0000,  5.097963745935977E+09,  4.719648966854101E+09, -2.312084195399776E+08,
2449214.500000000, A.D. 1993-Aug-15 00:00:00.0000,  5.097711163351302E+09,  4.719920025105770E+09, -2.312764394937882E+08,
2449215.500000000, A.D. 1993-Aug-16 00:00:00.0000,  5.097458566672990E+09,  4.720191069845310E+09, -2.313444587915490E+08,
2449216.500000000, A.D. 1993-Aug-17 00:00:00.0000,  5.097205955912312E+09,  4.720462101066092E+09, -2.314124774342690E+08,
2449217.500000000, A.D. 1993-Aug-18 00:00:00.0000,  5.096953331080850E+09,  4.720733118762836E+09, -2.314804954228752E+08,
2449218.500000000, A.D. 1993-Aug-19 00:00:00.0000,  5.096700692190259E+09,  4.721004122931611E+09, -2.315485127581930E+08,
2449219.500000000, A.D. 1993-Aug-20 00:00:00.0000,  5.096448039252026E+09,  4.721275113569771E+09, -2.316165294409273E+08,
2449220.500000000, A.D. 1993-Aug-21 00:00:00.0000,  5.096195372277267E+09,  4.721546090675848E+09, -2.316845454716532E+08,
2449221.500000000, A.D. 1993-Aug-22 00:00:00.0000,  5.095942691276560E+09,  4.721817054249405E+09, -2.317525608508134E+08,
2449222.500000000, A.D. 1993-Aug-23 00:00:00.0000,  5.095689996259826E+09,  4.722088004290868E+09, -2.318205755787230E+08,
2449223.500000000, A.D. 1993-Aug-24 00:00:00.0000,  5.095437287236254E+09,  4.722358940801334E+09, -2.318885896555741E+08,
2449224.500000000, A.D. 1993-Aug-25 00:00:00.0000,  5.095184564214273E+09,  4.722629863782409E+09, -2.319566030814533E+08,
2449225.500000000, A.D. 1993-Aug-26 00:00:00.0000,  5.094931827201561E+09,  4.722900773236032E+09, -2.320246158563509E+08,
2449226.500000000, A.D. 1993-Aug-27 00:00:00.0000,  5.094679076205081E+09,  4.723171669164345E+09, -2.320926279801776E+08,
2449227.500000000, A.D. 1993-Aug-28 00:00:00.0000,  5.094426311231138E+09,  4.723442551569563E+09, -2.321606394527833E+08,
2449228.500000000, A.D. 1993-Aug-29 00:00:00.0000,  5.094173532285456E+09,  4.723713420453890E+09, -2.322286502739663E+08,
2449229.500000000, A.D. 1993-Aug-30 00:00:00.0000,  5.093920739373248E+09,  4.723984275819447E+09, -2.322966604434905E+08,
2449230.500000000, A.D. 1993-Aug-31 00:00:00.0000,  5.093667932499301E+09,  4.724255117668222E+09, -2.323646699610951E+08,
2449231.500000000, A.D. 1993-Sep-01 00:00:00.0000,  5.093415111668045E+09,  4.724525946002045E+09, -2.324326788265030E+08,
2449232.500000000, A.D. 1993-Sep-02 00:00:00.0000,  5.093162276883629E+09,  4.724796760822563E+09, -2.325006870394311E+08,
2449233.500000000, A.D. 1993-Sep-03 00:00:00.0000,  5.092909428149977E+09,  4.725067562131248E+09, -2.325686945995955E+08,
2449234.500000000, A.D. 1993-Sep-04 00:00:00.0000,  5.092656565470849E+09,  4.725338349929398E+09, -2.326367015067160E+08,
2449235.500000000, A.D. 1993-Sep-05 00:00:00.0000,  5.092403688849884E+09,  4.725609124218143E+09, -2.327047077605200E+08,
2449236.500000000, A.D. 1993-Sep-06 00:00:00.0000,  5.092150798290639E+09,  4.725879884998476E+09, -2.327727133607466E+08,
2449237.500000000, A.D. 1993-Sep-07 00:00:00.0000,  5.091897893796624E+09,  4.726150632271254E+09, -2.328407183071444E+08,
2449238.500000000, A.D. 1993-Sep-08 00:00:00.0000,  5.091644975371328E+09,  4.726421366037228E+09, -2.329087225994761E+08,
2449239.500000000, A.D. 1993-Sep-09 00:00:00.0000,  5.091392043018236E+09,  4.726692086297068E+09, -2.329767262375193E+08,
2449240.500000000, A.D. 1993-Sep-10 00:00:00.0000,  5.091139096740849E+09,  4.726962793051373E+09, -2.330447292210617E+08,
2449241.500000000, A.D. 1993-Sep-11 00:00:00.0000,  5.090886136542691E+09,  4.727233486300700E+09, -2.331127315499067E+08,
2449242.500000000, A.D. 1993-Sep-12 00:00:00.0000,  5.090633162427322E+09,  4.727504166045576E+09, -2.331807332238681E+08,
2449243.500000000, A.D. 1993-Sep-13 00:00:00.0000,  5.090380174398341E+09,  4.727774832286521E+09, -2.332487342427733E+08,
2449244.500000000, A.D. 1993-Sep-14 00:00:00.0000,  5.090127172459385E+09,  4.728045485024062E+09, -2.333167346064587E+08,
2449245.500000000, A.D. 1993-Sep-15 00:00:00.0000,  5.089874156614136E+09,  4.728316124258747E+09, -2.333847343147707E+08,
2449246.500000000, A.D. 1993-Sep-16 00:00:00.0000,  5.089621126866313E+09,  4.728586749991164E+09, -2.334527333675654E+08,
2449247.500000000, A.D. 1993-Sep-17 00:00:00.0000,  5.089368083219679E+09,  4.728857362221945E+09, -2.335207317647042E+08,
2449248.500000000, A.D. 1993-Sep-18 00:00:00.0000,  5.089115025678023E+09,  4.729127960951781E+09, -2.335887295060585E+08,
2449249.500000000, A.D. 1993-Sep-19 00:00:00.0000,  5.088861954245172E+09,  4.729398546181438E+09, -2.336567265915017E+08,
2449250.500000000, A.D. 1993-Sep-20 00:00:00.0000,  5.088608868924972E+09,  4.729669117911756E+09, -2.337247230209141E+08,
2449251.500000000, A.D. 1993-Sep-21 00:00:00.0000,  5.088355769721287E+09,  4.729939676143656E+09, -2.337927187941775E+08,
2449252.500000000, A.D. 1993-Sep-22 00:00:00.0000,  5.088102656637995E+09,  4.730210220878157E+09, -2.338607139111779E+08,
2449253.500000000, A.D. 1993-Sep-23 00:00:00.0000,  5.087849529678979E+09,  4.730480752116373E+09, -2.339287083718007E+08,
2449254.500000000, A.D. 1993-Sep-24 00:00:00.0000,  5.087596388848118E+09,  4.730751269859518E+09, -2.339967021759331E+08,
2449255.500000000, A.D. 1993-Sep-25 00:00:00.0000,  5.087343234149284E+09,  4.731021774108913E+09, -2.340646953234622E+08,
2449256.500000000, A.D. 1993-Sep-26 00:00:00.0000,  5.087090065586328E+09,  4.731292264865986E+09, -2.341326878142722E+08,
2449257.500000000, A.D. 1993-Sep-27 00:00:00.0000,  5.086836883163078E+09,  4.731562742132277E+09, -2.342006796482475E+08,
2449258.500000000, A.D. 1993-Sep-28 00:00:00.0000,  5.086583686883331E+09,  4.731833205909433E+09, -2.342686708252680E+08,
2449259.500000000, A.D. 1993-Sep-29 00:00:00.0000,  5.086330476750838E+09,  4.732103656199221E+09, -2.343366613452110E+08,
2449260.500000000, A.D. 1993-Sep-30 00:00:00.0000,  5.086077252769303E+09,  4.732374093003510E+09, -2.344046512079484E+08,
2449261.500000000, A.D. 1993-Oct-01 00:00:00.0000,  5.085824014942374E+09,  4.732644516324289E+09, -2.344726404133492E+08,
2449262.500000000, A.D. 1993-Oct-02 00:00:00.0000,  5.085570763273632E+09,  4.732914926163652E+09, -2.345406289612739E+08,
2449263.500000000, A.D. 1993-Oct-03 00:00:00.0000,  5.085317497766582E+09,  4.733185322523800E+09, -2.346086168515801E+08,
2449264.500000000, A.D. 1993-Oct-04 00:00:00.0000,  5.085064218424651E+09,  4.733455705407040E+09, -2.346766040841167E+08,
2449265.500000000, A.D. 1993-Oct-05 00:00:00.0000,  5.084810925251170E+09,  4.733726074815781E+09, -2.347445906587262E+08,
2449266.500000000, A.D. 1993-Oct-06 00:00:00.0000,  5.084557618249373E+09,  4.733996430752523E+09, -2.348125765752442E+08,
2449267.500000000, A.D. 1993-Oct-07 00:00:00.0000,  5.084304297422387E+09,  4.734266773219863E+09, -2.348805618334968E+08,
2449268.500000000, A.D. 1993-Oct-08 00:00:00.0000,  5.084050962773222E+09,  4.734537102220480E+09, -2.349485464333043E+08,
2449269.500000000, A.D. 1993-Oct-09 00:00:00.0000,  5.083797614304763E+09,  4.734807417757129E+09, -2.350165303744757E+08,
2449270.500000000, A.D. 1993-Oct-10 00:00:00.0000,  5.083544252019763E+09,  4.735077719832635E+09, -2.350845136568136E+08,
2449271.500000000, A.D. 1993-Oct-11 00:00:00.0000,  5.083290875920835E+09,  4.735348008449886E+09, -2.351524962801120E+08,
2449272.500000000, A.D. 1993-Oct-12 00:00:00.0000,  5.083037486010441E+09,  4.735618283611818E+09, -2.352204782441552E+08,
2449273.500000000, A.D. 1993-Oct-13 00:00:00.0000,  5.082784082290889E+09,  4.735888545321402E+09, -2.352884595487194E+08,
2449274.500000000, A.D. 1993-Oct-14 00:00:00.0000,  5.082530664764322E+09,  4.736158793581635E+09, -2.353564401935742E+08,
2449275.500000000, A.D. 1993-Oct-15 00:00:00.0000,  5.082277233432716E+09,  4.736429028395526E+09, -2.354244201784797E+08,
2449276.500000000, A.D. 1993-Oct-16 00:00:00.0000,  5.082023788297873E+09,  4.736699249766073E+09, -2.354923995031908E+08,
2449277.500000000, A.D. 1993-Oct-17 00:00:00.0000,  5.081770329361407E+09,  4.736969457696252E+09, -2.355603781674552E+08,
2449278.500000000, A.D. 1993-Oct-18 00:00:00.0000,  5.081516856624760E+09,  4.737239652188991E+09, -2.356283561710186E+08,
2449279.500000000, A.D. 1993-Oct-19 00:00:00.0000,  5.081263370089181E+09,  4.737509833247148E+09, -2.356963335136213E+08,
2449280.500000000, A.D. 1993-Oct-20 00:00:00.0000,  5.081009869755742E+09,  4.737780000873488E+09, -2.357643101950028E+08,
2449281.500000000, A.D. 1993-Oct-21 00:00:00.0000,  5.080756355625332E+09,  4.738050155070658E+09, -2.358322862149053E+08,
2449282.500000000, A.D. 1993-Oct-22 00:00:00.0000,  5.080502827698667E+09,  4.738320295841148E+09, -2.359002615730739E+08,
2449283.500000000, A.D. 1993-Oct-23 00:00:00.0000,  5.080249285976303E+09,  4.738590423187276E+09, -2.359682362692640E+08,
2449284.500000000, A.D. 1993-Oct-24 00:00:00.0000,  5.079995730458652E+09,  4.738860537111132E+09, -2.360362103032396E+08,
2449285.500000000, A.D. 1993-Oct-25 00:00:00.0000,  5.079742161146002E+09,  4.739130637614561E+09, -2.361041836747835E+08,
2449286.500000000, A.D. 1993-Oct-26 00:00:00.0000,  5.079488578038557E+09,  4.739400724699125E+09, -2.361721563837016E+08,
2449287.500000000, A.D. 1993-Oct-27 00:00:00.0000,  5.079234981136462E+09,  4.739670798366061E+09, -2.362401284298253E+08,
2449288.500000000, A.D. 1993-Oct-28 00:00:00.0000,  5.078981370439865E+09,  4.739940858616253E+09, -2.363080998130238E+08,
2449289.500000000, A.D. 1993-Oct-29 00:00:00.0000,  5.078727745948969E+09,  4.740210905450207E+09, -2.363760705332084E+08,
2449290.500000000, A.D. 1993-Oct-30 00:00:00.0000,  5.078474107664107E+09,  4.740480938868025E+09, -2.364440405903416E+08,
2449291.500000000, A.D. 1993-Oct-31 00:00:00.0000,  5.078220455585825E+09,  4.740750958869396E+09, -2.365120099844446E+08,
2449292.500000000, A.D. 1993-Nov-01 00:00:00.0000,  5.077966789714976E+09,  4.741020965453608E+09, -2.365799787156069E+08,
2449293.500000000, A.D. 1993-Nov-02 00:00:00.0000,  5.077713110052818E+09,  4.741290958619563E+09, -2.366479467839911E+08,
2449294.500000000, A.D. 1993-Nov-03 00:00:00.0000,  5.077459416601131E+09,  4.741560938365829E+09, -2.367159141898408E+08,
2449295.500000000, A.D. 1993-Nov-04 00:00:00.0000,  5.077205709362320E+09,  4.741830904690716E+09, -2.367838809334836E+08,
2449296.500000000, A.D. 1993-Nov-05 00:00:00.0000,  5.076951988339512E+09,  4.742100857592378E+09, -2.368518470153301E+08,
2449297.500000000, A.D. 1993-Nov-06 00:00:00.0000,  5.076698253536654E+09,  4.742370797068955E+09, -2.369198124358737E+08,
2449298.500000000, A.D. 1993-Nov-07 00:00:00.0000,  5.076444504958554E+09,  4.742640723118734E+09, -2.369877771956770E+08,
2449299.500000000, A.D. 1993-Nov-08 00:00:00.0000,  5.076190742610919E+09,  4.742910635740342E+09, -2.370557412953632E+08,
2449300.500000000, A.D. 1993-Nov-09 00:00:00.0000,  5.075936966500319E+09,  4.743180534932946E+09, -2.371237047355955E+08,
2449301.500000000, A.D. 1993-Nov-10 00:00:00.0000,  5.075683176634118E+09,  4.743450420696453E+09, -2.371916675170491E+08,
2449302.500000000, A.D. 1993-Nov-11 00:00:00.0000,  5.075429373020344E+09,  4.743720293031701E+09, -2.372596296403928E+08,
2449303.500000000, A.D. 1993-Nov-12 00:00:00.0000,  5.075175555667518E+09,  4.743990151940615E+09, -2.373275911062512E+08,
2449304.500000000, A.D. 1993-Nov-13 00:00:00.0000,  5.074921724584427E+09,  4.744259997426305E+09, -2.373955519151816E+08,
2449305.500000000, A.D. 1993-Nov-14 00:00:00.0000,  5.074667879779904E+09,  4.744529829493128E+09, -2.374635120676448E+08,
2449306.500000000, A.D. 1993-Nov-15 00:00:00.0000,  5.074414021262574E+09,  4.744799648146674E+09, -2.375314715639853E+08,
2449307.500000000, A.D. 1993-Nov-16 00:00:00.0000,  5.074160149040621E+09,  4.745069453393701E+09, -2.375994304044137E+08,
2449308.500000000, A.D. 1993-Nov-17 00:00:00.0000,  5.073906263121602E+09,  4.745339245242010E+09, -2.376673885889988E+08,
2449309.500000000, A.D. 1993-Nov-18 00:00:00.0000,  5.073652363512276E+09,  4.745609023700296E+09, -2.377353461176653E+08,
2449310.500000000, A.D. 1993-Nov-19 00:00:00.0000,  5.073398450218485E+09,  4.745878788777967E+09, -2.378033029901972E+08,
2449311.500000000, A.D. 1993-Nov-20 00:00:00.0000,  5.073144523245100E+09,  4.746148540484955E+09, -2.378712592062476E+08,
2449312.500000000, A.D. 1993-Nov-21 00:00:00.0000,  5.072890582595988E+09,  4.746418278831533E+09, -2.379392147653496E+08,
2449313.500000000, A.D. 1993-Nov-22 00:00:00.0000,  5.072636628274035E+09,  4.746688003828147E+09, -2.380071696669335E+08,
2449314.500000000, A.D. 1993-Nov-23 00:00:00.0000,  5.072382660281179E+09,  4.746957715485269E+09, -2.380751239103403E+08,
2449315.500000000, A.D. 1993-Nov-24 00:00:00.0000,  5.072128678618484E+09,  4.747227413813270E+09, -2.381430774948404E+08,
2449316.500000000, A.D. 1993-Nov-25 00:00:00.0000,  5.071874683286213E+09,  4.747497098822326E+09, -2.382110304196424E+08,
2449317.500000000, A.D. 1993-Nov-26 00:00:00.0000,  5.071620674283909E+09,  4.747766770522343E+09, -2.382789826839168E+08,
2449318.500000000, A.D. 1993-Nov-27 00:00:00.0000,  5.071366651610485E+09,  4.748036428922897E+09, -2.383469342867968E+08,
2449319.500000000, A.D. 1993-Nov-28 00:00:00.0000,  5.071112615264303E+09,  4.748306074033211E+09, -2.384148852273965E+08,
2449320.500000000, A.D. 1993-Nov-29 00:00:00.0000,  5.070858565243247E+09,  4.748575705862122E+09, -2.384828355048141E+08,
2449321.500000000, A.D. 1993-Nov-30 00:00:00.0000,  5.070604501544795E+09,  4.748845324418082E+09, -2.385507851181421E+08,
2449322.500000000, A.D. 1993-Dec-01 00:00:00.0000,  5.070350424166077E+09,  4.749114929709156E+09, -2.386187340664711E+08,
2449323.500000000, A.D. 1993-Dec-02 00:00:00.0000,  5.070096333103934E+09,  4.749384521743029E+09, -2.386866823488936E+08,
2449324.500000000, A.D. 1993-Dec-03 00:00:00.0000,  5.069842228354960E+09,  4.749654100527017E+09, -2.387546299645073E+08,
2449325.500000000, A.D. 1993-Dec-04 00:00:00.0000,  5.069588109915541E+09,  4.749923666068082E+09, -2.388225769124188E+08,
2449326.500000000, A.D. 1993-Dec-05 00:00:00.0000,  5.069333977781888E+09,  4.750193218372851E+09, -2.388905231917427E+08,
2449327.500000000, A.D. 1993-Dec-06 00:00:00.0000,  5.069079831950068E+09,  4.750462757447629E+09, -2.389584688016028E+08,
2449328.500000000, A.D. 1993-Dec-07 00:00:00.0000,  5.068825672416021E+09,  4.750732283298419E+09, -2.390264137411349E+08,
2449329.500000000, A.D. 1993-Dec-08 00:00:00.0000,  5.068571499175587E+09,  4.751001795930936E+09, -2.390943580094852E+08,
2449330.500000000, A.D. 1993-Dec-09 00:00:00.0000,  5.068317312224513E+09,  4.751271295350625E+09, -2.391623016058097E+08,
2449331.500000000, A.D. 1993-Dec-10 00:00:00.0000,  5.068063111558470E+09,  4.751540781562676E+09, -2.392302445292757E+08,
2449332.500000000, A.D. 1993-Dec-11 00:00:00.0000,  5.067808897173063E+09,  4.751810254572036E+09, -2.392981867790601E+08,
2449333.500000000, A.D. 1993-Dec-12 00:00:00.0000,  5.067554669063840E+09,  4.752079714383419E+09, -2.393661283543489E+08,
2449334.500000000, A.D. 1993-Dec-13 00:00:00.0000,  5.067300427226293E+09,  4.752349161001325E+09, -2.394340692543385E+08,
2449335.500000000, A.D. 1993-Dec-14 00:00:00.0000,  5.067046171655870E+09,  4.752618594430043E+09, -2.395020094782317E+08,
2449336.500000000, A.D. 1993-Dec-15 00:00:00.0000,  5.066791902347977E+09,  4.752888014673666E+09, -2.395699490252416E+08,
2449337.500000000, A.D. 1993-Dec-16 00:00:00.0000,  5.066537619297980E+09,  4.753157421736092E+09, -2.396378878945861E+08,
2449338.500000000, A.D. 1993-Dec-17 00:00:00.0000,  5.066283322501210E+09,  4.753426815621039E+09, -2.397058260854928E+08,
2449339.500000000, A.D. 1993-Dec-18 00:00:00.0000,  5.066029011952961E+09,  4.753696196332047E+09, -2.397737635971930E+08,
2449340.500000000, A.D. 1993-Dec-19 00:00:00.0000,  5.065774687648492E+09,  4.753965563872486E+09, -2.398417004289272E+08,
2449341.500000000, A.D. 1993-Dec-20 00:00:00.0000,  5.065520349583032E+09,  4.754234918245557E+09, -2.399096365799382E+08,
2449342.500000000, A.D. 1993-Dec-21 00:00:00.0000,  5.065265997751778E+09,  4.754504259454300E+09, -2.399775720494750E+08,
2449343.500000000, A.D. 1993-Dec-22 00:00:00.0000,  5.065011632149898E+09,  4.754773587501596E+09, -2.400455068367922E+08,
2449344.500000000, A.D. 1993-Dec-23 00:00:00.0000,  5.064757252772525E+09,  4.755042902390174E+09, -2.401134409411478E+08,
2449345.500000000, A.D. 1993-Dec-24 00:00:00.0000,  5.064502859614762E+09,  4.755312204122603E+09, -2.401813743618042E+08,
2449346.500000000, A.D. 1993-Dec-25 00:00:00.0000,  5.064248452671684E+09,  4.755581492701307E+09, -2.402493070980275E+08,
2449347.500000000, A.D. 1993-Dec-26 00:00:00.0000,  5.063994031938333E+09,  4.755850768128558E+09, -2.403172391490867E+08,
2449348.500000000, A.D. 1993-Dec-27 00:00:00.0000,  5.063739597409716E+09,  4.756120030406480E+09, -2.403851705142555E+08,
2449349.500000000, A.D. 1993-Dec-28 00:00:00.0000,  5.063485149080812E+09,  4.756389279537045E+09, -2.404531011928101E+08,
2449350.500000000, A.D. 1993-Dec-29 00:00:00.0000,  5.063230686946567E+09,  4.756658515522084E+09, -2.405210311840291E+08,
2449351.500000000, A.D. 1993-Dec-30 00:00:00.0000,  5.062976211001888E+09,  4.756927738363275E+09, -2.405889604871945E+08,
2449352.500000000, A.D. 1993-Dec-31 00:00:00.0000,  5.062721721241654E+09,  4.757196948062144E+09, -2.406568891015913E+08,
2449353.500000000, A.D. 1994-Jan-01 00:00:00.0000,  5.062467217660705E+09,  4.757466144620072E+09, -2.407248170265069E+08,
2449354.500000000, A.D. 1994-Jan-02 00:00:00.0000,  5.062212700253842E+09,  4.757735328038280E+09, -2.407927442612314E+08,
2449355.500000000, A.D. 1994-Jan-03 00:00:00.0000,  5.061958169015834E+09,  4.758004498317842E+09, -2.408606708050578E+08,
2449356.500000000, A.D. 1994-Jan-04 00:00:00.0000,  5.061703623941401E+09,  4.758273655459662E+09, -2.409285966572824E+08,
2449357.500000000, A.D. 1994-Jan-05 00:00:00.0000,  5.061449065025233E+09,  4.758542799464490E+09, -2.409965218172042E+08,
2449358.500000000, A.D. 1994-Jan-06 00:00:00.0000,  5.061194492261971E+09,  4.758811930332901E+09, -2.410644462841256E+08,
2449359.500000000, A.D. 1994-Jan-07 00:00:00.0000,  5.060939905646212E+09,  4.759081048065301E+09, -2.411323700573535E+08,
2449360.500000000, A.D. 1994-Jan-08 00:00:00.0000,  5.060685305172512E+09,  4.759350152661910E+09, -2.412002931361969E+08,
2449361.500000000, A.D. 1994-Jan-09 00:00:00.0000,  5.060430690835382E+09,  4.759619244122764E+09, -2.412682155199718E+08,
2449362.500000000, A.D. 1994-Jan-10 00:00:00.0000,  5.060176062629279E+09,  4.759888322447693E+09, -2.413361372079978E+08,
2449363.500000000, A.D. 1994-Jan-11 00:00:00.0000,  5.059921420548625E+09,  4.760157387636325E+09, -2.414040581996021E+08,
2449364.500000000, A.D. 1994-Jan-12 00:00:00.0000,  5.059666764587785E+09,  4.760426439688065E+09, -2.414719784941175E+08,
2449365.500000000, A.D. 1994-Jan-13 00:00:00.0000,  5.059412094741086E+09,  4.760695478602077E+09, -2.415398980908875E+08,
2449366.500000000, A.D. 1994-Jan-14 00:00:00.0000,  5.059157411002811E+09,  4.760964504377276E+09, -2.416078169892633E+08,
2449367.500000000, A.D. 1994-Jan-15 00:00:00.0000,  5.058902713367207E+09,  4.761233517012314E+09, -2.416757351886106E+08,
2449368.500000000, A.D. 1994-Jan-16 00:00:00.0000,  5.058648001828485E+09,  4.761502516505541E+09, -2.417436526883073E+08,
2449369.500000000, A.D. 1994-Jan-17 00:00:00.0000,  5.058393276380840E+09,  4.761771502855004E+09, -2.418115694877491E+08,
2449370.500000000, A.D. 1994-Jan-18 00:00:00.0000,  5.058138537018452E+09,  4.762040476058410E+09, -2.418794855863514E+08,
2449371.500000000, A.D. 1994-Jan-19 00:00:00.0000,  5.057883783735510E+09,  4.762309436113103E+09, -2.419474009835548E+08,
2449372.500000000, A.D. 1994-Jan-20 00:00:00.0000,  5.057629016526233E+09,  4.762578383016038E+09, -2.420153156788254E+08,
2449373.500000000, A.D. 1994-Jan-21 00:00:00.0000,  5.057374235384895E+09,  4.762847316763746E+09, -2.420832296716652E+08,
2449374.500000000, A.D. 1994-Jan-22 00:00:00.0000,  5.057119440305860E+09,  4.763116237352314E+09, -2.421511429616137E+08,
2449375.500000000, A.D. 1994-Jan-23 00:00:00.0000,  5.056864631283631E+09,  4.763385144777344E+09, -2.422190555482562E+08,
2449376.500000000, A.D. 1994-Jan-24 00:00:00.0000,  5.056609808312900E+09,  4.763654039033935E+09, -2.422869674312291E+08,
2449377.500000000, A.D. 1994-Jan-25 00:00:00.0000,  5.056354971388609E+09,  4.763922920116661E+09, -2.423548786102314E+08,
2449378.500000000, A.D. 1994-Jan-26 00:00:00.0000,  5.056100120506032E+09,  4.764191788019552E+09, -2.424227890850282E+08,
2449379.500000000, A.D. 1994-Jan-27 00:00:00.0000,  5.055845255660857E+09,  4.764460642736097E+09, -2.424906988554621E+08,
2449380.500000000, A.D. 1994-Jan-28 00:00:00.0000,  5.055590376849287E+09,  4.764729484259250E+09, -2.425586079214609E+08,
2449381.500000000, A.D. 1994-Jan-29 00:00:00.0000,  5.055335484068143E+09,  4.764998312581465E+09, -2.426265162830446E+08,
2449382.500000000, A.D. 1994-Jan-30 00:00:00.0000,  5.055080577314978E+09,  4.765267127694747E+09, -2.426944239403303E+08,
2449383.500000000, A.D. 1994-Jan-31 00:00:00.0000,  5.054825656588187E+09,  4.765535929590741E+09, -2.427623308935366E+08,
2449384.500000000, A.D. 1994-Feb-01 00:00:00.0000,  5.054570721887113E+09,  4.765804718260838E+09, -2.428302371429846E+08,
2449385.500000000, A.D. 1994-Feb-02 00:00:00.0000,  5.054315773212124E+09,  4.766073493696323E+09, -2.428981426890931E+08,
2449386.500000000, A.D. 1994-Feb-03 00:00:00.0000,  5.054060810564686E+09,  4.766342255888552E+09, -2.429660475323703E+08,
2449387.500000000, A.D. 1994-Feb-04 00:00:00.0000,  5.053805833947375E+09,  4.766611004829134E+09, -2.430339516734009E+08,
2449388.500000000, A.D. 1994-Feb-05 00:00:00.0000,  5.053550843363864E+09,  4.766879740510160E+09, -2.431018551128242E+08,
2449389.500000000, A.D. 1994-Feb-06 00:00:00.0000,  5.053295838818831E+09,  4.767148462924398E+09, -2.431697578513150E+08,
2449390.500000000, A.D. 1994-Feb-07 00:00:00.0000,  5.053040820317852E+09,  4.767417172065489E+09, -2.432376598895514E+08,
2449391.500000000, A.D. 1994-Feb-08 00:00:00.0000,  5.052785787867209E+09,  4.767685867928105E+09, -2.433055612281888E+08,
2449392.500000000, A.D. 1994-Feb-09 00:00:00.0000,  5.052530741473683E+09,  4.767954550508071E+09, -2.433734618678303E+08,
2449393.500000000, A.D. 1994-Feb-10 00:00:00.0000,  5.052275681144315E+09,  4.768223219802408E+09, -2.434413618090000E+08,
2449394.500000000, A.D. 1994-Feb-11 00:00:00.0000,  5.052020606886166E+09,  4.768491875809341E+09, -2.435092610521216E+08,
2449395.500000000, A.D. 1994-Feb-12 00:00:00.0000,  5.051765518706084E+09,  4.768760518528229E+09, -2.435771595975032E+08,
2449396.500000000, A.D. 1994-Feb-13 00:00:00.0000,  5.051510416610518E+09,  4.769029147959454E+09, -2.436450574453280E+08,
2449397.500000000, A.D. 1994-Feb-14 00:00:00.0000,  5.051255300605337E+09,  4.769297764104271E+09, -2.437129545956521E+08,
2449398.500000000, A.D. 1994-Feb-15 00:00:00.0000,  5.051000170695736E+09,  4.769566366964636E+09, -2.437808510484080E+08,
2449399.500000000, A.D. 1994-Feb-16 00:00:00.0000,  5.050745026886163E+09,  4.769834956543024E+09, -2.438487468034143E+08,
2449400.500000000, A.D. 1994-Feb-17 00:00:00.0000,  5.050489869180295E+09,  4.770103532842255E+09, -2.439166418603890E+08,
2449401.500000000, A.D. 1994-Feb-18 00:00:00.0000,  5.050234697581058E+09,  4.770372095865325E+09, -2.439845362189600E+08,
2449402.500000000, A.D. 1994-Feb-19 00:00:00.0000,  5.049979512090665E+09,  4.770640645615278E+09, -2.440524298786883E+08,
2449403.500000000, A.D. 1994-Feb-20 00:00:00.0000,  5.049724312710685E+09,  4.770909182095083E+09, -2.441203228390760E+08,
2449404.500000000, A.D. 1994-Feb-21 00:00:00.0000,  5.049469099442117E+09,  4.771177705307536E+09, -2.441882150995858E+08,
2449405.500000000, A.D. 1994-Feb-22 00:00:00.0000,  5.049213872285471E+09,  4.771446215255207E+09, -2.442561066596501E+08,
2449406.500000000, A.D. 1994-Feb-23 00:00:00.0000,  5.048958631240855E+09,  4.771714711940381E+09, -2.443239975186882E+08,
2449407.500000000, A.D. 1994-Feb-24 00:00:00.0000,  5.048703376308046E+09,  4.771983195365042E+09, -2.443918876761119E+08,
2449408.500000000, A.D. 1994-Feb-25 00:00:00.0000,  5.048448107486579E+09,  4.772251665530846E+09, -2.444597771313334E+08,
2449409.500000000, A.D. 1994-Feb-26 00:00:00.0000,  5.048192824775794E+09,  4.772520122439131E+09, -2.445276658837740E+08,
2449410.500000000, A.D. 1994-Feb-27 00:00:00.0000,  5.047937528174911E+09,  4.772788566090919E+09, -2.445955539328690E+08,
2449411.500000000, A.D. 1994-Feb-28 00:00:00.0000,  5.047682217683072E+09,  4.773056996486934E+09, -2.446634412780695E+08,
2449412.500000000, A.D. 1994-Mar-01 00:00:00.0000,  5.047426893299392E+09,  4.773325413627610E+09, -2.447313279188454E+08,
2449413.500000000, A.D. 1994-Mar-02 00:00:00.0000,  5.047171555022985E+09,  4.773593817513124E+09, -2.447992138546896E+08,
2449414.500000000, A.D. 1994-Mar-03 00:00:00.0000,  5.046916202853001E+09,  4.773862208143412E+09, -2.448670990851178E+08,
2449415.500000000, A.D. 1994-Mar-04 00:00:00.0000,  5.046660836788655E+09,  4.774130585518190E+09, -2.449349836096675E+08,
2449416.500000000, A.D. 1994-Mar-05 00:00:00.0000,  5.046405456829231E+09,  4.774398949636984E+09, -2.450028674279020E+08,
2449417.500000000, A.D. 1994-Mar-06 00:00:00.0000,  5.046150062974119E+09,  4.774667300499143E+09, -2.450707505394046E+08,
2449418.500000000, A.D. 1994-Mar-07 00:00:00.0000,  5.045894655222806E+09,  4.774935638103870E+09, -2.451386329437852E+08,
2449419.500000000, A.D. 1994-Mar-08 00:00:00.0000,  5.045639233574900E+09,  4.775203962450235E+09, -2.452065146406734E+08,
2449420.500000000, A.D. 1994-Mar-09 00:00:00.0000,  5.045383798030128E+09,  4.775472273537199E+09, -2.452743956297219E+08,
2449421.500000000, A.D. 1994-Mar-10 00:00:00.0000,  5.045128348588344E+09,  4.775740571363626E+09, -2.453422759106038E+08,
2449422.500000000, A.D. 1994-Mar-11 00:00:00.0000,  5.044872885249531E+09,  4.776008855928307E+09, -2.454101554830112E+08,
2449423.500000000, A.D. 1994-Mar-12 00:00:00.0000,  5.044617408013803E+09,  4.776277127229967E+09, -2.454780343466568E+08,
2449424.500000000, A.D. 1994-Mar-13 00:00:00.0000,  5.044361916881403E+09,  4.776545385267291E+09, -2.455459125012701E+08,
2449425.500000000, A.D. 1994-Mar-14 00:00:00.0000,  5.044106411852699E+09,  4.776813630038926E+09, -2.456137899465992E+08,
2449426.500000000, A.D. 1994-Mar-15 00:00:00.0000,  5.043850892928192E+09,  4.777081861543495E+09, -2.456816666824074E+08,
2449427.500000000, A.D. 1994-Mar-16 00:00:00.0000,  5.043595360108503E+09,  4.777350079779614E+09, -2.457495427084734E+08,
2449428.500000000, A.D. 1994-Mar-17 00:00:00.0000,  5.043339813394373E+09,  4.777618284745899E+09, -2.458174180245914E+08,
2449429.500000000, A.D. 1994-Mar-18 00:00:00.0000,  5.043084252786661E+09,  4.777886476440971E+09, -2.458852926305671E+08,
2449430.500000000, A.D. 1994-Mar-19 00:00:00.0000,  5.042828678286338E+09,  4.778154654863473E+09, -2.459531665262227E+08,
2449431.500000000, A.D. 1994-Mar-20 00:00:00.0000,  5.042573089894483E+09,  4.778422820012071E+09, -2.460210397113895E+08,
2449432.500000000, A.D. 1994-Mar-21 00:00:00.0000,  5.042317487612278E+09,  4.778690971885461E+09, -2.460889121859100E+08,
2449433.500000000, A.D. 1994-Mar-22 00:00:00.0000,  5.042061871441003E+09,  4.778959110482383E+09, -2.461567839496393E+08,
2449434.500000000, A.D. 1994-Mar-23 00:00:00.0000,  5.041806241382030E+09,  4.779227235801618E+09, -2.462246550024409E+08,
2449435.500000000, A.D. 1994-Mar-24 00:00:00.0000,  5.041550597436814E+09,  4.779495347841997E+09, -2.462925253441880E+08,
2449436.500000000, A.D. 1994-Mar-25 00:00:00.0000,  5.041294939606896E+09,  4.779763446602407E+09, -2.463603949747615E+08,
2449437.500000000, A.D. 1994-Mar-26 00:00:00.0000,  5.041039267893887E+09,  4.780031532081791E+09, -2.464282638940518E+08,
2449438.500000000, A.D. 1994-Mar-27 00:00:00.0000,  5.040783582299463E+09,  4.780299604279156E+09, -2.464961321019545E+08,
2449439.500000000, A.D. 1994-Mar-28 00:00:00.0000,  5.040527882825365E+09,  4.780567663193566E+09, -2.465639995983732E+08,
2449440.500000000, A.D. 1994-Mar-29 00:00:00.0000,  5.040272169473386E+09,  4.780835708824161E+09, -2.466318663832183E+08,
2449441.500000000, A.D. 1994-Mar-30 00:00:00.0000,  5.040016442245365E+09,  4.781103741170137E+09, -2.466997324564025E+08,
2449442.500000000, A.D. 1994-Mar-31 00:00:00.0000,  5.039760701143178E+09,  4.781371760230769E+09, -2.467675978178489E+08,
2449443.500000000, A.D. 1994-Apr-01 00:00:00.0000,  5.039504946168740E+09,  4.781639766005391E+09, -2.468354624674816E+08,
2449444.500000000, A.D. 1994-Apr-02 00:00:00.0000,  5.039249177323979E+09,  4.781907758493405E+09, -2.469033264052296E+08,
2449445.500000000, A.D. 1994-Apr-03 00:00:00.0000,  5.038993394610847E+09,  4.782175737694278E+09, -2.469711896310267E+08,
2449446.500000000, A.D. 1994-Apr-04 00:00:00.0000,  5.038737598031303E+09,  4.782443703607538E+09, -2.470390521448116E+08,
2449447.500000000, A.D. 1994-Apr-05 00:00:00.0000,  5.038481787587304E+09,  4.782711656232772E+09, -2.471069139465249E+08,
2449448.500000000, A.D. 1994-Apr-06 00:00:00.0000,  5.038225963280803E+09,  4.782979595569613E+09, -2.471747750361111E+08,
2449449.500000000, A.D. 1994-Apr-07 00:00:00.0000,  5.037970125113732E+09,  4.783247521617745E+09, -2.472426354135211E+08,
2449450.500000000, A.D. 1994-Apr-08 00:00:00.0000,  5.037714273088008E+09,  4.783515434376884E+09, -2.473104950787058E+08,
2449451.500000000, A.D. 1994-Apr-09 00:00:00.0000,  5.037458407205514E+09,  4.783783333846777E+09, -2.473783540316231E+08,
2449452.500000000, A.D. 1994-Apr-10 00:00:00.0000,  5.037202527468098E+09,  4.784051220027184E+09, -2.474462122722354E+08,
2449453.500000000, A.D. 1994-Apr-11 00:00:00.0000,  5.036946633877566E+09,  4.784319092917868E+09, -2.475140698005116E+08,
2449454.500000000, A.D. 1994-Apr-12 00:00:00.0000,  5.036690726435683E+09,  4.784586952518575E+09, -2.475819266164250E+08,
2449455.500000000, A.D. 1994-Apr-13 00:00:00.0000,  5.036434805144159E+09,  4.784854798829026E+09, -2.476497827199609E+08,
2449456.500000000, A.D. 1994-Apr-14 00:00:00.0000,  5.036178870004663E+09,  4.785122631848889E+09, -2.477176381111119E+08,
2449457.500000000, A.D. 1994-Apr-15 00:00:00.0000,  5.035922921018812E+09,  4.785390451577755E+09, -2.477854927898834E+08,
2449458.500000000, A.D. 1994-Apr-16 00:00:00.0000,  5.035666958188184E+09,  4.785658258015118E+09, -2.478533467562962E+08,
2449459.500000000, A.D. 1994-Apr-17 00:00:00.0000,  5.035410981514327E+09,  4.785926051160351E+09, -2.479212000103908E+08,
2449460.500000000, A.D. 1994-Apr-18 00:00:00.0000,  5.035154990998772E+09,  4.786193831012666E+09, -2.479890525522265E+08,
2449461.500000000, A.D. 1994-Apr-19 00:00:00.0000,  5.034898986643058E+09,  4.786461597571096E+09, -2.480569043818929E+08,
2449462.500000000, A.D. 1994-Apr-20 00:00:00.0000,  5.034642968448751E+09,  4.786729350834459E+09, -2.481247554995098E+08,
2449463.500000000, A.D. 1994-Apr-21 00:00:00.0000,  5.034386936417496E+09,  4.786997090801325E+09, -2.481926059052346E+08,
2449464.500000000, A.D. 1994-Apr-22 00:00:00.0000,  5.034130890551048E+09,  4.787264817469992E+09, -2.482604555992720E+08,
2449465.500000000, A.D. 1994-Apr-23 00:00:00.0000,  5.033874830851343E+09,  4.787532530838466E+09, -2.483283045818753E+08,
2449466.500000000, A.D. 1994-Apr-24 00:00:00.0000,  5.033618757320557E+09,  4.787800230904436E+09, -2.483961528533602E+08,
2449467.500000000, A.D. 1994-Apr-25 00:00:00.0000,  5.033362669961192E+09,  4.788067917665281E+09, -2.484640004141092E+08,
2449468.500000000, A.D. 1994-Apr-26 00:00:00.0000,  5.033106568776168E+09,  4.788335591118066E+09, -2.485318472645798E+08,
2449469.500000000, A.D. 1994-Apr-27 00:00:00.0000,  5.032850453768912E+09,  4.788603251259586E+09, -2.485996934053125E+08,
2449470.500000000, A.D. 1994-Apr-28 00:00:00.0000,  5.032594324943481E+09,  4.788870898086409E+09, -2.486675388369350E+08,
2449471.500000000, A.D. 1994-Apr-29 00:00:00.0000,  5.032338182304651E+09,  4.789138531594958E+09, -2.487353835601654E+08,
2449472.500000000, A.D. 1994-Apr-30 00:00:00.0000,  5.032082025858017E+09,  4.789406151781628E+09, -2.488032275758128E+08,
2449473.500000000, A.D. 1994-May-01 00:00:00.0000,  5.031825855610075E+09,  4.789673758642916E+09, -2.488710708847713E+08,
2449474.500000000, A.D. 1994-May-02 00:00:00.0000,  5.031569671568274E+09,  4.789941352175610E+09, -2.489389134880137E+08,
2449475.500000000, A.D. 1994-May-03 00:00:00.0000,  5.031313473741026E+09,  4.790208932376960E+09, -2.490067553865745E+08,
2449476.500000000, A.D. 1994-May-04 00:00:00.0000,  5.031057262137681E+09,  4.790476499244904E+09, -2.490745965815315E+08,
2449477.500000000, A.D. 1994-May-05 00:00:00.0000,  5.030801036768441E+09,  4.790744052778256E+09, -2.491424370739810E+08,
2449478.500000000, A.D. 1994-May-06 00:00:00.0000,  5.030544797644222E+09,  4.791011592976909E+09, -2.492102768650119E+08,
2449479.500000000, A.D. 1994-May-07 00:00:00.0000,  5.030288544776478E+09,  4.791279119841972E+09, -2.492781159556711E+08,
2449480.500000000, A.D. 1994-May-08 00:00:00.0000,  5.030032278176969E+09,  4.791546633375893E+09, -2.493459543469419E+08,
2449481.500000000, A.D. 1994-May-09 00:00:00.0000,  5.029775997857526E+09,  4.791814133582500E+09, -2.494137920397122E+08,
2449482.500000000, A.D. 1994-May-10 00:00:00.0000,  5.029519703829805E+09,  4.792081620466990E+09, -2.494816290347531E+08,
2449483.500000000, A.D. 1994-May-11 00:00:00.0000,  5.029263396105049E+09,  4.792349094035865E+09, -2.495494653327050E+08,
2449484.500000000, A.D. 1994-May-12 00:00:00.0000,  5.029007074693880E+09,  4.792616554296807E+09, -2.496173009340687E+08,
2449485.500000000, A.D. 1994-May-13 00:00:00.0000,  5.028750739606150E+09,  4.792884001258523E+09, -2.496851358392005E+08,
2449486.500000000, A.D. 1994-May-14 00:00:00.0000,  5.028494390850807E+09,  4.793151434930565E+09, -2.497529700483191E+08,
2449487.500000000, A.D. 1994-May-15 00:00:00.0000,  5.028238028435843E+09,  4.793418855323147E+09, -2.498208035615127E+08,
2449488.500000000, A.D. 1994-May-16 00:00:00.0000,  5.027981652368257E+09,  4.793686262446959E+09, -2.498886363787508E+08,
2449489.500000000, A.D. 1994-May-17 00:00:00.0000,  5.027725262654062E+09,  4.793953656313001E+09, -2.499564684999015E+08,
2449490.500000000, A.D. 1994-May-18 00:00:00.0000,  5.027468859298344E+09,  4.794221036932439E+09, -2.500242999247434E+08,
2449491.500000000, A.D. 1994-May-19 00:00:00.0000,  5.027212442305299E+09,  4.794488404316481E+09, -2.500921306529837E+08,
2449492.500000000, A.D. 1994-May-20 00:00:00.0000,  5.026956011678325E+09,  4.794755758476276E+09, -2.501599606842706E+08,
2449493.500000000, A.D. 1994-May-21 00:00:00.0000,  5.026699567420084E+09,  4.795023099422853E+09, -2.502277900182095E+08,
2449494.500000000, A.D. 1994-May-22 00:00:00.0000,  5.026443109532594E+09,  4.795290427167055E+09, -2.502956186543701E+08,
2449495.500000000, A.D. 1994-May-23 00:00:00.0000,  5.026186638017301E+09,  4.795557741719511E+09, -2.503634465922983E+08,
2449496.500000000, A.D. 1994-May-24 00:00:00.0000,  5.025930152875140E+09,  4.795825043090616E+09, -2.504312738315253E+08,
2449497.500000000, A.D. 1994-May-25 00:00:00.0000,  5.025673654106614E+09,  4.796092331290518E+09, -2.504991003715711E+08,
2449498.500000000, A.D. 1994-May-26 00:00:00.0000,  5.025417141711837E+09,  4.796359606329125E+09, -2.505669262119513E+08,
2449499.500000000, A.D. 1994-May-27 00:00:00.0000,  5.025160615690587E+09,  4.796626868216106E+09, -2.506347513521802E+08,
2449500.500000000, A.D. 1994-May-28 00:00:00.0000,  5.024904076042350E+09,  4.796894116960907E+09, -2.507025757917733E+08,
2449501.500000000, A.D. 1994-May-29 00:00:00.0000,  5.024647522766342E+09,  4.797161352572756E+09, -2.507703995302503E+08,
2449502.500000000, A.D. 1994-May-30 00:00:00.0000,  5.024390955861552E+09,  4.797428575060681E+09, -2.508382225671325E+08,
2449503.500000000, A.D. 1994-May-31 00:00:00.0000,  5.024134375326755E+09,  4.797695784433533E+09, -2.509060449019499E+08,
2449504.500000000, A.D. 1994-Jun-01 00:00:00.0000,  5.023877781160528E+09,  4.797962980699986E+09, -2.509738665342331E+08,
2449505.500000000, A.D. 1994-Jun-02 00:00:00.0000,  5.023621173361277E+09,  4.798230163868565E+09, -2.510416874635217E+08,
2449506.500000000, A.D. 1994-Jun-03 00:00:00.0000,  5.023364551927229E+09,  4.798497333947650E+09, -2.511095076893578E+08,
2449507.500000000, A.D. 1994-Jun-04 00:00:00.0000,  5.023107916856457E+09,  4.798764490945492E+09, -2.511773272112856E+08,
2449508.500000000, A.D. 1994-Jun-05 00:00:00.0000,  5.022851268146873E+09,  4.799031634870227E+09, -2.512451460288570E+08,
2449509.500000000, A.D. 1994-Jun-06 00:00:00.0000,  5.022594605796240E+09,  4.799298765729876E+09, -2.513129641416206E+08,
2449510.500000000, A.D. 1994-Jun-07 00:00:00.0000,  5.022337929802174E+09,  4.799565883532364E+09, -2.513807815491326E+08,
2449511.500000000, A.D. 1994-Jun-08 00:00:00.0000,  5.022081240162135E+09,  4.799832988285522E+09, -2.514485982509453E+08,
2449512.500000000, A.D. 1994-Jun-09 00:00:00.0000,  5.021824536873445E+09,  4.800100079997089E+09, -2.515164142466140E+08,
2449513.500000000, A.D. 1994-Jun-10 00:00:00.0000,  5.021567819933265E+09,  4.800367158674728E+09, -2.515842295356917E+08,
2449514.500000000, A.D. 1994-Jun-11 00:00:00.0000,  5.021311089338616E+09,  4.800634224326017E+09, -2.516520441177299E+08,
2449515.500000000, A.D. 1994-Jun-12 00:00:00.0000,  5.021054345086361E+09,  4.800901276958462E+09, -2.517198579922795E+08,
2449516.500000000, A.D. 1994-Jun-13 00:00:00.0000,  5.020797587173214E+09,  4.801168316579491E+09, -2.517876711588867E+08,
2449517.500000000, A.D. 1994-Jun-14 00:00:00.0000,  5.020540815595727E+09,  4.801435343196461E+09, -2.518554836170948E+08,
2449518.500000000, A.D. 1994-Jun-15 00:00:00.0000,  5.020284030350296E+09,  4.801702356816656E+09, -2.519232953664427E+08,
2449519.500000000, A.D. 1994-Jun-16 00:00:00.0000,  5.020027231433160E+09,  4.801969357447286E+09, -2.519911064064641E+08,
2449520.500000000, A.D. 1994-Jun-17 00:00:00.0000,  5.019770418840385E+09,  4.802236345095484E+09, -2.520589167366884E+08,
2449521.500000000, A.D. 1994-Jun-18 00:00:00.0000,  5.019513592567880E+09,  4.802503319768312E+09, -2.521267263566389E+08,
2449522.500000000, A.D. 1994-Jun-19 00:00:00.0000,  5.019256752611375E+09,  4.802770281472749E+09, -2.521945352658315E+08,
2449523.500000000, A.D. 1994-Jun-20 00:00:00.0000,  5.018999898966435E+09,  4.803037230215693E+09, -2.522623434637759E+08,
2449524.500000000, A.D. 1994-Jun-21 00:00:00.0000,  5.018743031628448E+09,  4.803304166003959E+09, -2.523301509499760E+08,
2449525.500000000, A.D. 1994-Jun-22 00:00:00.0000,  5.018486150592621E+09,  4.803571088844273E+09, -2.523979577239268E+08,
2449526.500000000, A.D. 1994-Jun-23 00:00:00.0000,  5.018229255853984E+09,  4.803837998743267E+09, -2.524657637851162E+08,
2449527.500000000, A.D. 1994-Jun-24 00:00:00.0000,  5.017972347407383E+09,  4.804104895707475E+09, -2.525335691330245E+08,
2449528.500000000, A.D. 1994-Jun-25 00:00:00.0000,  5.017715425247476E+09,  4.804371779743325E+09, -2.526013737671223E+08,
2449529.500000000, A.D. 1994-Jun-26 00:00:00.0000,  5.017458489368733E+09,  4.804638650857140E+09, -2.526691776868744E+08,
2449530.500000000, A.D. 1994-Jun-27 00:00:00.0000,  5.017201539765435E+09,  4.804905509055120E+09, -2.527369808917356E+08,
2449531.500000000, A.D. 1994-Jun-28 00:00:00.0000,  5.016944576431665E+09,  4.805172354343345E+09, -2.528047833811517E+08,
2449532.500000000, A.D. 1994-Jun-29 00:00:00.0000,  5.016687599361312E+09,  4.805439186727762E+09, -2.528725851545632E+08,
2449533.500000000, A.D. 1994-Jun-30 00:00:00.0000,  5.016430608548065E+09,  4.805706006214177E+09, -2.529403862113984E+08,
2449534.500000000, A.D. 1994-Jul-01 00:00:00.0000,  5.016173603985413E+09,  4.805972812808243E+09, -2.530081865510807E+08,
2449535.500000000, A.D. 1994-Jul-02 00:00:00.0000,  5.015916585666637E+09,  4.806239606515455E+09, -2.530759861730235E+08,
2449536.500000000, A.D. 1994-Jul-03 00:00:00.0000,  5.015659553584821E+09,  4.806506387341130E+09, -2.531437850766342E+08,
2449537.500000000, A.D. 1994-Jul-04 00:00:00.0000,  5.015402507732836E+09,  4.806773155290403E+09, -2.532115832613127E+08,
2449538.500000000, A.D. 1994-Jul-05 00:00:00.0000,  5.015145448103345E+09,  4.807039910368206E+09, -2.532793807264535E+08,
2449539.500000000, A.D. 1994-Jul-06 00:00:00.0000,  5.014888374688807E+09,  4.807306652579256E+09, -2.533471774714446E+08,
2449540.500000000, A.D. 1994-Jul-07 00:00:00.0000,  5.014631287481471E+09,  4.807573381928036E+09, -2.534149734956696E+08,
2449541.500000000, A.D. 1994-Jul-08 00:00:00.0000,  5.014374186473380E+09,  4.807840098418777E+09, -2.534827687985117E+08,
2449542.500000000, A.D. 1994-Jul-09 00:00:00.0000,  5.014117071656373E+09,  4.808106802055437E+09, -2.535505633793495E+08,
2449543.500000000, A.D. 1994-Jul-10 00:00:00.0000,  5.013859943022093E+09,  4.808373492841681E+09, -2.536183572375634E+08,
2449544.500000000, A.D. 1994-Jul-11 00:00:00.0000,  5.013602800561989E+09,  4.808640170780845E+09, -2.536861503725362E+08,
2449545.500000000, A.D. 1994-Jul-12 00:00:00.0000,  5.013345644267329E+09,  4.808906835875928E+09, -2.537539427836578E+08,
2449546.500000000, A.D. 1994-Jul-13 00:00:00.0000,  5.013088474129210E+09,  4.809173488129545E+09, -2.538217344703248E+08,
2449547.500000000, A.D. 1994-Jul-14 00:00:00.0000,  5.012831290138588E+09,  4.809440127543905E+09, -2.538895254319470E+08,
2449548.500000000, A.D. 1994-Jul-15 00:00:00.0000,  5.012574092286277E+09,  4.809706754120778E+09, -2.539573156679528E+08,
2449549.500000000, A.D. 1994-Jul-16 00:00:00.0000,  5.012316880563004E+09,  4.809973367861456E+09, -2.540251051777902E+08,
2449550.500000000, A.D. 1994-Jul-17 00:00:00.0000,  5.012059654959429E+09,  4.810239968766724E+09, -2.540928939609373E+08,
2449551.500000000, A.D. 1994-Jul-18 00:00:00.0000,  5.011802415466198E+09,  4.810506556836825E+09, -2.541606820169039E+08,
2449552.500000000, A.D. 1994-Jul-19 00:00:00.0000,  5.011545162073998E+09,  4.810773132071431E+09, -2.542284693452463E+08,
2449553.500000000, A.D. 1994-Jul-20 00:00:00.0000,  5.011287894773622E+09,  4.811039694469614E+09, -2.542962559455652E+08,
2449554.500000000, A.D. 1994-Jul-21 00:00:00.0000,  5.011030613556042E+09,  4.811306244029831E+09, -2.543640418175225E+08,
2449555.500000000, A.D. 1994-Jul-22 00:00:00.0000,  5.010773318412512E+09,  4.811572780749913E+09, -2.544318269608452E+08,
2449556.500000000, A.D. 1994-Jul-23 00:00:00.0000,  5.010516009334651E+09,  4.811839304627085E+09, -2.544996113753352E+08,
2449557.500000000, A.D. 1994-Jul-24 00:00:00.0000,  5.010258686314569E+09,  4.812105815657978E+09, -2.545673950608764E+08,
2449558.500000000, A.D. 1994-Jul-25 00:00:00.0000,  5.010001349344963E+09,  4.812372313838692E+09, -2.546351780174387E+08,
2449559.500000000, A.D. 1994-Jul-26 00:00:00.0000,  5.009743998419243E+09,  4.812638799164877E+09, -2.547029602450862E+08,
2449560.500000000, A.D. 1994-Jul-27 00:00:00.0000,  5.009486633531631E+09,  4.812905271631839E+09, -2.547707417439725E+08,
2449561.500000000, A.D. 1994-Jul-28 00:00:00.0000,  5.009229254677250E+09,  4.813171731234684E+09, -2.548385225143387E+08,
2449562.500000000, A.D. 1994-Jul-29 00:00:00.0000,  5.008971861852187E+09,  4.813438177968488E+09, -2.549063025565047E+08,
2449563.500000000, A.D. 1994-Jul-30 00:00:00.0000,  5.008714455053507E+09,  4.813704611828496E+09, -2.549740818708572E+08,
2449564.500000000, A.D. 1994-Jul-31 00:00:00.0000,  5.008457034279235E+09,  4.813971032810319E+09, -2.550418604578257E+08,
2449565.500000000, A.D. 1994-Aug-01 00:00:00.0000,  5.008199599528283E+09,  4.814237440910149E+09, -2.551096383178627E+08,
2449566.500000000, A.D. 1994-Aug-02 00:00:00.0000,  5.007942150800317E+09,  4.814503836124934E+09, -2.551774154514151E+08,
2449567.500000000, A.D. 1994-Aug-03 00:00:00.0000,  5.007684688095581E+09,  4.814770218452547E+09, -2.552451918588955E+08,
2449568.500000000, A.D. 1994-Aug-04 00:00:00.0000,  5.007427211414688E+09,  4.815036587891876E+09, -2.553129675406523E+08,
2449569.500000000, A.D. 1994-Aug-05 00:00:00.0000,  5.007169720758379E+09,  4.815302944442889E+09, -2.553807424969459E+08,
2449570.500000000, A.D. 1994-Aug-06 00:00:00.0000,  5.006912216127292E+09,  4.815569288106611E+09, -2.554485167279255E+08,
2449571.500000000, A.D. 1994-Aug-07 00:00:00.0000,  5.006654697521730E+09,  4.815835618885063E+09, -2.555162902336171E+08,
2449572.500000000, A.D. 1994-Aug-08 00:00:00.0000,  5.006397164941480E+09,  4.816101936781137E+09, -2.555840630139108E+08,
2449573.500000000, A.D. 1994-Aug-09 00:00:00.0000,  5.006139618385641E+09,  4.816368241798444E+09, -2.556518350685637E+08,
2449574.500000000, A.D. 1994-Aug-10 00:00:00.0000,  5.005882057852533E+09,  4.816634533941136E+09, -2.557196063972001E+08,
2449575.500000000, A.D. 1994-Aug-11 00:00:00.0000,  5.005624483339633E+09,  4.816900813213727E+09, -2.557873769993258E+08,
2449576.500000000, A.D. 1994-Aug-12 00:00:00.0000,  5.005366894843554E+09,  4.817167079620905E+09, -2.558551468743358E+08,
2449577.500000000, A.D. 1994-Aug-13 00:00:00.0000,  5.005109292360074E+09,  4.817433333167378E+09, -2.559229160215335E+08,
2449578.500000000, A.D. 1994-Aug-14 00:00:00.0000,  5.004851675884178E+09,  4.817699573857728E+09, -2.559906844401438E+08,
2449579.500000000, A.D. 1994-Aug-15 00:00:00.0000,  5.004594045410128E+09,  4.817965801696295E+09, -2.560584521293321E+08,
2449580.500000000, A.D. 1994-Aug-16 00:00:00.0000,  5.004336400931546E+09,  4.818232016687082E+09, -2.561262190882130E+08,
2449581.500000000, A.D. 1994-Aug-17 00:00:00.0000,  5.004078742441502E+09,  4.818498218833694E+09, -2.561939853158717E+08,
2449582.500000000, A.D. 1994-Aug-18 00:00:00.0000,  5.003821069932588E+09,  4.818764408139278E+09, -2.562617508113706E+08,
2449583.500000000, A.D. 1994-Aug-19 00:00:00.0000,  5.003563383397020E+09,  4.819030584606511E+09, -2.563295155737593E+08,
2449584.500000000, A.D. 1994-Aug-20 00:00:00.0000,  5.003305682826703E+09,  4.819296748237566E+09, -2.563972796020844E+08,
2449585.500000000, A.D. 1994-Aug-21 00:00:00.0000,  5.003047968213304E+09,  4.819562899034126E+09, -2.564650428953960E+08,
2449586.500000000, A.D. 1994-Aug-22 00:00:00.0000,  5.002790239548309E+09,  4.819829036997379E+09, -2.565328054527521E+08,
2449587.500000000, A.D. 1994-Aug-23 00:00:00.0000,  5.002532496823095E+09,  4.820095162128037E+09, -2.566005672732232E+08,
2449588.500000000, A.D. 1994-Aug-24 00:00:00.0000,  5.002274740028957E+09,  4.820361274426344E+09, -2.566683283558936E+08,
2449589.500000000, A.D. 1994-Aug-25 00:00:00.0000,  5.002016969157157E+09,  4.820627373892102E+09, -2.567360886998665E+08,
2449590.500000000, A.D. 1994-Aug-26 00:00:00.0000,  5.001759184198959E+09,  4.820893460524694E+09, -2.568038483042643E+08,
2449591.500000000, A.D. 1994-Aug-27 00:00:00.0000,  5.001501385145659E+09,  4.821159534323093E+09, -2.568716071682253E+08,
2449592.500000000, A.D. 1994-Aug-28 00:00:00.0000,  5.001243571988602E+09,  4.821425595285900E+09, -2.569393652909114E+08,
2449593.500000000, A.D. 1994-Aug-29 00:00:00.0000,  5.000985744719208E+09,  4.821691643411352E+09, -2.570071226715033E+08,
2449594.500000000, A.D. 1994-Aug-30 00:00:00.0000,  5.000727903328984E+09,  4.821957678697346E+09, -2.570748793092015E+08,
2449595.500000000, A.D. 1994-Aug-31 00:00:00.0000,  5.000470047809545E+09,  4.822223701141459E+09, -2.571426352032249E+08,
2449596.500000000, A.D. 1994-Sep-01 00:00:00.0000,  5.000212178152612E+09,  4.822489710740970E+09, -2.572103903528137E+08,
2449597.500000000, A.D. 1994-Sep-02 00:00:00.0000,  4.999954294350031E+09,  4.822755707492862E+09, -2.572781447572246E+08,
2449598.500000000, A.D. 1994-Sep-03 00:00:00.0000,  4.999696396393782E+09,  4.823021691393859E+09, -2.573458984157341E+08,
2449599.500000000, A.D. 1994-Sep-04 00:00:00.0000,  4.999438484275973E+09,  4.823287662440422E+09, -2.574136513276343E+08,
2449600.500000000, A.D. 1994-Sep-05 00:00:00.0000,  4.999180557988855E+09,  4.823553620628772E+09, -2.574814034922345E+08,
2449601.500000000, A.D. 1994-Sep-06 00:00:00.0000,  4.998922617524823E+09,  4.823819565954902E+09, -2.575491549088612E+08,
2449602.500000000, A.D. 1994-Sep-07 00:00:00.0000,  4.998664662876417E+09,  4.824085498414583E+09, -2.576169055768545E+08,
2449603.500000000, A.D. 1994-Sep-08 00:00:00.0000,  4.998406694036325E+09,  4.824351418003386E+09, -2.576846554955711E+08,
2449604.500000000, A.D. 1994-Sep-09 00:00:00.0000,  4.998148710997385E+09,  4.824617324716675E+09, -2.577524046643808E+08,
2449605.500000000, A.D. 1994-Sep-10 00:00:00.0000,  4.997890713752586E+09,  4.824883218549632E+09, -2.578201530826676E+08,
2449606.500000000, A.D. 1994-Sep-11 00:00:00.0000,  4.997632702295071E+09,  4.825149099497256E+09, -2.578879007498283E+08,
2449607.500000000, A.D. 1994-Sep-12 00:00:00.0000,  4.997374676618127E+09,  4.825414967554378E+09, -2.579556476652730E+08,
2449608.500000000, A.D. 1994-Sep-13 00:00:00.0000,  4.997116636715201E+09,  4.825680822715657E+09, -2.580233938284235E+08,
2449609.500000000, A.D. 1994-Sep-14 00:00:00.0000,  4.996858582579891E+09,  4.825946664975602E+09, -2.580911392387133E+08,
2449610.500000000, A.D. 1994-Sep-15 00:00:00.0000,  4.996600514205940E+09,  4.826212494328564E+09, -2.581588838955884E+08,
2449611.500000000, A.D. 1994-Sep-16 00:00:00.0000,  4.996342431587248E+09,  4.826478310768749E+09, -2.582266277985048E+08,
2449612.500000000, A.D. 1994-Sep-17 00:00:00.0000,  4.996084334717862E+09,  4.826744114290226E+09, -2.582943709469287E+08,
2449613.500000000, A.D. 1994-Sep-18 00:00:00.0000,  4.995826223591975E+09,  4.827009904886918E+09, -2.583621133403370E+08,
2449614.500000000, A.D. 1994-Sep-19 00:00:00.0000,  4.995568098203931E+09,  4.827275682552623E+09, -2.584298549782176E+08,
2449615.500000000, A.D. 1994-Sep-20 00:00:00.0000,  4.995309958548213E+09,  4.827541447281009E+09, -2.584975958600671E+08,
2449616.500000000, A.D. 1994-Sep-21 00:00:00.0000,  4.995051804619456E+09,  4.827807199065615E+09, -2.585653359853916E+08,
2449617.500000000, A.D. 1994-Sep-22 00:00:00.0000,  4.994793636412431E+09,  4.828072937899858E+09, -2.586330753537071E+08,
2449618.500000000, A.D. 1994-Sep-23 00:00:00.0000,  4.994535453922045E+09,  4.828338663777037E+09, -2.587008139645379E+08,
2449619.500000000, A.D. 1994-Sep-24 00:00:00.0000,  4.994277257143350E+09,  4.828604376690325E+09, -2.587685518174188E+08,
2449620.500000000, A.D. 1994-Sep-25 00:00:00.0000,  4.994019046071526E+09,  4.828870076632778E+09, -2.588362889118922E+08,
2449621.500000000, A.D. 1994-Sep-26 00:00:00.0000,  4.993760820701887E+09,  4.829135763597332E+09, -2.589040252475095E+08,
2449622.500000000, A.D. 1994-Sep-27 00:00:00.0000,  4.993502581029874E+09,  4.829401437576803E+09, -2.589717608238332E+08,
2449623.500000000, A.D. 1994-Sep-28 00:00:00.0000,  4.993244327051057E+09,  4.829667098563882E+09, -2.590394956404321E+08,
2449624.500000000, A.D. 1994-Sep-29 00:00:00.0000,  4.992986058761127E+09,  4.829932746551134E+09, -2.591072296968861E+08,
2449625.500000000, A.D. 1994-Sep-30 00:00:00.0000,  4.992727776155900E+09,  4.830198381530992E+09, -2.591749629927850E+08,
2449626.500000000, A.D. 1994-Oct-01 00:00:00.0000,  4.992469479231304E+09,  4.830464003495757E+09, -2.592426955277286E+08,
2449627.500000000, A.D. 1994-Oct-02 00:00:00.0000,  4.992211167983388E+09,  4.830729612437583E+09, -2.593104273013287E+08,
2449628.500000000, A.D. 1994-Oct-03 00:00:00.0000,  4.991952842408315E+09,  4.830995208348472E+09, -2.593781583132076E+08,
2449629.500000000, A.D. 1994-Oct-04 00:00:00.0000,  4.991694502502364E+09,  4.831260791220263E+09, -2.594458885630016E+08,
2449630.500000000, A.D. 1994-Oct-05 00:00:00.0000,  4.991436148261929E+09,  4.831526361044620E+09, -2.595136180503607E+08,
2449631.500000000, A.D. 1994-Oct-06 00:00:00.0000,  4.991177779683519E+09,  4.831791917813017E+09, -2.595813467749519E+08,
2449632.500000000, A.D. 1994-Oct-07 00:00:00.0000,  4.990919396763774E+09,  4.832057461516724E+09, -2.596490747364597E+08,
2449633.500000000, A.D. 1994-Oct-08 00:00:00.0000,  4.990660999499452E+09,  4.832322992146780E+09, -2.597168019345906E+08,
2449634.500000000, A.D. 1994-Oct-09 00:00:00.0000,  4.990402587887461E+09,  4.832588509693982E+09, -2.597845283690729E+08,
2449635.500000000, A.D. 1994-Oct-10 00:00:00.0000,  4.990144161924856E+09,  4.832854014148854E+09, -2.598522540396636E+08,
2449636.500000000, A.D. 1994-Oct-11 00:00:00.0000,  4.989885721608873E+09,  4.833119505501629E+09, -2.599199789461505E+08,
2449637.500000000, A.D. 1994-Oct-12 00:00:00.0000,  4.989627266936945E+09,  4.833384983742213E+09, -2.599877030883584E+08,
2449638.500000000, A.D. 1994-Oct-13 00:00:00.0000,  4.989368797906738E+09,  4.833650448860172E+09, -2.600554264661534E+08,
2449639.500000000, A.D. 1994-Oct-14 00:00:00.0000,  4.989110314516196E+09,  4.833915900844693E+09, -2.601231490794504E+08,
2449640.500000000, A.D. 1994-Oct-15 00:00:00.0000,  4.988851816763588E+09,  4.834181339684574E+09, -2.601908709282191E+08,
2449641.500000000, A.D. 1994-Oct-16 00:00:00.0000,  4.988593304647574E+09,  4.834446765368193E+09, -2.602585920124915E+08,
2449642.500000000, A.D. 1994-Oct-17 00:00:00.0000,  4.988334778167278E+09,  4.834712177883507E+09, -2.603263123323708E+08,
2449643.500000000, A.D. 1994-Oct-18 00:00:00.0000,  4.988076237322373E+09,  4.834977577218052E+09, -2.603940318880396E+08,
2449644.500000000, A.D. 1994-Oct-19 00:00:00.0000,  4.987817682113170E+09,  4.835242963358954E+09, -2.604617506797650E+08,
2449645.500000000, A.D. 1994-Oct-20 00:00:00.0000,  4.987559112540734E+09,  4.835508336292972E+09, -2.605294687079101E+08,
2449646.500000000, A.D. 1994-Oct-21 00:00:00.0000,  4.987300528606984E+09,  4.835773696006551E+09, -2.605971859729354E+08,
2449647.500000000, A.D. 1994-Oct-22 00:00:00.0000,  4.987041930314801E+09,  4.836039042485915E+09, -2.606649024754043E+08,
2449648.500000000, A.D. 1994-Oct-23 00:00:00.0000,  4.986783317668128E+09,  4.836304375717183E+09, -2.607326182159817E+08,
2449649.500000000, A.D. 1994-Oct-24 00:00:00.0000,  4.986524690672049E+09,  4.836569695686522E+09, -2.608003331954291E+08,
2449650.500000000, A.D. 1994-Oct-25 00:00:00.0000,  4.986266049332849E+09,  4.836835002380322E+09, -2.608680474145970E+08,
2449651.500000000, A.D. 1994-Oct-26 00:00:00.0000,  4.986007393658015E+09,  4.837100295785394E+09, -2.609357608744099E+08,
2449652.500000000, A.D. 1994-Oct-27 00:00:00.0000,  4.985748723656225E+09,  4.837365575889191E+09, -2.610034735758462E+08,
2449653.500000000, A.D. 1994-Oct-28 00:00:00.0000,  4.985490039337242E+09,  4.837630842680007E+09, -2.610711855199115E+08,
2449654.500000000, A.D. 1994-Oct-29 00:00:00.0000,  4.985231340711792E+09,  4.837896096147179E+09, -2.611388967076151E+08,
2449655.500000000, A.D. 1994-Oct-30 00:00:00.0000,  4.984972627791376E+09,  4.838161336281237E+09, -2.612066071399374E+08,
2449656.500000000, A.D. 1994-Oct-31 00:00:00.0000,  4.984713900588050E+09,  4.838426563074021E+09, -2.612743168178015E+08,
2449657.500000000, A.D. 1994-Nov-01 00:00:00.0000,  4.984455159114177E+09,  4.838691776518733E+09, -2.613420257420495E+08,
2449658.500000000, A.D. 1994-Nov-02 00:00:00.0000,  4.984196403382192E+09,  4.838956976609922E+09, -2.614097339134173E+08,
2449659.500000000, A.D. 1994-Nov-03 00:00:00.0000,  4.983937633404363E+09,  4.839222163343429E+09, -2.614774413325226E+08,
2449660.500000000, A.D. 1994-Nov-04 00:00:00.0000,  4.983678849192595E+09,  4.839487336716260E+09, -2.615451479998534E+08,
2449661.500000000, A.D. 1994-Nov-05 00:00:00.0000,  4.983420050758269E+09,  4.839752496726442E+09, -2.616128539157679E+08,
2449662.500000000, A.D. 1994-Nov-06 00:00:00.0000,  4.983161238112132E+09,  4.840017643372852E+09, -2.616805590805008E+08,
2449663.500000000, A.D. 1994-Nov-07 00:00:00.0000,  4.982902411264225E+09,  4.840282776655027E+09, -2.617482634941676E+08,
2449664.500000000, A.D. 1994-Nov-08 00:00:00.0000,  4.982643570223865E+09,  4.840547896573003E+09, -2.618159671567795E+08,
2449665.500000000, A.D. 1994-Nov-09 00:00:00.0000,  4.982384714999658E+09,  4.840813003127144E+09, -2.618836700682597E+08,
2449666.500000000, A.D. 1994-Nov-10 00:00:00.0000,  4.982125845599542E+09,  4.841078096318016E+09, -2.619513722284570E+08,
2449667.500000000, A.D. 1994-Nov-11 00:00:00.0000,  4.981866962030841E+09,  4.841343176146263E+09, -2.620190736371598E+08,
2449668.500000000, A.D. 1994-Nov-12 00:00:00.0000,  4.981608064300348E+09,  4.841608242612528E+09, -2.620867742941141E+08,
2449669.500000000, A.D. 1994-Nov-13 00:00:00.0000,  4.981349152414392E+09,  4.841873295717384E+09, -2.621544741990330E+08,
2449670.500000000, A.D. 1994-Nov-14 00:00:00.0000,  4.981090226378926E+09,  4.842138335461287E+09, -2.622221733516097E+08,
2449671.500000000, A.D. 1994-Nov-15 00:00:00.0000,  4.980831286199593E+09,  4.842403361844556E+09, -2.622898717515244E+08,
2449672.500000000, A.D. 1994-Nov-16 00:00:00.0000,  4.980572331881798E+09,  4.842668374867357E+09, -2.623575693984573E+08,
2449673.500000000, A.D. 1994-Nov-17 00:00:00.0000,  4.980313363430772E+09,  4.842933374529706E+09, -2.624252662920876E+08,
2449674.500000000, A.D. 1994-Nov-18 00:00:00.0000,  4.980054380851623E+09,  4.843198360831472E+09, -2.624929624321055E+08,
2449675.500000000, A.D. 1994-Nov-19 00:00:00.0000,  4.979795384149379E+09,  4.843463333772394E+09, -2.625606578182082E+08,
2449676.500000000, A.D. 1994-Nov-20 00:00:00.0000,  4.979536373329029E+09,  4.843728293352098E+09, -2.626283524501095E+08,
2449677.500000000, A.D. 1994-Nov-21 00:00:00.0000,  4.979277348395552E+09,  4.843993239570119E+09, -2.626960463275361E+08,
2449678.500000000, A.D. 1994-Nov-22 00:00:00.0000,  4.979018309353948E+09,  4.844258172425920E+09, -2.627637394502301E+08,
2449679.500000000, A.D. 1994-Nov-23 00:00:00.0000,  4.978759256209247E+09,  4.844523091918916E+09, -2.628314318179514E+08,
2449680.500000000, A.D. 1994-Nov-24 00:00:00.0000,  4.978500188966533E+09,  4.844787998048494E+09, -2.628991234304738E+08,
2449681.500000000, A.D. 1994-Nov-25 00:00:00.0000,  4.978241107630950E+09,  4.845052890814042E+09, -2.629668142875893E+08,
2449682.500000000, A.D. 1994-Nov-26 00:00:00.0000,  4.977982012207706E+09,  4.845317770214952E+09, -2.630345043891020E+08,
2449683.500000000, A.D. 1994-Nov-27 00:00:00.0000,  4.977722902702087E+09,  4.845582636250659E+09, -2.631021937348318E+08,
2449684.500000000, A.D. 1994-Nov-28 00:00:00.0000,  4.977463779119448E+09,  4.845847488920643E+09, -2.631698823246124E+08,
2449685.500000000, A.D. 1994-Nov-29 00:00:00.0000,  4.977204641465217E+09,  4.846112328224453E+09, -2.632375701582890E+08,
2449686.500000000, A.D. 1994-Nov-30 00:00:00.0000,  4.976945489744892E+09,  4.846377154161718E+09, -2.633052572357171E+08,
2449687.500000000, A.D. 1994-Dec-01 00:00:00.0000,  4.976686323964043E+09,  4.846641966732166E+09, -2.633729435567646E+08,
2449688.500000000, A.D. 1994-Dec-02 00:00:00.0000,  4.976427144128298E+09,  4.846906765935626E+09, -2.634406291213059E+08,
2449689.500000000, A.D. 1994-Dec-03 00:00:00.0000,  4.976167950243343E+09,  4.847171551772051E+09, -2.635083139292254E+08,
2449690.500000000, A.D. 1994-Dec-04 00:00:00.0000,  4.975908742314916E+09,  4.847436324241514E+09, -2.635759979804142E+08,
2449691.500000000, A.D. 1994-Dec-05 00:00:00.0000,  4.975649520348795E+09,  4.847701083344231E+09, -2.636436812747676E+08,
2449692.500000000, A.D. 1994-Dec-06 00:00:00.0000,  4.975390284350802E+09,  4.847965829080557E+09, -2.637113638121874E+08,
2449693.500000000, A.D. 1994-Dec-07 00:00:00.0000,  4.975131034326777E+09,  4.848230561451001E+09, -2.637790455925803E+08,
2449694.500000000, A.D. 1994-Dec-08 00:00:00.0000,  4.974871770282588E+09,  4.848495280456222E+09, -2.638467266158528E+08,
2449695.500000000, A.D. 1994-Dec-09 00:00:00.0000,  4.974612492224109E+09,  4.848759986097041E+09, -2.639144068819160E+08,
2449696.500000000, A.D. 1994-Dec-10 00:00:00.0000,  4.974353200157218E+09,  4.849024678374445E+09, -2.639820863906808E+08,
2449697.500000000, A.D. 1994-Dec-11 00:00:00.0000,  4.974093894087789E+09,  4.849289357289585E+09, -2.640497651420596E+08,
2449698.500000000, A.D. 1994-Dec-12 00:00:00.0000,  4.973834574021677E+09,  4.849554022843783E+09, -2.641174431359632E+08,
2449699.500000000, A.D. 1994-Dec-13 00:00:00.0000,  4.973575239964712E+09,  4.849818675038530E+09, -2.641851203723023E+08,
2449700.500000000, A.D. 1994-Dec-14 00:00:00.0000,  4.973315891922689E+09,  4.850083313875491E+09, -2.642527968509846E+08,
2449701.500000000, A.D. 1994-Dec-15 00:00:00.0000,  4.973056529901362E+09,  4.850347939356497E+09, -2.643204725719159E+08,
2449702.500000000, A.D. 1994-Dec-16 00:00:00.0000,  4.972797153906427E+09,  4.850612551483555E+09, -2.643881475349975E+08,
2449703.500000000, A.D. 1994-Dec-17 00:00:00.0000,  4.972537763943518E+09,  4.850877150258839E+09, -2.644558217401288E+08,
2449704.500000000, A.D. 1994-Dec-18 00:00:00.0000,  4.972278360018193E+09,  4.851141735684688E+09, -2.645234951872027E+08,
2449705.500000000, A.D. 1994-Dec-19 00:00:00.0000,  4.972018942135929E+09,  4.851406307763609E+09, -2.645911678761086E+08,
2449706.500000000, A.D. 1994-Dec-20 00:00:00.0000,  4.971759510302108E+09,  4.851670866498264E+09, -2.646588398067286E+08,
2449707.500000000, A.D. 1994-Dec-21 00:00:00.0000,  4.971500064522010E+09,  4.851935411891475E+09, -2.647265109789414E+08,
2449708.500000000, A.D. 1994-Dec-22 00:00:00.0000,  4.971240604800797E+09,  4.852199943946209E+09, -2.647941813926172E+08,
2449709.500000000, A.D. 1994-Dec-23 00:00:00.0000,  4.970981131143510E+09,  4.852464462665580E+09, -2.648618510476215E+08,
2449710.500000000, A.D. 1994-Dec-24 00:00:00.0000,  4.970721643555058E+09,  4.852728968052831E+09, -2.649295199438102E+08,
2449711.500000000, A.D. 1994-Dec-25 00:00:00.0000,  4.970462142040199E+09,  4.852993460111340E+09, -2.649971880810361E+08,
2449712.500000000, A.D. 1994-Dec-26 00:00:00.0000,  4.970202626603549E+09,  4.853257938844592E+09, -2.650648554591429E+08,
2449713.500000000, A.D. 1994-Dec-27 00:00:00.0000,  4.969943097249555E+09,  4.853522404256181E+09, -2.651325220779672E+08,
2449714.500000000, A.D. 1994-Dec-28 00:00:00.0000,  4.969683553982491E+09,  4.853786856349792E+09, -2.652001879373417E+08,
2449715.500000000, A.D. 1994-Dec-29 00:00:00.0000,  4.969423996806455E+09,  4.854051295129181E+09, -2.652678530370901E+08,
2449716.500000000, A.D. 1994-Dec-30 00:00:00.0000,  4.969164425725359E+09,  4.854315720598171E+09, -2.653355173770325E+08,
2449717.500000000, A.D. 1994-Dec-31 00:00:00.0000,  4.968904840742922E+09,  4.854580132760620E+09, -2.654031809569852E+08,
2449718.500000000, A.D. 1995-Jan-01 00:00:00.0000,  4.968645241862661E+09,  4.854844531620408E+09, -2.654708437767606E+08,
2449719.500000000, A.D. 1995-Jan-02 00:00:00.0000,  4.968385629087899E+09,  4.855108917181414E+09, -2.655385058361690E+08,
2449720.500000000, A.D. 1995-Jan-03 00:00:00.0000,  4.968126002421754E+09,  4.855373289447485E+09, -2.656061671350234E+08,
2449721.500000000, A.D. 1995-Jan-04 00:00:00.0000,  4.967866361867142E+09,  4.855637648422416E+09, -2.656738276731369E+08,
2449722.500000000, A.D. 1995-Jan-05 00:00:00.0000,  4.967606707426793E+09,  4.855901994109911E+09, -2.657414874503303E+08,
2449723.500000000, A.D. 1995-Jan-06 00:00:00.0000,  4.967347039103248E+09,  4.856166326513564E+09, -2.658091464664326E+08,
2449724.500000000, A.D. 1995-Jan-07 00:00:00.0000,  4.967087356898881E+09,  4.856430645636807E+09, -2.658768047212865E+08,
2449725.500000000, A.D. 1995-Jan-08 00:00:00.0000,  4.966827660815927E+09,  4.856694951482893E+09, -2.659444622147527E+08,
2449726.500000000, A.D. 1995-Jan-09 00:00:00.0000,  4.966567950856497E+09,  4.856959244054848E+09, -2.660121189467158E+08,
2449727.500000000, A.D. 1995-Jan-10 00:00:00.0000,  4.966308227022631E+09,  4.857223523355440E+09, -2.660797749170904E+08,
2449728.500000000, A.D. 1995-Jan-11 00:00:00.0000,  4.966048489316342E+09,  4.857487789387147E+09, -2.661474301258283E+08,
2449729.500000000, A.D. 1995-Jan-12 00:00:00.0000,  4.965788737739672E+09,  4.857752042152130E+09, -2.662150845729246E+08,
2449730.500000000, A.D. 1995-Jan-13 00:00:00.0000,  4.965528972294770E+09,  4.858016281652212E+09, -2.662827382584276E+08,
2449731.500000000, A.D. 1995-Jan-14 00:00:00.0000,  4.965269192983967E+09,  4.858280507888871E+09, -2.663503911824467E+08,
2449732.500000000, A.D. 1995-Jan-15 00:00:00.0000,  4.965009399809876E+09,  4.858544720863242E+09, -2.664180433451595E+08,
2449733.500000000, A.D. 1995-Jan-16 00:00:00.0000,  4.964749592775494E+09,  4.858808920576153E+09, -2.664856947468176E+08,
2449734.500000000, A.D. 1995-Jan-17 00:00:00.0000,  4.964489771884301E+09,  4.859073107028166E+09, -2.665533453877552E+08,
2449735.500000000, A.D. 1995-Jan-18 00:00:00.0000,  4.964229937140380E+09,  4.859337280219664E+09, -2.666209952683897E+08,
2449736.500000000, A.D. 1995-Jan-19 00:00:00.0000,  4.963970088548497E+09,  4.859601440150949E+09, -2.666886443892217E+08,
2449737.500000000, A.D. 1995-Jan-20 00:00:00.0000,  4.963710226114200E+09,  4.859865586822402E+09, -2.667562927508321E+08,
2449738.500000000, A.D. 1995-Jan-21 00:00:00.0000,  4.963450349843847E+09,  4.860129720234627E+09, -2.668239403538706E+08,
2449739.500000000, A.D. 1995-Jan-22 00:00:00.0000,  4.963190459744647E+09,  4.860393840388664E+09, -2.668915871990428E+08,
2449740.500000000, A.D. 1995-Jan-23 00:00:00.0000,  4.962930555824602E+09,  4.860657947286175E+09, -2.669592332870901E+08,
2449741.500000000, A.D. 1995-Jan-24 00:00:00.0000,  4.962670638092441E+09,  4.860922040929654E+09, -2.670268786187644E+08,
2449742.500000000, A.D. 1995-Jan-25 00:00:00.0000,  4.962410706557467E+09,  4.861186121322603E+09, -2.670945231948006E+08,
2449743.500000000, A.D. 1995-Jan-26 00:00:00.0000,  4.962150761229388E+09,  4.861450188469679E+09, -2.671621670158901E+08,
2449744.500000000, A.D. 1995-Jan-27 00:00:00.0000,  4.961890802118085E+09,  4.861714242376796E+09, -2.672298100826476E+08,
2449745.500000000, A.D. 1995-Jan-28 00:00:00.0000,  4.961630829233374E+09,  4.861978283051162E+09, -2.672974523955879E+08,
2449746.500000000, A.D. 1995-Jan-29 00:00:00.0000,  4.961370842584766E+09,  4.862242310501262E+09, -2.673650939551070E+08,
2449747.500000000, A.D. 1995-Jan-30 00:00:00.0000,  4.961110842181241E+09,  4.862506324736774E+09, -2.674327347614615E+08,
2449748.500000000, A.D. 1995-Jan-31 00:00:00.0000,  4.960850828031041E+09,  4.862770325768458E+09, -2.675003748147662E+08,
2449749.500000000, A.D. 1995-Feb-01 00:00:00.0000,  4.960590800141528E+09,  4.863034313607972E+09, -2.675680141149898E+08,
2449750.500000000, A.D. 1995-Feb-02 00:00:00.0000,  4.960330758519066E+09,  4.863298288267705E+09, -2.676356526619604E+08,
2449751.500000000, A.D. 1995-Feb-03 00:00:00.0000,  4.960070703168962E+09,  4.863562249760582E+09, -2.677032904553752E+08,
2449752.500000000, A.D. 1995-Feb-04 00:00:00.0000,  4.959810634095454E+09,  4.863826198099881E+09, -2.677709274948127E+08,
2449753.500000000, A.D. 1995-Feb-05 00:00:00.0000,  4.959550551301721E+09,  4.864090133299068E+09, -2.678385637797487E+08,
2449754.500000000, A.D. 1995-Feb-06 00:00:00.0000,  4.959290454789935E+09,  4.864354055371646E+09, -2.679061993095706E+08,
2449755.500000000, A.D. 1995-Feb-07 00:00:00.0000,  4.959030344561324E+09,  4.864617964331036E+09, -2.679738340835955E+08,
2449756.500000000, A.D. 1995-Feb-08 00:00:00.0000,  4.958770220616249E+09,  4.864881860190482E+09, -2.680414681010821E+08,
2449757.500000000, A.D. 1995-Feb-09 00:00:00.0000,  4.958510082954293E+09,  4.865145742962976E+09, -2.681091013612461E+08,
2449758.500000000, A.D. 1995-Feb-10 00:00:00.0000,  4.958249931574334E+09,  4.865409612661206E+09, -2.681767338632696E+08,
2449759.500000000, A.D. 1995-Feb-11 00:00:00.0000,  4.957989766474633E+09,  4.865673469297523E+09, -2.682443656063137E+08,
2449760.500000000, A.D. 1995-Feb-12 00:00:00.0000,  4.957729587652907E+09,  4.865937312883915E+09, -2.683119965895236E+08,
2449761.500000000, A.D. 1995-Feb-13 00:00:00.0000,  4.957469395106390E+09,  4.866201143432011E+09, -2.683796268120365E+08,
2449762.500000000, A.D. 1995-Feb-14 00:00:00.0000,  4.957209188831900E+09,  4.866464960953067E+09, -2.684472562729874E+08,
2449763.500000000, A.D. 1995-Feb-15 00:00:00.0000,  4.956948968825886E+09,  4.866728765457981E+09, -2.685148849715109E+08,
2449764.500000000, A.D. 1995-Feb-16 00:00:00.0000,  4.956688735084475E+09,  4.866992556957301E+09, -2.685825129067471E+08,
2449765.500000000, A.D. 1995-Feb-17 00:00:00.0000,  4.956428487603507E+09,  4.867256335461235E+09, -2.686501400778391E+08,
2449766.500000000, A.D. 1995-Feb-18 00:00:00.0000,  4.956168226378570E+09,  4.867520100979671E+09, -2.687177664839406E+08,
2449767.500000000, A.D. 1995-Feb-19 00:00:00.0000,  4.955907951405023E+09,  4.867783853522185E+09, -2.687853921242099E+08,
2449768.500000000, A.D. 1995-Feb-20 00:00:00.0000,  4.955647662678022E+09,  4.868047593098064E+09, -2.688530169978154E+08,
2449769.500000000, A.D. 1995-Feb-21 00:00:00.0000,  4.955387360192536E+09,  4.868311319716312E+09, -2.689206411039338E+08,
2449770.500000000, A.D. 1995-Feb-22 00:00:00.0000,  4.955127043943357E+09,  4.868575033385672E+09, -2.689882644417493E+08,
2449771.500000000, A.D. 1995-Feb-23 00:00:00.0000,  4.954866713925119E+09,  4.868838734114630E+09, -2.690558870104554E+08,
2449772.500000000, A.D. 1995-Feb-24 00:00:00.0000,  4.954606370132310E+09,  4.869102421911435E+09, -2.691235088092518E+08,
2449773.500000000, A.D. 1995-Feb-25 00:00:00.0000,  4.954346012559269E+09,  4.869366096784100E+09, -2.691911298373466E+08,
2449774.500000000, A.D. 1995-Feb-26 00:00:00.0000,  4.954085641200200E+09,  4.869629758740419E+09, -2.692587500939527E+08,
2449775.500000000, A.D. 1995-Feb-27 00:00:00.0000,  4.953825256049178E+09,  4.869893407787975E+09, -2.693263695782924E+08,
2449776.500000000, A.D. 1995-Feb-28 00:00:00.0000,  4.953564857100150E+09,  4.870157043934137E+09, -2.693939882895889E+08,
2449777.500000000, A.D. 1995-Mar-01 00:00:00.0000,  4.953304444346939E+09,  4.870420667186081E+09, -2.694616062270741E+08,
2449778.500000000, A.D. 1995-Mar-02 00:00:00.0000,  4.953044017783245E+09,  4.870684277550781E+09, -2.695292233899827E+08,
2449779.500000000, A.D. 1995-Mar-03 00:00:00.0000,  4.952783577402649E+09,  4.870947875035026E+09, -2.695968397775540E+08,
2449780.500000000, A.D. 1995-Mar-04 00:00:00.0000,  4.952523123198620E+09,  4.871211459645410E+09, -2.696644553890290E+08,
2449781.500000000, A.D. 1995-Mar-05 00:00:00.0000,  4.952262655164505E+09,  4.871475031388348E+09, -2.697320702236547E+08,
2449782.500000000, A.D. 1995-Mar-06 00:00:00.0000,  4.952002173293539E+09,  4.871738590270070E+09, -2.697996842806776E+08,
2449783.500000000, A.D. 1995-Mar-07 00:00:00.0000,  4.951741677578843E+09,  4.872002136296624E+09, -2.698672975593476E+08,
2449784.500000000, A.D. 1995-Mar-08 00:00:00.0000,  4.951481168013424E+09,  4.872265669473879E+09, -2.699349100589178E+08,
2449785.500000000, A.D. 1995-Mar-09 00:00:00.0000,  4.951220644590178E+09,  4.872529189807526E+09, -2.700025217786405E+08,
2449786.500000000, A.D. 1995-Mar-10 00:00:00.0000,  4.950960107301887E+09,  4.872792697303071E+09, -2.700701327177718E+08,
2449787.500000000, A.D. 1995-Mar-11 00:00:00.0000,  4.950699556141224E+09,  4.873056191965844E+09, -2.701377428755662E+08,
2449788.500000000, A.D. 1995-Mar-12 00:00:00.0000,  4.950438991100750E+09,  4.873319673800994E+09, -2.702053522512815E+08,
2449789.500000000, A.D. 1995-Mar-13 00:00:00.0000,  4.950178412172914E+09,  4.873583142813486E+09, -2.702729608441739E+08,
2449790.500000000, A.D. 1995-Mar-14 00:00:00.0000,  4.949917819350053E+09,  4.873846599008099E+09, -2.703405686535025E+08,
2449791.500000000, A.D. 1995-Mar-15 00:00:00.0000,  4.949657212624397E+09,  4.874110042389429E+09, -2.704081756785245E+08,
2449792.500000000, A.D. 1995-Mar-16 00:00:00.0000,  4.949396591988061E+09,  4.874373472961882E+09, -2.704757819185002E+08,
2449793.500000000, A.D. 1995-Mar-17 00:00:00.0000,  4.949135957433052E+09,  4.874636890729666E+09, -2.705433873726871E+08,
2449794.500000000, A.D. 1995-Mar-18 00:00:00.0000,  4.948875308951263E+09,  4.874900295696800E+09, -2.706109920403457E+08,
2449795.500000000, A.D. 1995-Mar-19 00:00:00.0000,  4.948614646534477E+09,  4.875163687867098E+09, -2.706785959207361E+08,
2449796.500000000, A.D. 1995-Mar-20 00:00:00.0000,  4.948353970174367E+09,  4.875427067244166E+09, -2.707461990131190E+08,
2449797.500000000, A.D. 1995-Mar-21 00:00:00.0000,  4.948093279862490E+09,  4.875690433831404E+09, -2.708138013167555E+08,
2449798.500000000, A.D. 1995-Mar-22 00:00:00.0000,  4.947832575590295E+09,  4.875953787631985E+09, -2.708814028309083E+08,
2449799.500000000, A.D. 1995-Mar-23 00:00:00.0000,  4.947571857349114E+09,  4.876217128648863E+09, -2.709490035548418E+08,
2449800.500000000, A.D. 1995-Mar-24 00:00:00.0000,  4.947311125130172E+09,  4.876480456884756E+09, -2.710166034878218E+08,
2449801.500000000, A.D. 1995-Mar-25 00:00:00.0000,  4.947050378924575E+09,  4.876743772342134E+09, -2.710842026291170E+08,
2449802.500000000, A.D. 1995-Mar-26 00:00:00.0000,  4.946789618723328E+09,  4.877007075023213E+09, -2.711518009779994E+08,
2449803.500000000, A.D. 1995-Mar-27 00:00:00.0000,  4.946528844517313E+09,  4.877270364929944E+09, -2.712193985337451E+08,
2449804.500000000, A.D. 1995-Mar-28 00:00:00.0000,  4.946268056297313E+09,  4.877533642063993E+09, -2.712869952956352E+08,
2449805.500000000, A.D. 1995-Mar-29 00:00:00.0000,  4.946007254054003E+09,  4.877796906426730E+09, -2.713545912629580E+08,
2449806.500000000, A.D. 1995-Mar-30 00:00:00.0000,  4.945746437777953E+09,  4.878060158019209E+09, -2.714221864350097E+08,
2449807.500000000, A.D. 1995-Mar-31 00:00:00.0000,  4.945485607459644E+09,  4.878323396842150E+09, -2.714897808110969E+08,
2449808.500000000, A.D. 1995-Apr-01 00:00:00.0000,  4.945224763089464E+09,  4.878586622895915E+09, -2.715573743905389E+08,
2449809.500000000, A.D. 1995-Apr-02 00:00:00.0000,  4.944963904657730E+09,  4.878849836180490E+09, -2.716249671726706E+08,
2449810.500000000, A.D. 1995-Apr-03 00:00:00.0000,  4.944703032154693E+09,  4.879113036695453E+09, -2.716925591568449E+08,
2449811.500000000, A.D. 1995-Apr-04 00:00:00.0000,  4.944442145570561E+09,  4.879376224439947E+09, -2.717601503424380E+08,
2449812.500000000, A.D. 1995-Apr-05 00:00:00.0000,  4.944181244895525E+09,  4.879639399412653E+09, -2.718277407288518E+08,
2449813.500000000, A.D. 1995-Apr-06 00:00:00.0000,  4.943920330119789E+09,  4.879902561611760E+09, -2.718953303155224E+08,
2449814.500000000, A.D. 1995-Apr-07 00:00:00.0000,  4.943659401233603E+09,  4.880165711034931E+09, -2.719629191019223E+08,
2449815.500000000, A.D. 1995-Apr-08 00:00:00.0000,  4.943398458227315E+09,  4.880428847679276E+09, -2.720305070875690E+08,
2449816.500000000, A.D. 1995-Apr-09 00:00:00.0000,  4.943137501091426E+09,  4.880691971541327E+09, -2.720980942720323E+08,
2449817.500000000, A.D. 1995-Apr-10 00:00:00.0000,  4.942876529816656E+09,  4.880955082617006E+09, -2.721656806549404E+08,
2449818.500000000, A.D. 1995-Apr-11 00:00:00.0000,  4.942615544394026E+09,  4.881218180901631E+09, -2.722332662359915E+08,
2449819.500000000, A.D. 1995-Apr-12 00:00:00.0000,  4.942354544814945E+09,  4.881481266389894E+09, -2.723008510149581E+08,
2449820.500000000, A.D. 1995-Apr-13 00:00:00.0000,  4.942093531071314E+09,  4.881744339075884E+09, -2.723684349916987E+08,
2449821.500000000, A.D. 1995-Apr-14 00:00:00.0000,  4.941832503155629E+09,  4.882007398953124E+09, -2.724360181661632E+08,
2449822.500000000, A.D. 1995-Apr-15 00:00:00.0000,  4.941571461061103E+09,  4.882270446014620E+09, -2.725036005383973E+08,
2449823.500000000, A.D. 1995-Apr-16 00:00:00.0000,  4.941310404781771E+09,  4.882533480252953E+09, -2.725711821085482E+08,
2449824.500000000, A.D. 1995-Apr-17 00:00:00.0000,  4.941049334312594E+09,  4.882796501660397E+09, -2.726387628768630E+08,
2449825.500000000, A.D. 1995-Apr-18 00:00:00.0000,  4.940788249649549E+09,  4.883059510229065E+09, -2.727063428436840E+08,
2449826.500000000, A.D. 1995-Apr-19 00:00:00.0000,  4.940527150789675E+09,  4.883322505951089E+09, -2.727739220094416E+08,
2449827.500000000, A.D. 1995-Apr-20 00:00:00.0000,  4.940266037731105E+09,  4.883585488818810E+09, -2.728415003746367E+08,
2449828.500000000, A.D. 1995-Apr-21 00:00:00.0000,  4.940004910473019E+09,  4.883848458824996E+09, -2.729090779398217E+08,
2449829.500000000, A.D. 1995-Apr-22 00:00:00.0000,  4.939743769015581E+09,  4.884111415963050E+09, -2.729766547055788E+08,
2449830.500000000, A.D. 1995-Apr-23 00:00:00.0000,  4.939482613359793E+09,  4.884374360227187E+09, -2.730442306724877E+08,
2449831.500000000, A.D. 1995-Apr-24 00:00:00.0000,  4.939221443507314E+09,  4.884637291612604E+09, -2.731118058411014E+08,
2449832.500000000, A.D. 1995-Apr-25 00:00:00.0000,  4.938960259460250E+09,  4.884900210115566E+09, -2.731793802119131E+08,
2449833.500000000, A.D. 1995-Apr-26 00:00:00.0000,  4.938699061220910E+09,  4.885163115733470E+09, -2.732469537853339E+08,
2449834.500000000, A.D. 1995-Apr-27 00:00:00.0000,  4.938437848791572E+09,  4.885426008464819E+09, -2.733145265616710E+08,
2449835.500000000, A.D. 1995-Apr-28 00:00:00.0000,  4.938176622174256E+09,  4.885688888309155E+09, -2.733820985411117E+08,
2449836.500000000, A.D. 1995-Apr-29 00:00:00.0000,  4.937915381370534E+09,  4.885951755266948E+09, -2.734496697237194E+08,
2449837.500000000, A.D. 1995-Apr-30 00:00:00.0000,  4.937654126381378E+09,  4.886214609339420E+09, -2.735172401094275E+08,
2449838.500000000, A.D. 1995-May-01 00:00:00.0000,  4.937392857207059E+09,  4.886477450528393E+09, -2.735848096980472E+08,
2449839.500000000, A.D. 1995-May-02 00:00:00.0000,  4.937131573847081E+09,  4.886740278836090E+09, -2.736523784892771E+08,
2449840.500000000, A.D. 1995-May-03 00:00:00.0000,  4.936870276300181E+09,  4.887003094264975E+09, -2.737199464827158E+08,
2449841.500000000, A.D. 1995-May-04 00:00:00.0000,  4.936608964564339E+09,  4.887265896817581E+09, -2.737875136778750E+08,
2449842.500000000, A.D. 1995-May-05 00:00:00.0000,  4.936347638636830E+09,  4.887528686496383E+09, -2.738550800742006E+08,
2449843.500000000, A.D. 1995-May-06 00:00:00.0000,  4.936086298514294E+09,  4.887791463303679E+09, -2.739226456710806E+08,
2449844.500000000, A.D. 1995-May-07 00:00:00.0000,  4.935824944192814E+09,  4.888054227241509E+09, -2.739902104678674E+08,
2449845.500000000, A.D. 1995-May-08 00:00:00.0000,  4.935563575667999E+09,  4.888316978311584E+09, -2.740577744638844E+08,
2449846.500000000, A.D. 1995-May-09 00:00:00.0000,  4.935302192935073E+09,  4.888579716515249E+09, -2.741253376584406E+08,
2449847.500000000, A.D. 1995-May-10 00:00:00.0000,  4.935040795988949E+09,  4.888842441853454E+09, -2.741929000508416E+08,
2449848.500000000, A.D. 1995-May-11 00:00:00.0000,  4.934779384824305E+09,  4.889105154326740E+09, -2.742604616403937E+08,
2449849.500000000, A.D. 1995-May-12 00:00:00.0000,  4.934517959435658E+09,  4.889367853935251E+09, -2.743280224264135E+08,
2449850.500000000, A.D. 1995-May-13 00:00:00.0000,  4.934256519817412E+09,  4.889630540678730E+09, -2.743955824082294E+08,
2449851.500000000, A.D. 1995-May-14 00:00:00.0000,  4.933995065963923E+09,  4.889893214556537E+09, -2.744631415851903E+08,
2449852.500000000, A.D. 1995-May-15 00:00:00.0000,  4.933733597869526E+09,  4.890155875567671E+09, -2.745306999566615E+08,
2449853.500000000, A.D. 1995-May-16 00:00:00.0000,  4.933472115528590E+09,  4.890418523710791E+09, -2.745982575220335E+08,
2449854.500000000, A.D. 1995-May-17 00:00:00.0000,  4.933210618935534E+09,  4.890681158984233E+09, -2.746658142807183E+08,
2449855.500000000, A.D. 1995-May-18 00:00:00.0000,  4.932949108084859E+09,  4.890943781386043E+09, -2.747333702321510E+08,
2449856.500000000, A.D. 1995-May-19 00:00:00.0000,  4.932687582971176E+09,  4.891206390913989E+09, -2.748009253757918E+08,
2449857.500000000, A.D. 1995-May-20 00:00:00.0000,  4.932426043589205E+09,  4.891468987565596E+09, -2.748684797111251E+08,
2449858.500000000, A.D. 1995-May-21 00:00:00.0000,  4.932164489933802E+09,  4.891731571338153E+09, -2.749360332376564E+08,
2449859.500000000, A.D. 1995-May-22 00:00:00.0000,  4.931902921999967E+09,  4.891994142228750E+09, -2.750035859549167E+08,
2449860.500000000, A.D. 1995-May-23 00:00:00.0000,  4.931641339782847E+09,  4.892256700234283E+09, -2.750711378624566E+08,
2449861.500000000, A.D. 1995-May-24 00:00:00.0000,  4.931379743277745E+09,  4.892519245351481E+09, -2.751386889598501E+08,
2449862.500000000, A.D. 1995-May-25 00:00:00.0000,  4.931118132480126E+09,  4.892781777576920E+09, -2.752062392466900E+08,
2449863.500000000, A.D. 1995-May-26 00:00:00.0000,  4.930856507385613E+09,  4.893044296907036E+09, -2.752737887225904E+08,
2449864.500000000, A.D. 1995-May-27 00:00:00.0000,  4.930594867989994E+09,  4.893306803338149E+09, -2.753413373871832E+08,
2449865.500000000, A.D. 1995-May-28 00:00:00.0000,  4.930333214289221E+09,  4.893569296866466E+09, -2.754088852401195E+08,
2449866.500000000, A.D. 1995-May-29 00:00:00.0000,  4.930071546279406E+09,  4.893831777488099E+09, -2.754764322810657E+08,
2449867.500000000, A.D. 1995-May-30 00:00:00.0000,  4.929809863956827E+09,  4.894094245199076E+09, -2.755439785097063E+08,
2449868.500000000, A.D. 1995-May-31 00:00:00.0000,  4.929548167317920E+09,  4.894356699995351E+09, -2.756115239257402E+08,
2449869.500000000, A.D. 1995-Jun-01 00:00:00.0000,  4.929286456359276E+09,  4.894619141872816E+09, -2.756790685288813E+08,
2449870.500000000, A.D. 1995-Jun-02 00:00:00.0000,  4.929024731077643E+09,  4.894881570827310E+09, -2.757466123188579E+08,
2449871.500000000, A.D. 1995-Jun-03 00:00:00.0000,  4.928762991469922E+09,  4.895143986854623E+09, -2.758141552954116E+08,
2449872.500000000, A.D. 1995-Jun-04 00:00:00.0000,  4.928501237533158E+09,  4.895406389950509E+09, -2.758816974582946E+08,
2449873.500000000, A.D. 1995-Jun-05 00:00:00.0000,  4.928239469264545E+09,  4.895668780110694E+09, -2.759492388072743E+08,
2449874.500000000, A.D. 1995-Jun-06 00:00:00.0000,  4.927977686661412E+09,  4.895931157330876E+09, -2.760167793421268E+08,
2449875.500000000, A.D. 1995-Jun-07 00:00:00.0000,  4.927715889721227E+09,  4.896193521606737E+09, -2.760843190626397E+08,
2449876.500000000, A.D. 1995-Jun-08 00:00:00.0000,  4.927454078441585E+09,  4.896455872933949E+09, -2.761518579686100E+08,
2449877.500000000, A.D. 1995-Jun-09 00:00:00.0000,  4.927192252820213E+09,  4.896718211308172E+09, -2.762193960598452E+08,
2449878.500000000, A.D. 1995-Jun-10 00:00:00.0000,  4.926930412854953E+09,  4.896980536725068E+09, -2.762869333361614E+08,
2449879.500000000, A.D. 1995-Jun-11 00:00:00.0000,  4.926668558543766E+09,  4.897242849180293E+09, -2.763544697973814E+08,
2449880.500000000, A.D. 1995-Jun-12 00:00:00.0000,  4.926406689884720E+09,  4.897505148669513E+09, -2.764220054433377E+08,
2449881.500000000, A.D. 1995-Jun-13 00:00:00.0000,  4.926144806875991E+09,  4.897767435188394E+09, -2.764895402738705E+08,
2449882.500000000, A.D. 1995-Jun-14 00:00:00.0000,  4.925882909515849E+09,  4.898029708732611E+09, -2.765570742888258E+08,
2449883.500000000, A.D. 1995-Jun-15 00:00:00.0000,  4.925620997802657E+09,  4.898291969297849E+09, -2.766246074880569E+08,
2449884.500000000, A.D. 1995-Jun-16 00:00:00.0000,  4.925359071734863E+09,  4.898554216879800E+09, -2.766921398714235E+08,
2449885.500000000, A.D. 1995-Jun-17 00:00:00.0000,  4.925097131310995E+09,  4.898816451474162E+09, -2.767596714387913E+08,
2449886.500000000, A.D. 1995-Jun-18 00:00:00.0000,  4.924835176529652E+09,  4.899078673076641E+09, -2.768272021900322E+08,
2449887.500000000, A.D. 1995-Jun-19 00:00:00.0000,  4.924573207389498E+09,  4.899340881682942E+09, -2.768947321250248E+08,
2449888.500000000, A.D. 1995-Jun-20 00:00:00.0000,  4.924311223889258E+09,  4.899603077288772E+09, -2.769622612436516E+08,
2449889.500000000, A.D. 1995-Jun-21 00:00:00.0000,  4.924049226027707E+09,  4.899865259889829E+09, -2.770297895458038E+08,
2449890.500000000, A.D. 1995-Jun-22 00:00:00.0000,  4.923787213803665E+09,  4.900127429481795E+09, -2.770973170313766E+08,
2449891.500000000, A.D. 1995-Jun-23 00:00:00.0000,  4.923525187215996E+09,  4.900389586060335E+09, -2.771648437002728E+08,
2449892.500000000, A.D. 1995-Jun-24 00:00:00.0000,  4.923263146263597E+09,  4.900651729621075E+09, -2.772323695524037E+08,
2449893.500000000, A.D. 1995-Jun-25 00:00:00.0000,  4.923001090945396E+09,  4.900913860159600E+09, -2.772998945876880E+08,
2449894.500000000, A.D. 1995-Jun-26 00:00:00.0000,  4.922739021260349E+09,  4.901175977671433E+09, -2.773674188060534E+08,
2449895.500000000, A.D. 1995-Jun-27 00:00:00.0000,  4.922476937207439E+09,  4.901438082152027E+09, -2.774349422074406E+08,
2449896.500000000, A.D. 1995-Jun-28 00:00:00.0000,  4.922214838785677E+09,  4.901700173596733E+09, -2.775024647918012E+08,
2449897.500000000, A.D. 1995-Jun-29 00:00:00.0000,  4.921952725994102E+09,  4.901962252000792E+09, -2.775699865591030E+08,
2449898.500000000, A.D. 1995-Jun-30 00:00:00.0000,  4.921690598831792E+09,  4.902224317359303E+09, -2.776375075093319E+08,
2449899.500000000, A.D. 1995-Jul-01 00:00:00.0000,  4.921428457297877E+09,  4.902486369667201E+09, -2.777050276424942E+08,
2449900.500000000, A.D. 1995-Jul-02 00:00:00.0000,  4.921166301391550E+09,  4.902748408919233E+09, -2.777725469586239E+08,
2449901.500000000, A.D. 1995-Jul-03 00:00:00.0000,  4.920904131112092E+09,  4.903010435109921E+09, -2.778400654577832E+08,
2449902.500000000, A.D. 1995-Jul-04 00:00:00.0000,  4.920641946458905E+09,  4.903272448233541E+09, -2.779075831400704E+08,
2449903.500000000, A.D. 1995-Jul-05 00:00:00.0000,  4.920379747431546E+09,  4.903534448284090E+09, -2.779751000056250E+08,
2449904.500000000, A.D. 1995-Jul-06 00:00:00.0000,  4.920117534029785E+09,  4.903796435255263E+09, -2.780426160546365E+08,
2449905.500000000, A.D. 1995-Jul-07 00:00:00.0000,  4.919855306253650E+09,  4.904058409140435E+09, -2.781101312873497E+08,
2449906.500000000, A.D. 1995-Jul-08 00:00:00.0000,  4.919593064103514E+09,  4.904320369932643E+09, -2.781776457040722E+08,
2449907.500000000, A.D. 1995-Jul-09 00:00:00.0000,  4.919330807580168E+09,  4.904582317624587E+09, -2.782451593051841E+08,
2449908.500000000, A.D. 1995-Jul-10 00:00:00.0000,  4.919068536684917E+09,  4.904844252208646E+09, -2.783126720911441E+08,
2449909.500000000, A.D. 1995-Jul-11 00:00:00.0000,  4.918806251419681E+09,  4.905106173676913E+09, -2.783801840624971E+08,
2449910.500000000, A.D. 1995-Jul-12 00:00:00.0000,  4.918543951787100E+09,  4.905368082021254E+09, -2.784476952198792E+08,
2449911.500000000, A.D. 1995-Jul-13 00:00:00.0000,  4.918281637790635E+09,  4.905629977233389E+09, -2.785152055640194E+08,
2449912.500000000, A.D. 1995-Jul-14 00:00:00.0000,  4.918019309434668E+09,  4.905891859305017E+09, -2.785827150957401E+08,
2449913.500000000, A.D. 1995-Jul-15 00:00:00.0000,  4.917756966724574E+09,  4.906153728227966E+09, -2.786502238159511E+08,
2449914.500000000, A.D. 1995-Jul-16 00:00:00.0000,  4.917494609666771E+09,  4.906415583994357E+09, -2.787177317256393E+08,
2449915.500000000, A.D. 1995-Jul-17 00:00:00.0000,  4.917232238268723E+09,  4.906677426596819E+09, -2.787852388258572E+08,
2449916.500000000, A.D. 1995-Jul-18 00:00:00.0000,  4.916969852538907E+09,  4.906939256028681E+09, -2.788527451176960E+08,
2449917.500000000, A.D. 1995-Jul-19 00:00:00.0000,  4.916707452486722E+09,  4.907201072284190E+09, -2.789202506022666E+08,
2449918.500000000, A.D. 1995-Jul-20 00:00:00.0000,  4.916445038122336E+09,  4.907462875358688E+09, -2.789877552806683E+08,
2449919.500000000, A.D. 1995-Jul-21 00:00:00.0000,  4.916182609456514E+09,  4.907724665248765E+09, -2.790552591539593E+08,
2449920.500000000, A.D. 1995-Jul-22 00:00:00.0000,  4.915920166500371E+09,  4.907986441952361E+09, -2.791227622231309E+08,
2449921.500000000, A.D. 1995-Jul-23 00:00:00.0000,  4.915657709265140E+09,  4.908248205468805E+09, -2.791902644890764E+08,
2449922.500000000, A.D. 1995-Jul-24 00:00:00.0000,  4.915395237761926E+09,  4.908509955798801E+09, -2.792577659525743E+08,
2449923.500000000, A.D. 1995-Jul-25 00:00:00.0000,  4.915132752001470E+09,  4.908771692944350E+09, -2.793252666142728E+08,
2449924.500000000, A.D. 1995-Jul-26 00:00:00.0000,  4.914870251993950E+09,  4.909033416908623E+09, -2.793927664746799E+08,
2449925.500000000, A.D. 1995-Jul-27 00:00:00.0000,  4.914607737748832E+09,  4.909295127695807E+09, -2.794602655341649E+08,
2449926.500000000, A.D. 1995-Jul-28 00:00:00.0000,  4.914345209274749E+09,  4.909556825310923E+09, -2.795277637929602E+08,
2449927.500000000, A.D. 1995-Jul-29 00:00:00.0000,  4.914082666579451E+09,  4.909818509759641E+09, -2.795952612511723E+08,
2449928.500000000, A.D. 1995-Jul-30 00:00:00.0000,  4.913820109669773E+09,  4.910080181048099E+09, -2.796627579087944E+08,
2449929.500000000, A.D. 1995-Jul-31 00:00:00.0000,  4.913557538551657E+09,  4.910341839182748E+09, -2.797302537657201E+08,
2449930.500000000, A.D. 1995-Aug-01 00:00:00.0000,  4.913294953230193E+09,  4.910603484170204E+09, -2.797977488217614E+08,
2449931.500000000, A.D. 1995-Aug-02 00:00:00.0000,  4.913032353709680E+09,  4.910865116017136E+09, -2.798652430766613E+08,
2449932.500000000, A.D. 1995-Aug-03 00:00:00.0000,  4.912769739993702E+09,  4.911126734730171E+09, -2.799327365301089E+08,
2449933.500000000, A.D. 1995-Aug-04 00:00:00.0000,  4.912507112085202E+09,  4.911388340315829E+09, -2.800002291817513E+08,
2449934.500000000, A.D. 1995-Aug-05 00:00:00.0000,  4.912244469986564E+09,  4.911649932780474E+09, -2.800677210312068E+08,
2449935.500000000, A.D. 1995-Aug-06 00:00:00.0000,  4.911981813699680E+09,  4.911911512130280E+09, -2.801352120780721E+08,
2449936.500000000, A.D. 1995-Aug-07 00:00:00.0000,  4.911719143226027E+09,  4.912173078371223E+09, -2.802027023219311E+08,
2449937.500000000, A.D. 1995-Aug-08 00:00:00.0000,  4.911456458566724E+09,  4.912434631509065E+09, -2.802701917623594E+08,
2449938.500000000, A.D. 1995-Aug-09 00:00:00.0000,  4.911193759722581E+09,  4.912696171549367E+09, -2.803376803989308E+08,
2449939.500000000, A.D. 1995-Aug-10 00:00:00.0000,  4.910931046694156E+09,  4.912957698497490E+09, -2.804051682312193E+08,
2449940.500000000, A.D. 1995-Aug-11 00:00:00.0000,  4.910668319481780E+09,  4.913219212358610E+09, -2.804726552588015E+08,
2449941.500000000, A.D. 1995-Aug-12 00:00:00.0000,  4.910405578085599E+09,  4.913480713137736E+09, -2.805401414812613E+08,
2449942.500000000, A.D. 1995-Aug-13 00:00:00.0000,  4.910142822505593E+09,  4.913742200839722E+09, -2.806076268981841E+08,
2449943.500000000, A.D. 1995-Aug-14 00:00:00.0000,  4.909880052741603E+09,  4.914003675469282E+09, -2.806751115091646E+08,
2449944.500000000, A.D. 1995-Aug-15 00:00:00.0000,  4.909617268793340E+09,  4.914265137031013E+09, -2.807425953138030E+08,
2449945.500000000, A.D. 1995-Aug-16 00:00:00.0000,  4.909354470660402E+09,  4.914526585529408E+09, -2.808100783117049E+08,
2449946.500000000, A.D. 1995-Aug-17 00:00:00.0000,  4.909091658342281E+09,  4.914788020968859E+09, -2.808775605024800E+08,
2449947.500000000, A.D. 1995-Aug-18 00:00:00.0000,  4.908828831838368E+09,  4.915049443353692E+09, -2.809450418857453E+08,
2449948.500000000, A.D. 1995-Aug-19 00:00:00.0000,  4.908565991147963E+09,  4.915310852688160E+09, -2.810125224611197E+08,
2449949.500000000, A.D. 1995-Aug-20 00:00:00.0000,  4.908303136270267E+09,  4.915572248976460E+09, -2.810800022282259E+08,
2449950.500000000, A.D. 1995-Aug-21 00:00:00.0000,  4.908040267204391E+09,  4.915833632222748E+09, -2.811474811866879E+08,
2449951.500000000, A.D. 1995-Aug-22 00:00:00.0000,  4.907777383949354E+09,  4.916095002431135E+09, -2.812149593361330E+08,
2449952.500000000, A.D. 1995-Aug-23 00:00:00.0000,  4.907514486504074E+09,  4.916356359605704E+09, -2.812824366761866E+08,
2449953.500000000, A.D. 1995-Aug-24 00:00:00.0000,  4.907251574867382E+09,  4.916617703750511E+09, -2.813499132064748E+08,
2449954.500000000, A.D. 1995-Aug-25 00:00:00.0000,  4.906988649038001E+09,  4.916879034869593E+09, -2.814173889266219E+08,
2449955.500000000, A.D. 1995-Aug-26 00:00:00.0000,  4.906725709014552E+09,  4.917140352966963E+09, -2.814848638362501E+08,
2449956.500000000, A.D. 1995-Aug-27 00:00:00.0000,  4.906462754795551E+09,  4.917401658046623E+09, -2.815523379349792E+08,
2449957.500000000, A.D. 1995-Aug-28 00:00:00.0000,  4.906199786379405E+09,  4.917662950112561E+09, -2.816198112224250E+08,
2449958.500000000, A.D. 1995-Aug-29 00:00:00.0000,  4.905936803764400E+09,  4.917924229168753E+09, -2.816872836981986E+08,
2449959.500000000, A.D. 1995-Aug-30 00:00:00.0000,  4.905673806948709E+09,  4.918185495219156E+09, -2.817547553619058E+08,
2449960.500000000, A.D. 1995-Aug-31 00:00:00.0000,  4.905410795930382E+09,  4.918446748267722E+09, -2.818222262131476E+08,
2449961.500000000, A.D. 1995-Sep-01 00:00:00.0000,  4.905147770707335E+09,  4.918707988318383E+09, -2.818896962515185E+08,
2449962.500000000, A.D. 1995-Sep-02 00:00:00.0000,  4.904884731277357E+09,  4.918969215375057E+09, -2.819571654766057E+08,
2449963.500000000, A.D. 1995-Sep-03 00:00:00.0000,  4.904621677638101E+09,  4.919230429441645E+09, -2.820246338879907E+08,
2449964.500000000, A.D. 1995-Sep-04 00:00:00.0000,  4.904358609787077E+09,  4.919491630522019E+09, -2.820921014852450E+08,
2449965.500000000, A.D. 1995-Sep-05 00:00:00.0000,  4.904095527721650E+09,  4.919752818620034E+09, -2.821595682679341E+08,
2449966.500000000, A.D. 1995-Sep-06 00:00:00.0000,  4.903832431439036E+09,  4.920013993739510E+09, -2.822270342356136E+08,
2449967.500000000, A.D. 1995-Sep-07 00:00:00.0000,  4.903569320936298E+09,  4.920275155884235E+09, -2.822944993878319E+08,
2449968.500000000, A.D. 1995-Sep-08 00:00:00.0000,  4.903306196210339E+09,  4.920536305057957E+09, -2.823619637241268E+08,
2449969.500000000, A.D. 1995-Sep-09 00:00:00.0000,  4.903043057257902E+09,  4.920797441264374E+09, -2.824294272440271E+08,
2449970.500000000, A.D. 1995-Sep-10 00:00:00.0000,  4.902779904075561E+09,  4.921058564507137E+09, -2.824968899470539E+08,
2449971.500000000, A.D. 1995-Sep-11 00:00:00.0000,  4.902516736659719E+09,  4.921319674789837E+09, -2.825643518327162E+08,
2449972.500000000, A.D. 1995-Sep-12 00:00:00.0000,  4.902253555006608E+09,  4.921580772115993E+09, -2.826318129005165E+08,
2449973.500000000, A.D. 1995-Sep-13 00:00:00.0000,  4.901990359112274E+09,  4.921841856489048E+09, -2.826992731499448E+08,
2449974.500000000, A.D. 1995-Sep-14 00:00:00.0000,  4.901727148972590E+09,  4.922102927912361E+09, -2.827667325804839E+08,
2449975.500000000, A.D. 1995-Sep-15 00:00:00.0000,  4.901463924583236E+09,  4.922363986389191E+09, -2.828341911916070E+08,
2449976.500000000, A.D. 1995-Sep-16 00:00:00.0000,  4.901200685939703E+09,  4.922625031922688E+09, -2.829016489827783E+08,
2449977.500000000, A.D. 1995-Sep-17 00:00:00.0000,  4.900937433037293E+09,  4.922886064515879E+09, -2.829691059534531E+08,
2449978.500000000, A.D. 1995-Sep-18 00:00:00.0000,  4.900674165871110E+09,  4.923147084171652E+09, -2.830365621030805E+08,
2449979.500000000, A.D. 1995-Sep-19 00:00:00.0000,  4.900410884436064E+09,  4.923408090892748E+09, -2.831040174311023E+08,
2449980.500000000, A.D. 1995-Sep-20 00:00:00.0000,  4.900147588726865E+09,  4.923669084681727E+09, -2.831714719369538E+08,
2449981.500000000, A.D. 1995-Sep-21 00:00:00.0000,  4.899884278738029E+09,  4.923930065540970E+09, -2.832389256200674E+08,
2449982.500000000, A.D. 1995-Sep-22 00:00:00.0000,  4.899620954463874E+09,  4.924191033472635E+09, -2.833063784798706E+08,
2449983.500000000, A.D. 1995-Sep-23 00:00:00.0000,  4.899357615898531E+09,  4.924451988478655E+09, -2.833738305157905E+08,
2449984.500000000, A.D. 1995-Sep-24 00:00:00.0000,  4.899094263035937E+09,  4.924712930560695E+09, -2.834412817272568E+08,
2449985.500000000, A.D. 1995-Sep-25 00:00:00.0000,  4.898830895869864E+09,  4.924973859720136E+09, -2.835087321137025E+08,
2449986.500000000, A.D. 1995-Sep-26 00:00:00.0000,  4.898567514393909E+09,  4.925234775958040E+09, -2.835761816745670E+08,
2449987.500000000, A.D. 1995-Sep-27 00:00:00.0000,  4.898304118601529E+09,  4.925495679275118E+09, -2.836436304093025E+08,
2449988.500000000, A.D. 1995-Sep-28 00:00:00.0000,  4.898040708486055E+09,  4.925756569671698E+09, -2.837110783173745E+08,
2449989.500000000, A.D. 1995-Sep-29 00:00:00.0000,  4.897777284040724E+09,  4.926017447147693E+09, -2.837785253982732E+08,
2449990.500000000, A.D. 1995-Sep-30 00:00:00.0000,  4.897513845258711E+09,  4.926278311702562E+09, -2.838459716515133E+08,
2449991.500000000, A.D. 1995-Oct-01 00:00:00.0000,  4.897250392133185E+09,  4.926539163335277E+09, -2.839134170766411E+08,
2449992.500000000, A.D. 1995-Oct-02 00:00:00.0000,  4.896986924657355E+09,  4.926800002044296E+09, -2.839808616732471E+08,
2449993.500000000, A.D. 1995-Oct-03 00:00:00.0000,  4.896723442824542E+09,  4.927060827827538E+09, -2.840483054409683E+08,
2449994.500000000, A.D. 1995-Oct-04 00:00:00.0000,  4.896459946628257E+09,  4.927321640682360E+09, -2.841157483794999E+08,
2449995.500000000, A.D. 1995-Oct-05 00:00:00.0000,  4.896196436062287E+09,  4.927582440605556E+09, -2.841831904886007E+08,
2449996.500000000, A.D. 1995-Oct-06 00:00:00.0000,  4.895932911120805E+09,  4.927843227593373E+09, -2.842506317681053E+08,
2449997.500000000, A.D. 1995-Oct-07 00:00:00.0000,  4.895669371798466E+09,  4.928104001641533E+09, -2.843180722179265E+08,
2449998.500000000, A.D. 1995-Oct-08 00:00:00.0000,  4.895405818090531E+09,  4.928364762745289E+09, -2.843855118380649E+08,
2449999.500000000, A.D. 1995-Oct-09 00:00:00.0000,  4.895142249992970E+09,  4.928625510899520E+09, -2.844529506286089E+08,
2450000.500000000, A.D. 1995-Oct-10 00:00:00.0000,  4.894878667502568E+09,  4.928886246098836E+09, -2.845203885897372E+08,
2450001.500000000, A.D. 1995-Oct-11 00:00:00.0000,  4.894615070617010E+09,  4.929146968337727E+09, -2.845878257217104E+08,
2450002.500000000, A.D. 1995-Oct-12 00:00:00.0000,  4.894351459334927E+09,  4.929407677610736E+09, -2.846552620248659E+08,
2450003.500000000, A.D. 1995-Oct-13 00:00:00.0000,  4.894087833655919E+09,  4.929668373912663E+09, -2.847226974996006E+08,
2450004.500000000, A.D. 1995-Oct-14 00:00:00.0000,  4.893824193580521E+09,  4.929929057238759E+09, -2.847901321463509E+08,
2450005.500000000, A.D. 1995-Oct-15 00:00:00.0000,  4.893560539110115E+09,  4.930189727584934E+09, -2.848575659655674E+08,
2450006.500000000, A.D. 1995-Oct-16 00:00:00.0000,  4.893296870246795E+09,  4.930450384947942E+09, -2.849249989576890E+08,
2450007.500000000, A.D. 1995-Oct-17 00:00:00.0000,  4.893033186993186E+09,  4.930711029325523E+09, -2.849924311231148E+08,
2450008.500000000, A.D. 1995-Oct-18 00:00:00.0000,  4.892769489352221E+09,  4.930971660716509E+09, -2.850598624621718E+08,
2450009.500000000, A.D. 1995-Oct-19 00:00:00.0000,  4.892505777326904E+09,  4.931232279120850E+09, -2.851272929750924E+08,
2450010.500000000, A.D. 1995-Oct-20 00:00:00.0000,  4.892242050920082E+09,  4.931492884539606E+09, -2.851947226619952E+08,
2450011.500000000, A.D. 1995-Oct-21 00:00:00.0000,  4.891978310134210E+09,  4.931753476974862E+09, -2.852621515228682E+08,
2450012.500000000, A.D. 1995-Oct-22 00:00:00.0000,  4.891714554971168E+09,  4.932014056429603E+09, -2.853295795575631E+08,
2450013.500000000, A.D. 1995-Oct-23 00:00:00.0000,  4.891450785432115E+09,  4.932274622907556E+09, -2.853970067657938E+08,
2450014.500000000, A.D. 1995-Oct-24 00:00:00.0000,  4.891187001517387E+09,  4.932535176413007E+09, -2.854644331471446E+08,
2450015.500000000, A.D. 1995-Oct-25 00:00:00.0000,  4.890923203226451E+09,  4.932795716950621E+09, -2.855318587010753E+08,
2450016.500000000, A.D. 1995-Oct-26 00:00:00.0000,  4.890659390557877E+09,  4.933056244525261E+09, -2.855992834269385E+08,
2450017.500000000, A.D. 1995-Oct-27 00:00:00.0000,  4.890395563509381E+09,  4.933316759141828E+09, -2.856667073239932E+08,
2450018.500000000, A.D. 1995-Oct-28 00:00:00.0000,  4.890131722077869E+09,  4.933577260805122E+09, -2.857341303914220E+08,
2450019.500000000, A.D. 1995-Oct-29 00:00:00.0000,  4.889867866259505E+09,  4.933837749519732E+09, -2.858015526283453E+08,
2450020.500000000, A.D. 1995-Oct-30 00:00:00.0000,  4.889603996049795E+09,  4.934098225289939E+09, -2.858689740338364E+08,
2450021.500000000, A.D. 1995-Oct-31 00:00:00.0000,  4.889340111443677E+09,  4.934358688119658E+09, -2.859363946069343E+08,
2450022.500000000, A.D. 1995-Nov-01 00:00:00.0000,  4.889076212435596E+09,  4.934619138012386E+09, -2.860038143466585E+08,
2450023.500000000, A.D. 1995-Nov-02 00:00:00.0000,  4.888812299019599E+09,  4.934879574971182E+09, -2.860712332520120E+08,
2450024.500000000, A.D. 1995-Nov-03 00:00:00.0000,  4.888548371189399E+09,  4.935139998998645E+09, -2.861386513219955E+08,
2450025.500000000, A.D. 1995-Nov-04 00:00:00.0000,  4.888284428938453E+09,  4.935400410096922E+09, -2.862060685556111E+08,
2450026.500000000, A.D. 1995-Nov-05 00:00:00.0000,  4.888020472260015E+09,  4.935660808267704E+09, -2.862734849518671E+08,
2450027.500000000, A.D. 1995-Nov-06 00:00:00.0000,  4.887756501147195E+09,  4.935921193512246E+09, -2.863409005097828E+08,
2450028.500000000, A.D. 1995-Nov-07 00:00:00.0000,  4.887492515593000E+09,  4.936181565831377E+09, -2.864083152283916E+08,
2450029.500000000, A.D. 1995-Nov-08 00:00:00.0000,  4.887228515590374E+09,  4.936441925225523E+09, -2.864757291067407E+08,
2450030.500000000, A.D. 1995-Nov-09 00:00:00.0000,  4.886964501132235E+09,  4.936702271694726E+09, -2.865431421438951E+08,
2450031.500000000, A.D. 1995-Nov-10 00:00:00.0000,  4.886700472211494E+09,  4.936962605238663E+09, -2.866105543389373E+08,
2450032.500000000, A.D. 1995-Nov-11 00:00:00.0000,  4.886436428821088E+09,  4.937222925856669E+09, -2.866779656909676E+08,
2450033.500000000, A.D. 1995-Nov-12 00:00:00.0000,  4.886172370953986E+09,  4.937483233547758E+09, -2.867453761991043E+08,
2450034.500000000, A.D. 1995-Nov-13 00:00:00.0000,  4.885908298603217E+09,  4.937743528310637E+09, -2.868127858624840E+08,
2450035.500000000, A.D. 1995-Nov-14 00:00:00.0000,  4.885644211761874E+09,  4.938003810143726E+09, -2.868801946802597E+08,
2450036.500000000, A.D. 1995-Nov-15 00:00:00.0000,  4.885380110423129E+09,  4.938264079045181E+09, -2.869476026516030E+08,
2450037.500000000, A.D. 1995-Nov-16 00:00:00.0000,  4.885115994580237E+09,  4.938524335012899E+09, -2.870150097757013E+08,
2450038.500000000, A.D. 1995-Nov-17 00:00:00.0000,  4.884851864226545E+09,  4.938784578044546E+09, -2.870824160517581E+08,
2450039.500000000, A.D. 1995-Nov-18 00:00:00.0000,  4.884587719355498E+09,  4.939044808137559E+09, -2.871498214789932E+08,
2450040.500000000, A.D. 1995-Nov-19 00:00:00.0000,  4.884323559960643E+09,  4.939305025289162E+09, -2.872172260566401E+08,
2450041.500000000, A.D. 1995-Nov-20 00:00:00.0000,  4.884059386035624E+09,  4.939565229496379E+09, -2.872846297839475E+08,
2450042.500000000, A.D. 1995-Nov-21 00:00:00.0000,  4.883795197574199E+09,  4.939825420756047E+09, -2.873520326601779E+08,
2450043.500000000, A.D. 1995-Nov-22 00:00:00.0000,  4.883530994570230E+09,  4.940085599064821E+09, -2.874194346846058E+08,
2450044.500000000, A.D. 1995-Nov-23 00:00:00.0000,  4.883266777017689E+09,  4.940345764419186E+09, -2.874868358565202E+08,
2450045.500000000, A.D. 1995-Nov-24 00:00:00.0000,  4.883002544910657E+09,  4.940605916815458E+09, -2.875542361752203E+08,
2450046.500000000, A.D. 1995-Nov-25 00:00:00.0000,  4.882738298243325E+09,  4.940866056249807E+09, -2.876216356400185E+08,
2450047.500000000, A.D. 1995-Nov-26 00:00:00.0000,  4.882474037009995E+09,  4.941126182718251E+09, -2.876890342502372E+08,
2450048.500000000, A.D. 1995-Nov-27 00:00:00.0000,  4.882209761205074E+09,  4.941386296216663E+09, -2.877564320052121E+08,
2450049.500000000, A.D. 1995-Nov-28 00:00:00.0000,  4.881945470823085E+09,  4.941646396740783E+09, -2.878238289042850E+08,
2450050.500000000, A.D. 1995-Nov-29 00:00:00.0000,  4.881681165858652E+09,  4.941906484286217E+09, -2.878912249468114E+08,
2450051.500000000, A.D. 1995-Nov-30 00:00:00.0000,  4.881416846306515E+09,  4.942166558848450E+09, -2.879586201321564E+08,
2450052.500000000, A.D. 1995-Dec-01 00:00:00.0000,  4.881152512161508E+09,  4.942426620422836E+09, -2.880260144596913E+08,
2450053.500000000, A.D. 1995-Dec-02 00:00:00.0000,  4.880888163418578E+09,  4.942686669004620E+09, -2.880934079288003E+08,
2450054.500000000, A.D. 1995-Dec-03 00:00:00.0000,  4.880623800072773E+09,  4.942946704588925E+09, -2.881608005388741E+08,
2450055.500000000, A.D. 1995-Dec-04 00:00:00.0000,  4.880359422119239E+09,  4.943206727170764E+09, -2.882281922893136E+08,
2450056.500000000, A.D. 1995-Dec-05 00:00:00.0000,  4.880095029553222E+09,  4.943466736745040E+09, -2.882955831795270E+08,
2450057.500000000, A.D. 1995-Dec-06 00:00:00.0000,  4.879830622370066E+09,  4.943726733306545E+09, -2.883629732089317E+08,
2450058.500000000, A.D. 1995-Dec-07 00:00:00.0000,  4.879566200565206E+09,  4.943986716849966E+09, -2.884303623769531E+08,
2450059.500000000, A.D. 1995-Dec-08 00:00:00.0000,  4.879301764134171E+09,  4.944246687369880E+09, -2.884977506830251E+08,
2450060.500000000, A.D. 1995-Dec-09 00:00:00.0000,  4.879037313072577E+09,  4.944506644860752E+09, -2.885651381265883E+08,
2450061.500000000, A.D. 1995-Dec-10 00:00:00.0000,  4.878772847376128E+09,  4.944766589316948E+09, -2.886325247070951E+08,
2450062.500000000, A.D. 1995-Dec-11 00:00:00.0000,  4.878508367040606E+09,  4.945026520732714E+09, -2.886999104240019E+08,
2450063.500000000, A.D. 1995-Dec-12 00:00:00.0000,  4.878243872061882E+09,  4.945286439102180E+09, -2.887672952767782E+08,
2450064.500000000, A.D. 1995-Dec-13 00:00:00.0000,  4.877979362435894E+09,  4.945546344419363E+09, -2.888346792648978E+08,
2450065.500000000, A.D. 1995-Dec-14 00:00:00.0000,  4.877714838158663E+09,  4.945806236678154E+09, -2.889020623878493E+08,
2450066.500000000, A.D. 1995-Dec-15 00:00:00.0000,  4.877450299226278E+09,  4.946066115872310E+09, -2.889694446451266E+08,
2450067.500000000, A.D. 1995-Dec-16 00:00:00.0000,  4.877185745634901E+09,  4.946325981995448E+09, -2.890368260362370E+08,
2450068.500000000, A.D. 1995-Dec-17 00:00:00.0000,  4.876921177380761E+09,  4.946585835041039E+09, -2.891042065606987E+08,
2450069.500000000, A.D. 1995-Dec-18 00:00:00.0000,  4.876656594460156E+09,  4.946845675002393E+09, -2.891715862180440E+08,
2450070.500000000, A.D. 1995-Dec-19 00:00:00.0000,  4.876391996869459E+09,  4.947105501872638E+09, -2.892389650078175E+08,
2450071.500000000, A.D. 1995-Dec-20 00:00:00.0000,  4.876127384605108E+09,  4.947365315644720E+09, -2.893063429295831E+08,
2450072.500000000, A.D. 1995-Dec-21 00:00:00.0000,  4.875862757663626E+09,  4.947625116311369E+09, -2.893737199829199E+08,
2450073.500000000, A.D. 1995-Dec-22 00:00:00.0000,  4.875598116041616E+09,  4.947884903865088E+09, -2.894410961674309E+08,
2450074.500000000, A.D. 1995-Dec-23 00:00:00.0000,  4.875333459735780E+09,  4.948144678298132E+09, -2.895084714827425E+08,
2450075.500000000, A.D. 1995-Dec-24 00:00:00.0000,  4.875068788742930E+09,  4.948404439602475E+09, -2.895758459285078E+08,
2450076.500000000, A.D. 1995-Dec-25 00:00:00.0000,  4.874804103060015E+09,  4.948664187769793E+09, -2.896432195044143E+08,
2450077.500000000, A.D. 1995-Dec-26 00:00:00.0000,  4.874539402684135E+09,  4.948923922791428E+09, -2.897105922101853E+08,
2450078.500000000, A.D. 1995-Dec-27 00:00:00.0000,  4.874274687612597E+09,  4.949183644658372E+09, -2.897779640455890E+08,
2450079.500000000, A.D. 1995-Dec-28 00:00:00.0000,  4.874009957842937E+09,  4.949443353361231E+09, -2.898453350104413E+08,
2450080.500000000, A.D. 1995-Dec-29 00:00:00.0000,  4.873745213372985E+09,  4.949703048890203E+09, -2.899127051046150E+08,
2450081.500000000, A.D. 1995-Dec-30 00:00:00.0000,  4.873480454200926E+09,  4.949962731235068E+09, -2.899800743280485E+08,
2450082.500000000, A.D. 1995-Dec-31 00:00:00.0000,  4.873215680325379E+09,  4.950222400385169E+09, -2.900474426807520E+08,
2450083.500000000, A.D. 1996-Jan-01 00:00:00.0000,  4.872950891745482E+09,  4.950482056329417E+09, -2.901148101628158E+08,
2450084.500000000, A.D. 1996-Jan-02 00:00:00.0000,  4.872686088460986E+09,  4.950741699056312E+09, -2.901821767744191E+08,
2450085.500000000, A.D. 1996-Jan-03 00:00:00.0000,  4.872421270472363E+09,  4.951001328553978E+09, -2.902495425158365E+08,
2450086.500000000, A.D. 1996-Jan-04 00:00:00.0000,  4.872156437780917E+09,  4.951260944810227E+09, -2.903169073874426E+08,
2450087.500000000, A.D. 1996-Jan-05 00:00:00.0000,  4.871891590388885E+09,  4.951520547812654E+09, -2.903842713897154E+08,
2450088.500000000, A.D. 1996-Jan-06 00:00:00.0000,  4.871626728299544E+09,  4.951780137548751E+09, -2.904516345232344E+08,
2450089.500000000, A.D. 1996-Jan-07 00:00:00.0000,  4.871361851517275E+09,  4.952039714006072E+09, -2.905189967886786E+08,
2450090.500000000, A.D. 1996-Jan-08 00:00:00.0000,  4.871096960047625E+09,  4.952299277172403E+09, -2.905863581868112E+08,
2450091.500000000, A.D. 1996-Jan-09 00:00:00.0000,  4.870832053897305E+09,  4.952558827035975E+09, -2.906537187184708E+08,
2450092.500000000, A.D. 1996-Jan-10 00:00:00.0000,  4.870567133074160E+09,  4.952818363585661E+09, -2.907210783845437E+08,
2450093.500000000, A.D. 1996-Jan-11 00:00:00.0000,  4.870302197587070E+09,  4.953077886811201E+09, -2.907884371859450E+08,
2450094.500000000, A.D. 1996-Jan-12 00:00:00.0000,  4.870037247445815E+09,  4.953337396703380E+09, -2.908557951235888E+08,
2450095.500000000, A.D. 1996-Jan-13 00:00:00.0000,  4.869772282660876E+09,  4.953596893254173E+09, -2.909231521983564E+08,
2450096.500000000, A.D. 1996-Jan-14 00:00:00.0000,  4.869507303243214E+09,  4.953856376456863E+09, -2.909905084110696E+08,
2450097.500000000, A.D. 1996-Jan-15 00:00:00.0000,  4.869242309204031E+09,  4.954115846306070E+09, -2.910578637624676E+08,
2450098.500000000, A.D. 1996-Jan-16 00:00:00.0000,  4.868977300554520E+09,  4.954375302797735E+09, -2.911252182531807E+08,
2450099.500000000, A.D. 1996-Jan-17 00:00:00.0000,  4.868712277305644E+09,  4.954634745929049E+09, -2.911925718837221E+08,
2450100.500000000, A.D. 1996-Jan-18 00:00:00.0000,  4.868447239467936E+09,  4.954894175698329E+09, -2.912599246544745E+08,
2450101.500000000, A.D. 1996-Jan-19 00:00:00.0000,  4.868182187051354E+09,  4.955153592104862E+09, -2.913272765656974E+08,
2450102.500000000, A.D. 1996-Jan-20 00:00:00.0000,  4.867917120065175E+09,  4.955412995148726E+09, -2.913946276175230E+08,
2450103.500000000, A.D. 1996-Jan-21 00:00:00.0000,  4.867652038517933E+09,  4.955672384830614E+09, -2.914619778099723E+08,
2450104.500000000, A.D. 1996-Jan-22 00:00:00.0000,  4.867386942417401E+09,  4.955931761151662E+09, -2.915293271429658E+08,
2450105.500000000, A.D. 1996-Jan-23 00:00:00.0000,  4.867121831770622E+09,  4.956191124113286E+09, -2.915966756163387E+08,
2450106.500000000, A.D. 1996-Jan-24 00:00:00.0000,  4.866856706583941E+09,  4.956450473717056E+09, -2.916640232298565E+08,
2450107.500000000, A.D. 1996-Jan-25 00:00:00.0000,  4.866591566863077E+09,  4.956709809964580E+09, -2.917313699832304E+08,
2450108.500000000, A.D. 1996-Jan-26 00:00:00.0000,  4.866326412613196E+09,  4.956969132857420E+09, -2.917987158761301E+08,
2450109.500000000, A.D. 1996-Jan-27 00:00:00.0000,  4.866061243838988E+09,  4.957228442397031E+09, -2.918660609081988E+08,
2450110.500000000, A.D. 1996-Jan-28 00:00:00.0000,  4.865796060544747E+09,  4.957487738584724E+09, -2.919334050790629E+08,
2450111.500000000, A.D. 1996-Jan-29 00:00:00.0000,  4.865530862734448E+09,  4.957747021421635E+09, -2.920007483883405E+08,
2450112.500000000, A.D. 1996-Jan-30 00:00:00.0000,  4.865265650411812E+09,  4.958006290908712E+09, -2.920680908356504E+08,
2450113.500000000, A.D. 1996-Jan-31 00:00:00.0000,  4.865000423580365E+09,  4.958265547046728E+09, -2.921354324206164E+08,
2450114.500000000, A.D. 1996-Feb-01 00:00:00.0000,  4.864735182243499E+09,  4.958524789836279E+09, -2.922027731428726E+08,
2450115.500000000, A.D. 1996-Feb-02 00:00:00.0000,  4.864469926404506E+09,  4.958784019277802E+09, -2.922701130020683E+08,
2450116.500000000, A.D. 1996-Feb-03 00:00:00.0000,  4.864204656066628E+09,  4.959043235371589E+09, -2.923374519978662E+08,
2450117.500000000, A.D. 1996-Feb-04 00:00:00.0000,  4.863939371233080E+09,  4.959302438117817E+09, -2.924047901299489E+08,
2450118.500000000, A.D. 1996-Feb-05 00:00:00.0000,  4.863674071907077E+09,  4.959561627516561E+09, -2.924721273980153E+08,
2450119.500000000, A.D. 1996-Feb-06 00:00:00.0000,  4.863408758091850E+09,  4.959820803567818E+09, -2.925394638017857E+08,
2450120.500000000, A.D. 1996-Feb-07 00:00:00.0000,  4.863143429790672E+09,  4.960079966271530E+09, -2.926067993409956E+08,
2450121.500000000, A.D. 1996-Feb-08 00:00:00.0000,  4.862878087006854E+09,  4.960339115627604E+09, -2.926741340154004E+08,
2450122.500000000, A.D. 1996-Feb-09 00:00:00.0000,  4.862612729743763E+09,  4.960598251635931E+09, -2.927414678247736E+08,
2450123.500000000, A.D. 1996-Feb-10 00:00:00.0000,  4.862347358004821E+09,  4.960857374296408E+09, -2.928088007689047E+08,
2450124.500000000, A.D. 1996-Feb-11 00:00:00.0000,  4.862081971793514E+09,  4.961116483608950E+09, -2.928761328475981E+08,
2450125.500000000, A.D. 1996-Feb-12 00:00:00.0000,  4.861816571113380E+09,  4.961375579573507E+09, -2.929434640606751E+08,
2450126.500000000, A.D. 1996-Feb-13 00:00:00.0000,  4.861551155968021E+09,  4.961634662190088E+09, -2.930107944079692E+08,
2450127.500000000, A.D. 1996-Feb-14 00:00:00.0000,  4.861285726361094E+09,  4.961893731458757E+09, -2.930781238893280E+08,
2450128.500000000, A.D. 1996-Feb-15 00:00:00.0000,  4.861020282296304E+09,  4.962152787379661E+09, -2.931454525046089E+08,
2450129.500000000, A.D. 1996-Feb-16 00:00:00.0000,  4.860754823777405E+09,  4.962411829953027E+09, -2.932127802536812E+08,
2450130.500000000, A.D. 1996-Feb-17 00:00:00.0000,  4.860489350808190E+09,  4.962670859179189E+09, -2.932801071364243E+08,
2450131.500000000, A.D. 1996-Feb-18 00:00:00.0000,  4.860223863392491E+09,  4.962929875058574E+09, -2.933474331527236E+08,
2450132.500000000, A.D. 1996-Feb-19 00:00:00.0000,  4.859958361534163E+09,  4.963188877591733E+09, -2.934147583024764E+08,
2450133.500000000, A.D. 1996-Feb-20 00:00:00.0000,  4.859692845237085E+09,  4.963447866779327E+09, -2.934820825855815E+08,
2450134.500000000, A.D. 1996-Feb-21 00:00:00.0000,  4.859427314505145E+09,  4.963706842622150E+09, -2.935494060019474E+08,
2450135.500000000, A.D. 1996-Feb-22 00:00:00.0000,  4.859161769342240E+09,  4.963965805121119E+09, -2.936167285514851E+08,
2450136.500000000, A.D. 1996-Feb-23 00:00:00.0000,  4.858896209752265E+09,  4.964224754277290E+09, -2.936840502341096E+08,
2450137.500000000, A.D. 1996-Feb-24 00:00:00.0000,  4.858630635739099E+09,  4.964483690091854E+09, -2.937513710497401E+08,
2450138.500000000, A.D. 1996-Feb-25 00:00:00.0000,  4.858365047306605E+09,  4.964742612566140E+09, -2.938186909982965E+08,
2450139.500000000, A.D. 1996-Feb-26 00:00:00.0000,  4.858099444458616E+09,  4.965001521701622E+09, -2.938860100797012E+08,
2450140.500000000, A.D. 1996-Feb-27 00:00:00.0000,  4.857833827198931E+09,  4.965260417499914E+09, -2.939533282938771E+08,
2450141.500000000, A.D. 1996-Feb-28 00:00:00.0000,  4.857568195531296E+09,  4.965519299962772E+09, -2.940206456407464E+08,
2450142.500000000, A.D. 1996-Feb-29 00:00:00.0000,  4.857302549459409E+09,  4.965778169092099E+09, -2.940879621202309E+08,
2450143.500000000, A.D. 1996-Mar-01 00:00:00.0000,  4.857036888986897E+09,  4.966037024889934E+09, -2.941552777322516E+08,
2450144.500000000, A.D. 1996-Mar-02 00:00:00.0000,  4.856771214117318E+09,  4.966295867358458E+09, -2.942225924767265E+08,
2450145.500000000, A.D. 1996-Mar-03 00:00:00.0000,  4.856505524854143E+09,  4.966554696499988E+09, -2.942899063535726E+08,
2450146.500000000, A.D. 1996-Mar-04 00:00:00.0000,  4.856239821200752E+09,  4.966813512316976E+09, -2.943572193627021E+08,
2450147.500000000, A.D. 1996-Mar-05 00:00:00.0000,  4.855974103160425E+09,  4.967072314812001E+09, -2.944245315040252E+08,
2450148.500000000, A.D. 1996-Mar-06 00:00:00.0000,  4.855708370736323E+09,  4.967331103987768E+09, -2.944918427774479E+08,
2450149.500000000, A.D. 1996-Mar-07 00:00:00.0000,  4.855442623931491E+09,  4.967589879847097E+09, -2.945591531828721E+08,
2450150.500000000, A.D. 1996-Mar-08 00:00:00.0000,  4.855176862748841E+09,  4.967848642392920E+09, -2.946264627201943E+08,
2450151.500000000, A.D. 1996-Mar-09 00:00:00.0000,  4.854911087191145E+09,  4.968107391628269E+09, -2.946937713893082E+08,
2450152.500000000, A.D. 1996-Mar-10 00:00:00.0000,  4.854645297261025E+09,  4.968366127556271E+09, -2.947610791901031E+08,
2450153.500000000, A.D. 1996-Mar-11 00:00:00.0000,  4.854379492960946E+09,  4.968624850180125E+09, -2.948283861224618E+08,
2450154.500000000, A.D. 1996-Mar-12 00:00:00.0000,  4.854113674293202E+09,  4.968883559503109E+09, -2.948956921862645E+08,
2450155.500000000, A.D. 1996-Mar-13 00:00:00.0000,  4.853847841259917E+09,  4.969142255528545E+09, -2.949629973813872E+08,
2450156.500000000, A.D. 1996-Mar-14 00:00:00.0000,  4.853581993863031E+09,  4.969400938259798E+09, -2.950303017077038E+08,
2450157.500000000, A.D. 1996-Mar-15 00:00:00.0000,  4.853316132104295E+09,  4.969659607700248E+09, -2.950976051650860E+08,
2450158.500000000, A.D. 1996-Mar-16 00:00:00.0000,  4.853050255985270E+09,  4.969918263853271E+09, -2.951649077534025E+08,
2450159.500000000, A.D. 1996-Mar-17 00:00:00.0000,  4.852784365507323E+09,  4.970176906722222E+09, -2.952322094725254E+08,
2450160.500000000, A.D. 1996-Mar-18 00:00:00.0000,  4.852518460671622E+09,  4.970435536310408E+09, -2.952995103223283E+08,
2450161.500000000, A.D. 1996-Mar-19 00:00:00.0000,  4.852252541479149E+09,  4.970694152621050E+09, -2.953668103026888E+08,
2450162.500000000, A.D. 1996-Mar-20 00:00:00.0000,  4.851986607930697E+09,  4.970952755657270E+09, -2.954341094134943E+08,
2450163.500000000, A.D. 1996-Mar-21 00:00:00.0000,  4.851720660026884E+09,  4.971211345422050E+09, -2.955014076546421E+08,
2450164.500000000, A.D. 1996-Mar-22 00:00:00.0000,  4.851454697768172E+09,  4.971469921918196E+09, -2.955687050260470E+08,
2450165.500000000, A.D. 1996-Mar-23 00:00:00.0000,  4.851188721154888E+09,  4.971728485148308E+09, -2.956360015276415E+08,
2450166.500000000, A.D. 1996-Mar-24 00:00:00.0000,  4.850922730187255E+09,  4.971987035114742E+09, -2.957032971593852E+08,
2450167.500000000, A.D. 1996-Mar-25 00:00:00.0000,  4.850656724865432E+09,  4.972245571819583E+09, -2.957705919212718E+08,
2450168.500000000, A.D. 1996-Mar-26 00:00:00.0000,  4.850390705189567E+09,  4.972504095264600E+09, -2.958378858133318E+08,
2450169.500000000, A.D. 1996-Mar-27 00:00:00.0000,  4.850124671159855E+09,  4.972762605451234E+09, -2.959051788356442E+08,
2450170.500000000, A.D. 1996-Mar-28 00:00:00.0000,  4.849858622776611E+09,  4.973021102380570E+09, -2.959724709883411E+08,
2450171.500000000, A.D. 1996-Mar-29 00:00:00.0000,  4.849592560040359E+09,  4.973279586053339E+09, -2.960397622716188E+08,
2450172.500000000, A.D. 1996-Mar-30 00:00:00.0000,  4.849326482951917E+09,  4.973538056469920E+09, -2.961070526857433E+08,
2450173.500000000, A.D. 1996-Mar-31 00:00:00.0000,  4.849060391512516E+09,  4.973796513630380E+09, -2.961743422310576E+08,
2450174.500000000, A.D. 1996-Apr-01 00:00:00.0000,  4.848794285723888E+09,  4.974054957534519E+09, -2.962416309079888E+08,
2450175.500000000, A.D. 1996-Apr-02 00:00:00.0000,  4.848528165588385E+09,  4.974313388181961E+09, -2.963089187170458E+08,
2450176.500000000, A.D. 1996-Apr-03 00:00:00.0000,  4.848262031109066E+09,  4.974571805572268E+09, -2.963762056588230E+08,
2450177.500000000, A.D. 1996-Apr-04 00:00:00.0000,  4.847995882289780E+09,  4.974830209705079E+09, -2.964434917339935E+08,
2450178.500000000, A.D. 1996-Apr-05 00:00:00.0000,  4.847729719135202E+09,  4.975088600580292E+09, -2.965107769432976E+08,
2450179.500000000, A.D. 1996-Apr-06 00:00:00.0000,  4.847463541650851E+09,  4.975346978198252E+09, -2.965780612875307E+08,
2450180.500000000, A.D. 1996-Apr-07 00:00:00.0000,  4.847197349843040E+09,  4.975605342559952E+09, -2.966453447675183E+08,
2450181.500000000, A.D. 1996-Apr-08 00:00:00.0000,  4.846931143718789E+09,  4.975863693667238E+09, -2.967126273840947E+08,
2450182.500000000, A.D. 1996-Apr-09 00:00:00.0000,  4.846664923285671E+09,  4.976122031522982E+09, -2.967799091380715E+08,
2450183.500000000, A.D. 1996-Apr-10 00:00:00.0000,  4.846398688551637E+09,  4.976380356131218E+09, -2.968471900302119E+08,
2450184.500000000, A.D. 1996-Apr-11 00:00:00.0000,  4.846132439524770E+09,  4.976638667497244E+09, -2.969144700611997E+08,
2450185.500000000, A.D. 1996-Apr-12 00:00:00.0000,  4.845866176213061E+09,  4.976896965627641E+09, -2.969817492316141E+08,
2450186.500000000, A.D. 1996-Apr-13 00:00:00.0000,  4.845599898624154E+09,  4.977155250530256E+09, -2.970490275419121E+08,
2450187.500000000, A.D. 1996-Apr-14 00:00:00.0000,  4.845333606765131E+09,  4.977413522214106E+09, -2.971163049924099E+08,
2450188.500000000, A.D. 1996-Apr-15 00:00:00.0000,  4.845067300642311E+09,  4.977671780689250E+09, -2.971835815832813E+08,
2450189.500000000, A.D. 1996-Apr-16 00:00:00.0000,  4.844800980261114E+09,  4.977930025966621E+09, -2.972508573145521E+08,
2450190.500000000, A.D. 1996-Apr-17 00:00:00.0000,  4.844534645625946E+09,  4.978188258057848E+09, -2.973181321861103E+08,
2450191.500000000, A.D. 1996-Apr-18 00:00:00.0000,  4.844268296740154E+09,  4.978446476975053E+09, -2.973854061977122E+08,
2450192.500000000, A.D. 1996-Apr-19 00:00:00.0000,  4.844001933606011E+09,  4.978704682730682E+09, -2.974526793489978E+08,
2450193.500000000, A.D. 1996-Apr-20 00:00:00.0000,  4.843735556224735E+09,  4.978962875337337E+09, -2.975199516395051E+08,
2450194.500000000, A.D. 1996-Apr-21 00:00:00.0000,  4.843469164596546E+09,  4.979221054807628E+09, -2.975872230686867E+08,
2450195.500000000, A.D. 1996-Apr-22 00:00:00.0000,  4.843202758720725E+09,  4.979479221154061E+09, -2.976544936359246E+08,
2450196.500000000, A.D. 1996-Apr-23 00:00:00.0000,  4.842936338595701E+09,  4.979737374388948E+09, -2.977217633405442E+08,
2450197.500000000, A.D. 1996-Apr-24 00:00:00.0000,  4.842669904219129E+09,  4.979995514524324E+09, -2.977890321818285E+08,
2450198.500000000, A.D. 1996-Apr-25 00:00:00.0000,  4.842403455587969E+09,  4.980253641571916E+09, -2.978563001590281E+08,
2450199.500000000, A.D. 1996-Apr-26 00:00:00.0000,  4.842136992698574E+09,  4.980511755543091E+09, -2.979235672713704E+08,
2450200.500000000, A.D. 1996-Apr-27 00:00:00.0000,  4.841870515546757E+09,  4.980769856448856E+09, -2.979908335180697E+08,
2450201.500000000, A.D. 1996-Apr-28 00:00:00.0000,  4.841604024127855E+09,  4.981027944299839E+09, -2.980580988983293E+08,
2450202.500000000, A.D. 1996-Apr-29 00:00:00.0000,  4.841337518436790E+09,  4.981286019106292E+09, -2.981253634113503E+08,
2450203.500000000, A.D. 1996-Apr-30 00:00:00.0000,  4.841070998468117E+09,  4.981544080878103E+09, -2.981926270563333E+08,
2450204.500000000, A.D. 1996-May-01 00:00:00.0000,  4.840804464216070E+09,  4.981802129624798E+09, -2.982598898324816E+08,
2450205.500000000, A.D. 1996-May-02 00:00:00.0000,  4.840537915674599E+09,  4.982060165355560E+09, -2.983271517390013E+08,
2450206.500000000, A.D. 1996-May-03 00:00:00.0000,  4.840271352837393E+09,  4.982318188079243E+09, -2.983944127751062E+08,
2450207.500000000, A.D. 1996-May-04 00:00:00.0000,  4.840004775697914E+09,  4.982576197804381E+09, -2.984616729400153E+08,
2450208.500000000, A.D. 1996-May-05 00:00:00.0000,  4.839738184249416E+09,  4.982834194539212E+09, -2.985289322329533E+08,
2450209.500000000, A.D. 1996-May-06 00:00:00.0000,  4.839471578484962E+09,  4.983092178291685E+09, -2.985961906531537E+08,
2450210.500000000, A.D. 1996-May-07 00:00:00.0000,  4.839204958397431E+09,  4.983350149069471E+09, -2.986634481998539E+08,
2450211.500000000, A.D. 1996-May-08 00:00:00.0000,  4.838938323979545E+09,  4.983608106879983E+09, -2.987307048722994E+08,
2450212.500000000, A.D. 1996-May-09 00:00:00.0000,  4.838671675223863E+09,  4.983866051730382E+09, -2.987979606697388E+08,
2450213.500000000, A.D. 1996-May-10 00:00:00.0000,  4.838405012122794E+09,  4.984123983627585E+09, -2.988652155914292E+08,
2450214.500000000, A.D. 1996-May-11 00:00:00.0000,  4.838138334668612E+09,  4.984381902578279E+09, -2.989324696366284E+08,
2450215.500000000, A.D. 1996-May-12 00:00:00.0000,  4.837871642853438E+09,  4.984639808588923E+09, -2.989997228046017E+08,
2450216.500000000, A.D. 1996-May-13 00:00:00.0000,  4.837604936669275E+09,  4.984897701665756E+09, -2.990669750946138E+08,
2450217.500000000, A.D. 1996-May-14 00:00:00.0000,  4.837338216107980E+09,  4.985155581814808E+09, -2.991342265059350E+08,
2450218.500000000, A.D. 1996-May-15 00:00:00.0000,  4.837071481161290E+09,  4.985413449041896E+09, -2.992014770378373E+08,
2450219.500000000, A.D. 1996-May-16 00:00:00.0000,  4.836804731820812E+09,  4.985671303352632E+09, -2.992687266895921E+08,
2450220.500000000, A.D. 1996-May-17 00:00:00.0000,  4.836537968078028E+09,  4.985929144752425E+09, -2.993359754604752E+08,
2450221.500000000, A.D. 1996-May-18 00:00:00.0000,  4.836271189924293E+09,  4.986186973246489E+09, -2.994032233497610E+08,
2450222.500000000, A.D. 1996-May-19 00:00:00.0000,  4.836004397350844E+09,  4.986444788839830E+09, -2.994704703567247E+08,
2450223.500000000, A.D. 1996-May-20 00:00:00.0000,  4.835737590348795E+09,  4.986702591537265E+09, -2.995377164806404E+08,
2450224.500000000, A.D. 1996-May-21 00:00:00.0000,  4.835470768909134E+09,  4.986960381343412E+09, -2.996049617207835E+08,
2450225.500000000, A.D. 1996-May-22 00:00:00.0000,  4.835203933022734E+09,  4.987218158262689E+09, -2.996722060764267E+08,
2450226.500000000, A.D. 1996-May-23 00:00:00.0000,  4.834937082680344E+09,  4.987475922299319E+09, -2.997394495468440E+08,
2450227.500000000, A.D. 1996-May-24 00:00:00.0000,  4.834670217872595E+09,  4.987733673457325E+09, -2.998066921313045E+08,
2450228.500000000, A.D. 1996-May-25 00:00:00.0000,  4.834403338590001E+09,  4.987991411740527E+09, -2.998739338290787E+08,
2450229.500000000, A.D. 1996-May-26 00:00:00.0000,  4.834136444822951E+09,  4.988249137152552E+09, -2.999411746394351E+08,
2450230.500000000, A.D. 1996-May-27 00:00:00.0000,  4.833869536561723E+09,  4.988506849696812E+09, -3.000084145616386E+08,
2450231.500000000, A.D. 1996-May-28 00:00:00.0000,  4.833602613796470E+09,  4.988764549376516E+09, -3.000756535949535E+08,
2450232.500000000, A.D. 1996-May-29 00:00:00.0000,  4.833335676517229E+09,  4.989022236194664E+09, -3.001428917386415E+08,
2450233.500000000, A.D. 1996-May-30 00:00:00.0000,  4.833068724713921E+09,  4.989279910154041E+09, -3.002101289919634E+08,
2450234.500000000, A.D. 1996-May-31 00:00:00.0000,  4.832801758376344E+09,  4.989537571257213E+09, -3.002773653541760E+08,
2450235.500000000, A.D. 1996-Jun-01 00:00:00.0000,  4.832534777494180E+09,  4.989795219506516E+09, -3.003446008245358E+08,
2450236.500000000, A.D. 1996-Jun-02 00:00:00.0000,  4.832267782056993E+09,  4.990052854904066E+09, -3.004118354022975E+08,
2450237.500000000, A.D. 1996-Jun-03 00:00:00.0000,  4.832000772054228E+09,  4.990310477451737E+09, -3.004790690867145E+08,
2450238.500000000, A.D. 1996-Jun-04 00:00:00.0000,  4.831733747475212E+09,  4.990568087151160E+09, -3.005463018770366E+08,
2450239.500000000, A.D. 1996-Jun-05 00:00:00.0000,  4.831466708309153E+09,  4.990825684003719E+09, -3.006135337725155E+08,
2450240.500000000, A.D. 1996-Jun-06 00:00:00.0000,  4.831199654545142E+09,  4.991083268010532E+09, -3.006807647724018E+08,
2450241.500000000, A.D. 1996-Jun-07 00:00:00.0000,  4.830932586172151E+09,  4.991340839172449E+09, -3.007479948759458E+08,
2450242.500000000, A.D. 1996-Jun-08 00:00:00.0000,  4.830665503179038E+09,  4.991598397490038E+09, -3.008152240823996E+08,
2450243.500000000, A.D. 1996-Jun-09 00:00:00.0000,  4.830398405554544E+09,  4.991855942963568E+09, -3.008824523910167E+08,
2450244.500000000, A.D. 1996-Jun-10 00:00:00.0000,  4.830131293287299E+09,  4.992113475593002E+09, -3.009496798010538E+08,
2450245.500000000, A.D. 1996-Jun-11 00:00:00.0000,  4.829864166365825E+09,  4.992370995377973E+09, -3.010169063117728E+08,
2450246.500000000, A.D. 1996-Jun-12 00:00:00.0000,  4.829597024778538E+09,  4.992628502317771E+09, -3.010841319224412E+08,
2450247.500000000, A.D. 1996-Jun-13 00:00:00.0000,  4.829329868513757E+09,  4.992885996411323E+09, -3.011513566323364E+08,
2450248.500000000, A.D. 1996-Jun-14 00:00:00.0000,  4.829062697559712E+09,  4.993143477657163E+09, -3.012185804407437E+08,
2450249.500000000, A.D. 1996-Jun-15 00:00:00.0000,  4.828795511904560E+09,  4.993400946053417E+09, -3.012858033469648E+08,
2450250.500000000, A.D. 1996-Jun-16 00:00:00.0000,  4.828528311536392E+09,  4.993658401597774E+09, -3.013530253503170E+08,
2450251.500000000, A.D. 1996-Jun-17 00:00:00.0000,  4.828261096443259E+09,  4.993915844287452E+09, -3.014202464501395E+08,
2450252.500000000, A.D. 1996-Jun-18 00:00:00.0000,  4.827993866613200E+09,  4.994173274119175E+09, -3.014874666457961E+08,
2450253.500000000, A.D. 1996-Jun-19 00:00:00.0000,  4.827726622034266E+09,  4.994430691089140E+09, -3.015546859366817E+08,
2450254.500000000, A.D. 1996-Jun-20 00:00:00.0000,  4.827459362694562E+09,  4.994688095192983E+09, -3.016219043222291E+08,
2450255.500000000, A.D. 1996-Jun-21 00:00:00.0000,  4.827192088582305E+09,  4.994945486425750E+09, -3.016891218019133E+08,
2450256.500000000, A.D. 1996-Jun-22 00:00:00.0000,  4.826924799685868E+09,  4.995202864781879E+09, -3.017563383752615E+08,
2450257.500000000, A.D. 1996-Jun-23 00:00:00.0000,  4.826657495993860E+09,  4.995460230255167E+09, -3.018235540418591E+08,
2450258.500000000, A.D. 1996-Jun-24 00:00:00.0000,  4.826390177495206E+09,  4.995717582838763E+09, -3.018907688013587E+08,
2450259.500000000, A.D. 1996-Jun-25 00:00:00.0000,  4.826122844179233E+09,  4.995974922525172E+09, -3.019579826534898E+08,
2450260.500000000, A.D. 1996-Jun-26 00:00:00.0000,  4.825855496035779E+09,  4.996232249306262E+09, -3.020251955980639E+08,
2450261.500000000, A.D. 1996-Jun-27 00:00:00.0000,  4.825588133055303E+09,  4.996489563173309E+09, -3.020924076349847E+08,
2450262.500000000, A.D. 1996-Jun-28 00:00:00.0000,  4.825320755228997E+09,  4.996746864117058E+09, -3.021596187642510E+08,
2450263.500000000, A.D. 1996-Jun-29 00:00:00.0000,  4.825053362548896E+09,  4.997004152127802E+09, -3.022268289859602E+08,
2450264.500000000, A.D. 1996-Jun-30 00:00:00.0000,  4.824785955007985E+09,  4.997261427195520E+09, -3.022940383003080E+08,
2450265.500000000, A.D. 1996-Jul-01 00:00:00.0000,  4.824518532600274E+09,  4.997518689310027E+09, -3.023612467075841E+08,
2450266.500000000, A.D. 1996-Jul-02 00:00:00.0000,  4.824251095320854E+09,  4.997775938461143E+09, -3.024284542081597E+08,
2450267.500000000, A.D. 1996-Jul-03 00:00:00.0000,  4.823983643165911E+09,  4.998033174638900E+09, -3.024956608024735E+08,
2450268.500000000, A.D. 1996-Jul-04 00:00:00.0000,  4.823716176132680E+09,  4.998290397833758E+09, -3.025628664910131E+08,
2450269.500000000, A.D. 1996-Jul-05 00:00:00.0000,  4.823448694219365E+09,  4.998547608036804E+09, -3.026300712742860E+08,
2450270.500000000, A.D. 1996-Jul-06 00:00:00.0000,  4.823181197424997E+09,  4.998804805239931E+09, -3.026972751527944E+08,
2450271.500000000, A.D. 1996-Jul-07 00:00:00.0000,  4.822913685749242E+09,  4.999061989435997E+09, -3.027644781270063E+08,
2450272.500000000, A.D. 1996-Jul-08 00:00:00.0000,  4.822646159192183E+09,  4.999319160618906E+09, -3.028316801973255E+08,
2450273.500000000, A.D. 1996-Jul-09 00:00:00.0000,  4.822378617754083E+09,  4.999576318783662E+09, -3.028988813640685E+08,
2450274.500000000, A.D. 1996-Jul-10 00:00:00.0000,  4.822111061435151E+09,  4.999833463926330E+09, -3.029660816274428E+08,
2450275.500000000, A.D. 1996-Jul-11 00:00:00.0000,  4.821843490235313E+09,  5.000090596043966E+09, -3.030332809875355E+08,
2450276.500000000, A.D. 1996-Jul-12 00:00:00.0000,  4.821575904154039E+09,  5.000347715134492E+09, -3.031004794443045E+08,
2450277.500000000, A.D. 1996-Jul-13 00:00:00.0000,  4.821308303190190E+09,  5.000604821196531E+09, -3.031676769975796E+08,
2450278.500000000, A.D. 1996-Jul-14 00:00:00.0000,  4.821040687341927E+09,  5.000861914229232E+09, -3.032348736470680E+08,
2450279.500000000, A.D. 1996-Jul-15 00:00:00.0000,  4.820773056606657E+09,  5.001118994232088E+09, -3.033020693923647E+08,
2450280.500000000, A.D. 1996-Jul-16 00:00:00.0000,  4.820505410981035E+09,  5.001376061204768E+09, -3.033692642329648E+08,
2450281.500000000, A.D. 1996-Jul-17 00:00:00.0000,  4.820237750460979E+09,  5.001633115146955E+09, -3.034364581682808E+08,
2450282.500000000, A.D. 1996-Jul-18 00:00:00.0000,  4.819970075041731E+09,  5.001890156058216E+09, -3.035036511976573E+08,
2450283.500000000, A.D. 1996-Jul-19 00:00:00.0000,  4.819702384717925E+09,  5.002147183937894E+09, -3.035708433203859E+08,
2450284.500000000, A.D. 1996-Jul-20 00:00:00.0000,  4.819434679483670E+09,  5.002404198785022E+09, -3.036380345357203E+08,
2450285.500000000, A.D. 1996-Jul-21 00:00:00.0000,  4.819166959332634E+09,  5.002661200598263E+09, -3.037052248428898E+08,
2450286.500000000, A.D. 1996-Jul-22 00:00:00.0000,  4.818899224258128E+09,  5.002918189375870E+09, -3.037724142411084E+08,
2450287.500000000, A.D. 1996-Jul-23 00:00:00.0000,  4.818631474253187E+09,  5.003175165115664E+09, -3.038396027295868E+08,
2450288.500000000, A.D. 1996-Jul-24 00:00:00.0000,  4.818363709310649E+09,  5.003432127815025E+09, -3.039067903075378E+08,
2450289.500000000, A.D. 1996-Jul-25 00:00:00.0000,  4.818095929423210E+09,  5.003689077470892E+09, -3.039739769741843E+08,
2450290.500000000, A.D. 1996-Jul-26 00:00:00.0000,  4.817828134583496E+09,  5.003946014079769E+09, -3.040411627287621E+08,
2450291.500000000, A.D. 1996-Jul-27 00:00:00.0000,  4.817560324784107E+09,  5.004202937637753E+09, -3.041083475705261E+08,
2450292.500000000, A.D. 1996-Jul-28 00:00:00.0000,  4.817292500017662E+09,  5.004459848140538E+09, -3.041755314987493E+08,
2450293.500000000, A.D. 1996-Jul-29 00:00:00.0000,  4.817024660276834E+09,  5.004716745583447E+09, -3.042427145127280E+08,
2450294.500000000, A.D. 1996-Jul-30 00:00:00.0000,  4.816756805554385E+09,  5.004973629961452E+09, -3.043098966117797E+08,
2450295.500000000, A.D. 1996-Jul-31 00:00:00.0000,  4.816488935843188E+09,  5.005230501269197E+09, -3.043770777952476E+08,
2450296.500000000, A.D. 1996-Aug-01 00:00:00.0000,  4.816221051136249E+09,  5.005487359501019E+09, -3.044442580624979E+08,
2450297.500000000, A.D. 1996-Aug-02 00:00:00.0000,  4.815953151426724E+09,  5.005744204650980E+09, -3.045114374129202E+08,
2450298.500000000, A.D. 1996-Aug-03 00:00:00.0000,  4.815685236707935E+09,  5.006001036712873E+09, -3.045786158459265E+08,
2450299.500000000, A.D. 1996-Aug-04 00:00:00.0000,  4.815417306973374E+09,  5.006257855680256E+09, -3.046457933609519E+08,
2450300.500000000, A.D. 1996-Aug-05 00:00:00.0000,  4.815149362216716E+09,  5.006514661546469E+09, -3.047129699574552E+08,
2450301.500000000, A.D. 1996-Aug-06 00:00:00.0000,  4.814881402431826E+09,  5.006771454304646E+09, -3.047801456349149E+08,
2450302.500000000, A.D. 1996-Aug-07 00:00:00.0000,  4.814613427612761E+09,  5.007028233947739E+09, -3.048473203928308E+08,
2450303.500000000, A.D. 1996-Aug-08 00:00:00.0000,  4.814345437753778E+09,  5.007285000468527E+09, -3.049144942307217E+08,
2450304.500000000, A.D. 1996-Aug-09 00:00:00.0000,  4.814077432849325E+09,  5.007541753859642E+09, -3.049816671481276E+08,
2450305.500000000, A.D. 1996-Aug-10 00:00:00.0000,  4.813809412894055E+09,  5.007798494113569E+09, -3.050488391446042E+08,
2450306.500000000, A.D. 1996-Aug-11 00:00:00.0000,  4.813541377882820E+09,  5.008055221222669E+09, -3.051160102197254E+08,
2450307.500000000, A.D. 1996-Aug-12 00:00:00.0000,  4.813273327810669E+09,  5.008311935179187E+09, -3.051831803730838E+08,
2450308.500000000, A.D. 1996-Aug-13 00:00:00.0000,  4.813005262672853E+09,  5.008568635975263E+09, -3.052503496042852E+08,
2450309.500000000, A.D. 1996-Aug-14 00:00:00.0000,  4.812737182464817E+09,  5.008825323602942E+09, -3.053175179129527E+08,
2450310.500000000, A.D. 1996-Aug-15 00:00:00.0000,  4.812469087182203E+09,  5.009081998054189E+09, -3.053846852987225E+08,
2450311.500000000, A.D. 1996-Aug-16 00:00:00.0000,  4.812200976820842E+09,  5.009338659320886E+09, -3.054518517612455E+08,
2450312.500000000, A.D. 1996-Aug-17 00:00:00.0000,  4.811932851376760E+09,  5.009595307394853E+09, -3.055190173001859E+08,
2450313.500000000, A.D. 1996-Aug-18 00:00:00.0000,  4.811664710846167E+09,  5.009851942267847E+09, -3.055861819152205E+08,
2450314.500000000, A.D. 1996-Aug-19 00:00:00.0000,  4.811396555225456E+09,  5.010108563931577E+09, -3.056533456060383E+08,
2450315.500000000, A.D. 1996-Aug-20 00:00:00.0000,  4.811128384511205E+09,  5.010365172377699E+09, -3.057205083723392E+08,
2450316.500000000, A.D. 1996-Aug-21 00:00:00.0000,  4.810860198700163E+09,  5.010621767597834E+09, -3.057876702138345E+08,
2450317.500000000, A.D. 1996-Aug-22 00:00:00.0000,  4.810591997789257E+09,  5.010878349583567E+09, -3.058548311302462E+08,
2450318.500000000, A.D. 1996-Aug-23 00:00:00.0000,  4.810323781775578E+09,  5.011134918326449E+09, -3.059219911213067E+08,
2450319.500000000, A.D. 1996-Aug-24 00:00:00.0000,  4.810055550656387E+09,  5.011391473818010E+09, -3.059891501867559E+08,
2450320.500000000, A.D. 1996-Aug-25 00:00:00.0000,  4.809787304429097E+09,  5.011648016049755E+09, -3.060563083263457E+08,
2450321.500000000, A.D. 1996-Aug-26 00:00:00.0000,  4.809519043091278E+09,  5.011904545013170E+09, -3.061234655398350E+08,
2450322.500000000, A.D. 1996-Aug-27 00:00:00.0000,  4.809250766640654E+09,  5.012161060699725E+09, -3.061906218269913E+08,
2450323.500000000, A.D. 1996-Aug-28 00:00:00.0000,  4.808982475075087E+09,  5.012417563100872E+09, -3.062577771875916E+08,
2450324.500000000, A.D. 1996-Aug-29 00:00:00.0000,  4.808714168392579E+09,  5.012674052208049E+09, -3.063249316214197E+08,
2450325.500000000, A.D. 1996-Aug-30 00:00:00.0000,  4.808445846591268E+09,  5.012930528012680E+09, -3.063920851282659E+08,
2450326.500000000, A.D. 1996-Aug-31 00:00:00.0000,  4.808177509669416E+09,  5.013186990506172E+09, -3.064592377079310E+08,
2450327.500000000, A.D. 1996-Sep-01 00:00:00.0000,  4.807909157625408E+09,  5.013443439679914E+09, -3.065263893602219E+08,
2450328.500000000, A.D. 1996-Sep-02 00:00:00.0000,  4.807640790457743E+09,  5.013699875525271E+09, -3.065935400849531E+08,
2450329.500000000, A.D. 1996-Sep-03 00:00:00.0000,  4.807372408165030E+09,  5.013956298033588E+09, -3.066606898819478E+08,
2450330.500000000, A.D. 1996-Sep-04 00:00:00.0000,  4.807104010745988E+09,  5.014212707196172E+09, -3.067278387510371E+08,
2450331.500000000, A.D. 1996-Sep-05 00:00:00.0000,  4.806835598199430E+09,  5.014469103004290E+09, -3.067949866920612E+08,
2450332.500000000, A.D. 1996-Sep-06 00:00:00.0000,  4.806567170524266E+09,  5.014725485449162E+09, -3.068621337048700E+08,
2450333.500000000, A.D. 1996-Sep-07 00:00:00.0000,  4.806298727719501E+09,  5.014981854521945E+09, -3.069292797893231E+08,
2450334.500000000, A.D. 1996-Sep-08 00:00:00.0000,  4.806030269784231E+09,  5.015238210213724E+09, -3.069964249452934E+08,
2450335.500000000, A.D. 1996-Sep-09 00:00:00.0000,  4.805761796717636E+09,  5.015494552515493E+09, -3.070635691726668E+08,
2450336.500000000, A.D. 1996-Sep-10 00:00:00.0000,  4.805493308519000E+09,  5.015750881418137E+09, -3.071307124713435E+08,
2450337.500000000, A.D. 1996-Sep-11 00:00:00.0000,  4.805224805187690E+09,  5.016007196912414E+09, -3.071978548412430E+08,
2450338.500000000, A.D. 1996-Sep-12 00:00:00.0000,  4.804956286723190E+09,  5.016263498988933E+09, -3.072649962823057E+08,
2450339.500000000, A.D. 1996-Sep-13 00:00:00.0000,  4.804687753125094E+09,  5.016519787638128E+09, -3.073321367944961E+08,
2450340.500000000, A.D. 1996-Sep-14 00:00:00.0000,  4.804419204393140E+09,  5.016776062850231E+09, -3.073992763778062E+08,
2450341.500000000, A.D. 1996-Sep-15 00:00:00.0000,  4.804150640527219E+09,  5.017032324615247E+09, -3.074664150322626E+08,
2450342.500000000, A.D. 1996-Sep-16 00:00:00.0000,  4.803882061527418E+09,  5.017288572922926E+09, -3.075335527579310E+08,
2450343.500000000, A.D. 1996-Sep-17 00:00:00.0000,  4.803613467394059E+09,  5.017544807762733E+09, -3.076006895549209E+08,
2450344.500000000, A.D. 1996-Sep-18 00:00:00.0000,  4.803344858127752E+09,  5.017801029123832E+09, -3.076678254233956E+08,
2450345.500000000, A.D. 1996-Sep-19 00:00:00.0000,  4.803076233729448E+09,  5.018057236995064E+09, -3.077349603635776E+08,
2450346.500000000, A.D. 1996-Sep-20 00:00:00.0000,  4.802807594200521E+09,  5.018313431364936E+09, -3.078020943757563E+08,
2450347.500000000, A.D. 1996-Sep-21 00:00:00.0000,  4.802538939542853E+09,  5.018569612221624E+09, -3.078692274602962E+08,
2450348.500000000, A.D. 1996-Sep-22 00:00:00.0000,  4.802270269758926E+09,  5.018825779553000E+09, -3.079363596176469E+08,
2450349.500000000, A.D. 1996-Sep-23 00:00:00.0000,  4.802001584851919E+09,  5.019081933346661E+09, -3.080034908483453E+08,
2450350.500000000, A.D. 1996-Sep-24 00:00:00.0000,  4.801732884825828E+09,  5.019338073589995E+09, -3.080706211530230E+08,
2450351.500000000, A.D. 1996-Sep-25 00:00:00.0000,  4.801464169685551E+09,  5.019594200270282E+09, -3.081377505324085E+08,
2450352.500000000, A.D. 1996-Sep-26 00:00:00.0000,  4.801195439436998E+09,  5.019850313374812E+09, -3.082048789873245E+08,
2450353.500000000, A.D. 1996-Sep-27 00:00:00.0000,  4.800926694087149E+09,  5.020106412891042E+09, -3.082720065186837E+08,
2450354.500000000, A.D. 1996-Sep-28 00:00:00.0000,  4.800657933644110E+09,  5.020362498806775E+09, -3.083391331274774E+08,
2450355.500000000, A.D. 1996-Sep-29 00:00:00.0000,  4.800389158117097E+09,  5.020618571110367E+09, -3.084062588147597E+08,
2450356.500000000, A.D. 1996-Sep-30 00:00:00.0000,  4.800120367516408E+09,  5.020874629790933E+09, -3.084733835816262E+08,
2450357.500000000, A.D. 1996-Oct-01 00:00:00.0000,  4.799851561853312E+09,  5.021130674838554E+09, -3.085405074291873E+08,
2450358.500000000, A.D. 1996-Oct-02 00:00:00.0000,  4.799582741139900E+09,  5.021386706244461E+09, -3.086076303585427E+08,
2450359.500000000, A.D. 1996-Oct-03 00:00:00.0000,  4.799313905388891E+09,  5.021642724001178E+09, -3.086747523707492E+08,
2450360.500000000, A.D. 1996-Oct-04 00:00:00.0000,  4.799045054613399E+09,  5.021898728102615E+09, -3.087418734667923E+08,
2450361.500000000, A.D. 1996-Oct-05 00:00:00.0000,  4.798776188826688E+09,  5.022154718544106E+09, -3.088089936475618E+08,
2450362.500000000, A.D. 1996-Oct-06 00:00:00.0000,  4.798507308041923E+09,  5.022410695322388E+09, -3.088761129138329E+08,
2450363.500000000, A.D. 1996-Oct-07 00:00:00.0000,  4.798238412271951E+09,  5.022666658435500E+09, -3.089432312662487E+08,
2450364.500000000, A.D. 1996-Oct-08 00:00:00.0000,  4.797969501529099E+09,  5.022922607882679E+09, -3.090103487053165E+08,
2450365.500000000, A.D. 1996-Oct-09 00:00:00.0000,  4.797700575825033E+09,  5.023178543664185E+09, -3.090774652314074E+08,
2450366.500000000, A.D. 1996-Oct-10 00:00:00.0000,  4.797431635170645E+09,  5.023434465781118E+09, -3.091445808447585E+08,
2450367.500000000, A.D. 1996-Oct-11 00:00:00.0000,  4.797162679576002E+09,  5.023690374235249E+09, -3.092116955454869E+08,
2450368.500000000, A.D. 1996-Oct-12 00:00:00.0000,  4.796893709050334E+09,  5.023946269028829E+09, -3.092788093336005E+08,
2450369.500000000, A.D. 1996-Oct-13 00:00:00.0000,  4.796624723602047E+09,  5.024202150164450E+09, -3.093459222090135E+08,
2450370.500000000, A.D. 1996-Oct-14 00:00:00.0000,  4.796355723238772E+09,  5.024458017644890E+09, -3.094130341715617E+08,
2450371.500000000, A.D. 1996-Oct-15 00:00:00.0000,  4.796086707967428E+09,  5.024713871473020E+09, -3.094801452210171E+08,
2450372.500000000, A.D. 1996-Oct-16 00:00:00.0000,  4.795817677794296E+09,  5.024969711651708E+09, -3.095472553571036E+08,
2450373.500000000, A.D. 1996-Oct-17 00:00:00.0000,  4.795548632725094E+09,  5.025225538183754E+09, -3.096143645795069E+08,
2450374.500000000, A.D. 1996-Oct-18 00:00:00.0000,  4.795279572765053E+09,  5.025481351071857E+09, -3.096814728878872E+08,
2450375.500000000, A.D. 1996-Oct-19 00:00:00.0000,  4.795010497918995E+09,  5.025737150318580E+09, -3.097485802818868E+08,
2450376.500000000, A.D. 1996-Oct-20 00:00:00.0000,  4.794741408191392E+09,  5.025992935926339E+09, -3.098156867611392E+08,
2450377.500000000, A.D. 1996-Oct-21 00:00:00.0000,  4.794472303586428E+09,  5.026248707897404E+09, -3.098827923252730E+08,
2450378.500000000, A.D. 1996-Oct-22 00:00:00.0000,  4.794203184108050E+09,  5.026504466233900E+09, -3.099498969739156E+08,
2450379.500000000, A.D. 1996-Oct-23 00:00:00.0000,  4.793934049760013E+09,  5.026760210937824E+09, -3.100170007067001E+08,
2450380.500000000, A.D. 1996-Oct-24 00:00:00.0000,  4.793664900545911E+09,  5.027015942011052E+09, -3.100841035232635E+08,
2450381.500000000, A.D. 1996-Oct-25 00:00:00.0000,  4.793395736469211E+09,  5.027271659455363E+09, -3.101512054232502E+08,
2450382.500000000, A.D. 1996-Oct-26 00:00:00.0000,  4.793126557533274E+09,  5.027527363272450E+09, -3.102183064063118E+08,
2450383.500000000, A.D. 1996-Oct-27 00:00:00.0000,  4.792857363741376E+09,  5.027783053463950E+09, -3.102854064721093E+08,
2450384.500000000, A.D. 1996-Oct-28 00:00:00.0000,  4.792588155096718E+09,  5.028038730031445E+09, -3.103525056203105E+08,
2450385.500000000, A.D. 1996-Oct-29 00:00:00.0000,  4.792318931602438E+09,  5.028294392976490E+09, -3.104196038505909E+08,
2450386.500000000, A.D. 1996-Oct-30 00:00:00.0000,  4.792049693261618E+09,  5.028550042300626E+09, -3.104867011626329E+08,
2450387.500000000, A.D. 1996-Oct-31 00:00:00.0000,  4.791780440077288E+09,  5.028805678005396E+09, -3.105537975561259E+08,
2450388.500000000, A.D. 1996-Nov-01 00:00:00.0000,  4.791511172052427E+09,  5.029061300092354E+09, -3.106208930307629E+08,
2450389.500000000, A.D. 1996-Nov-02 00:00:00.0000,  4.791241889189966E+09,  5.029316908563082E+09, -3.106879875862432E+08,
2450390.500000000, A.D. 1996-Nov-03 00:00:00.0000,  4.790972591492783E+09,  5.029572503419193E+09, -3.107550812222688E+08,
2450391.500000000, A.D. 1996-Nov-04 00:00:00.0000,  4.790703278963698E+09,  5.029828084662352E+09, -3.108221739385436E+08,
2450392.500000000, A.D. 1996-Nov-05 00:00:00.0000,  4.790433951605480E+09,  5.030083652294266E+09, -3.108892657347739E+08,
2450393.500000000, A.D. 1996-Nov-06 00:00:00.0000,  4.790164609420833E+09,  5.030339206316710E+09, -3.109563566106660E+08,
2450394.500000000, A.D. 1996-Nov-07 00:00:00.0000,  4.789895252412393E+09,  5.030594746731517E+09, -3.110234465659258E+08,
2450395.500000000, A.D. 1996-Nov-08 00:00:00.0000,  4.789625880582724E+09,  5.030850273540594E+09, -3.110905356002588E+08,
2450396.500000000, A.D. 1996-Nov-09 00:00:00.0000,  4.789356493934314E+09,  5.031105786745918E+09, -3.111576237133672E+08,
2450397.500000000, A.D. 1996-Nov-10 00:00:00.0000,  4.789087092469565E+09,  5.031361286349539E+09, -3.112247109049509E+08,
2450398.500000000, A.D. 1996-Nov-11 00:00:00.0000,  4.788817676190791E+09,  5.031616772353582E+09, -3.112917971747055E+08,
2450399.500000000, A.D. 1996-Nov-12 00:00:00.0000,  4.788548245100205E+09,  5.031872244760257E+09, -3.113588825223236E+08,
2450400.500000000, A.D. 1996-Nov-13 00:00:00.0000,  4.788278799199923E+09,  5.032127703571843E+09, -3.114259669474912E+08,
2450401.500000000, A.D. 1996-Nov-14 00:00:00.0000,  4.788009338491945E+09,  5.032383148790702E+09, -3.114930504498889E+08,
2450402.500000000, A.D. 1996-Nov-15 00:00:00.0000,  4.787739862978162E+09,  5.032638580419264E+09, -3.115601330291910E+08,
2450403.500000000, A.D. 1996-Nov-16 00:00:00.0000,  4.787470372660334E+09,  5.032893998460039E+09, -3.116272146850657E+08,
2450404.500000000, A.D. 1996-Nov-17 00:00:00.0000,  4.787200867540097E+09,  5.033149402915606E+09, -3.116942954171708E+08,
2450405.500000000, A.D. 1996-Nov-18 00:00:00.0000,  4.786931347618950E+09,  5.033404793788609E+09, -3.117613752251608E+08,
2450406.500000000, A.D. 1996-Nov-19 00:00:00.0000,  4.786661812898248E+09,  5.033660171081760E+09, -3.118284541086774E+08,
2450407.500000000, A.D. 1996-Nov-20 00:00:00.0000,  4.786392263379195E+09,  5.033915534797827E+09, -3.118955320673561E+08,
2450408.500000000, A.D. 1996-Nov-21 00:00:00.0000,  4.786122699062844E+09,  5.034170884939631E+09, -3.119626091008224E+08,
2450409.500000000, A.D. 1996-Nov-22 00:00:00.0000,  4.785853119950080E+09,  5.034426221510044E+09, -3.120296852086921E+08,
2450410.500000000, A.D. 1996-Nov-23 00:00:00.0000,  4.785583526041620E+09,  5.034681544511976E+09, -3.120967603905721E+08,
2450411.500000000, A.D. 1996-Nov-24 00:00:00.0000,  4.785313917338008E+09,  5.034936853948374E+09, -3.121638346460593E+08,
2450412.500000000, A.D. 1996-Nov-25 00:00:00.0000,  4.785044293839604E+09,  5.035192149822208E+09, -3.122309079747403E+08,
2450413.500000000, A.D. 1996-Nov-26 00:00:00.0000,  4.784774655546577E+09,  5.035447432136467E+09, -3.122979803761914E+08,
2450414.500000000, A.D. 1996-Nov-27 00:00:00.0000,  4.784505002458907E+09,  5.035702700894145E+09, -3.123650518499801E+08,
2450415.500000000, A.D. 1996-Nov-28 00:00:00.0000,  4.784235334576370E+09,  5.035957956098228E+09, -3.124321223956645E+08,
2450416.500000000, A.D. 1996-Nov-29 00:00:00.0000,  4.783965651898536E+09,  5.036213197751693E+09, -3.124991920127912E+08,
2450417.500000000, A.D. 1996-Nov-30 00:00:00.0000,  4.783695954424765E+09,  5.036468425857476E+09, -3.125662607009006E+08,
2450418.500000000, A.D. 1996-Dec-01 00:00:00.0000,  4.783426242154201E+09,  5.036723640418473E+09, -3.126333284595218E+08,
2450419.500000000, A.D. 1996-Dec-02 00:00:00.0000,  4.783156515085770E+09,  5.036978841437517E+09, -3.127003952881780E+08,
2450420.500000000, A.D. 1996-Dec-03 00:00:00.0000,  4.782886773218172E+09,  5.037234028917356E+09, -3.127674611863863E+08,
2450421.500000000, A.D. 1996-Dec-04 00:00:00.0000,  4.782617016549887E+09,  5.037489202860643E+09, -3.128345261536574E+08,
2450422.500000000, A.D. 1996-Dec-05 00:00:00.0000,  4.782347245079165E+09,  5.037744363269901E+09, -3.129015901894975E+08,
2450423.500000000, A.D. 1996-Dec-06 00:00:00.0000,  4.782077458804039E+09,  5.037999510147507E+09, -3.129686532934127E+08,
2450424.500000000, A.D. 1996-Dec-07 00:00:00.0000,  4.781807657722320E+09,  5.038254643495665E+09, -3.130357154649088E+08,
2450425.500000000, A.D. 1996-Dec-08 00:00:00.0000,  4.781537841831608E+09,  5.038509763316372E+09, -3.131027767034936E+08,
2450426.500000000, A.D. 1996-Dec-09 00:00:00.0000,  4.781268011129303E+09,  5.038764869611396E+09, -3.131698370086837E+08,
2450427.500000000, A.D. 1996-Dec-10 00:00:00.0000,  4.780998165612621E+09,  5.039019962382230E+09, -3.132368963800039E+08,
2450428.500000000, A.D. 1996-Dec-11 00:00:00.0000,  4.780728305278617E+09,  5.039275041630071E+09, -3.133039548169947E+08,
2450429.500000000, A.D. 1996-Dec-12 00:00:00.0000,  4.780458430124206E+09,  5.039530107355776E+09, -3.133710123192170E+08,
2450430.500000000, A.D. 1996-Dec-13 00:00:00.0000,  4.780188540146207E+09,  5.039785159559830E+09, -3.134380688862579E+08,
2450431.500000000, A.D. 1996-Dec-14 00:00:00.0000,  4.779918635341390E+09,  5.040040198242308E+09, -3.135051245177360E+08,
2450432.500000000, A.D. 1996-Dec-15 00:00:00.0000,  4.779648715706522E+09,  5.040295223402850E+09, -3.135721792133119E+08,
2450433.500000000, A.D. 1996-Dec-16 00:00:00.0000,  4.779378781238441E+09,  5.040550235040632E+09, -3.136392329726934E+08,
2450434.500000000, A.D. 1996-Dec-17 00:00:00.0000,  4.779108831934134E+09,  5.040805233154348E+09, -3.137062857956440E+08,
2450435.500000000, A.D. 1996-Dec-18 00:00:00.0000,  4.778838867790823E+09,  5.041060217742210E+09, -3.137733376819930E+08,
2450436.500000000, A.D. 1996-Dec-19 00:00:00.0000,  4.778568888806068E+09,  5.041315188801954E+09, -3.138403886316419E+08,
2450437.500000000, A.D. 1996-Dec-20 00:00:00.0000,  4.778298894977876E+09,  5.041570146330879E+09, -3.139074386445711E+08,
2450438.500000000, A.D. 1996-Dec-21 00:00:00.0000,  4.778028886304807E+09,  5.041825090325906E+09, -3.139744877208467E+08,
2450439.500000000, A.D. 1996-Dec-22 00:00:00.0000,  4.777758862786087E+09,  5.042080020783656E+09, -3.140415358606212E+08,
2450440.500000000, A.D. 1996-Dec-23 00:00:00.0000,  4.777488824421706E+09,  5.042334937700583E+09, -3.141085830641339E+08,
2450441.500000000, A.D. 1996-Dec-24 00:00:00.0000,  4.777218771212494E+09,  5.042589841073110E+09, -3.141756293317044E+08,
2450442.500000000, A.D. 1996-Dec-25 00:00:00.0000,  4.776948703160165E+09,  5.042844730897816E+09, -3.142426746637244E+08,
2450443.500000000, A.D. 1996-Dec-26 00:00:00.0000,  4.776678620267332E+09,  5.043099607171621E+09, -3.143097190606377E+08,
2450444.500000000, A.D. 1996-Dec-27 00:00:00.0000,  4.776408522537455E+09,  5.043354469892006E+09, -3.143767625229254E+08,
2450445.500000000, A.D. 1996-Dec-28 00:00:00.0000,  4.776138409974755E+09,  5.043609319057195E+09, -3.144438050510743E+08,
2450446.500000000, A.D. 1996-Dec-29 00:00:00.0000,  4.775868282584064E+09,  5.043864154666343E+09, -3.145108466455553E+08,
2450447.500000000, A.D. 1996-Dec-30 00:00:00.0000,  4.775598140370636E+09,  5.044118976719669E+09, -3.145778873067877E+08,
2450448.500000000, A.D. 1996-Dec-31 00:00:00.0000,  4.775327983339918E+09,  5.044373785218549E+09, -3.146449270351179E+08,
2450449.500000000, A.D. 1997-Jan-01 00:00:00.0000,  4.775057811497318E+09,  5.044628580165536E+09, -3.147119658307891E+08,
2450450.500000000, A.D. 1997-Jan-02 00:00:00.0000,  4.774787624847964E+09,  5.044883361564335E+09, -3.147790036939251E+08,
2450451.500000000, A.D. 1997-Jan-03 00:00:00.0000,  4.774517423396482E+09,  5.045138129419713E+09, -3.148460406245162E+08,
2450452.500000000, A.D. 1997-Jan-04 00:00:00.0000,  4.774247207146819E+09,  5.045392883737361E+09, -3.149130766224148E+08,
2450453.500000000, A.D. 1997-Jan-05 00:00:00.0000,  4.773976976102094E+09,  5.045647624523735E+09, -3.149801116873322E+08,
2450454.500000000, A.D. 1997-Jan-06 00:00:00.0000,  4.773706730264509E+09,  5.045902351785864E+09, -3.150471458188472E+08,
2450455.500000000, A.D. 1997-Jan-07 00:00:00.0000,  4.773436469635303E+09,  5.046157065531174E+09, -3.151141790164168E+08,
2450456.500000000, A.D. 1997-Jan-08 00:00:00.0000,  4.773166194214742E+09,  5.046411765767302E+09, -3.151812112793894E+08,
2450457.500000000, A.D. 1997-Jan-09 00:00:00.0000,  4.772895904002149E+09,  5.046666452501940E+09, -3.152482426070194E+08,
2450458.500000000, A.D. 1997-Jan-10 00:00:00.0000,  4.772625598995959E+09,  5.046921125742702E+09, -3.153152729984853E+08,
2450459.500000000, A.D. 1997-Jan-11 00:00:00.0000,  4.772355279193793E+09,  5.047175785497002E+09, -3.153823024529026E+08,
2450460.500000000, A.D. 1997-Jan-12 00:00:00.0000,  4.772084944592534E+09,  5.047430431771974E+09, -3.154493309693410E+08,
2450461.500000000, A.D. 1997-Jan-13 00:00:00.0000,  4.771814595188416E+09,  5.047685064574404E+09, -3.155163585468340E+08,
2450462.500000000, A.D. 1997-Jan-14 00:00:00.0000,  4.771544230977111E+09,  5.047939683910689E+09, -3.155833851843944E+08,
2450463.500000000, A.D. 1997-Jan-15 00:00:00.0000,  4.771273851953802E+09,  5.048194289786808E+09, -3.156504108810194E+08,
2450464.500000000, A.D. 1997-Jan-16 00:00:00.0000,  4.771003458113266E+09,  5.048448882208304E+09, -3.157174356357014E+08,
2450465.500000000, A.D. 1997-Jan-17 00:00:00.0000,  4.770733049449935E+09,  5.048703461180291E+09, -3.157844594474320E+08,
2450466.500000000, A.D. 1997-Jan-18 00:00:00.0000,  4.770462625957955E+09,  5.048958026707448E+09, -3.158514823152087E+08,
2450467.500000000, A.D. 1997-Jan-19 00:00:00.0000,  4.770192187631244E+09,  5.049212578794039E+09, -3.159185042380378E+08,
2450468.500000000, A.D. 1997-Jan-20 00:00:00.0000,  4.769921734463526E+09,  5.049467117443920E+09, -3.159855252149367E+08,
2450469.500000000, A.D. 1997-Jan-21 00:00:00.0000,  4.769651266448378E+09,  5.049721642660563E+09, -3.160525452449365E+08,
2450470.500000000, A.D. 1997-Jan-22 00:00:00.0000,  4.769380783579253E+09,  5.049976154447065E+09, -3.161195643270814E+08,
2450471.500000000, A.D. 1997-Jan-23 00:00:00.0000,  4.769110285849515E+09,  5.050230652806181E+09, -3.161865824604340E+08,
2450472.500000000, A.D. 1997-Jan-24 00:00:00.0000,  4.768839773252453E+09,  5.050485137740323E+09, -3.162535996440692E+08,
2450473.500000000, A.D. 1997-Jan-25 00:00:00.0000,  4.768569245781305E+09,  5.050739609251594E+09, -3.163206158770809E+08,
2450474.500000000, A.D. 1997-Jan-26 00:00:00.0000,  4.768298703429270E+09,  5.050994067341798E+09, -3.163876311585770E+08,
2450475.500000000, A.D. 1997-Jan-27 00:00:00.0000,  4.768028146189520E+09,  5.051248512012453E+09, -3.164546454876788E+08,
2450476.500000000, A.D. 1997-Jan-28 00:00:00.0000,  4.767757574055208E+09,  5.051502943264814E+09, -3.165216588635266E+08,
2450477.500000000, A.D. 1997-Jan-29 00:00:00.0000,  4.767486987019485E+09,  5.051757361099880E+09, -3.165886712852736E+08,
2450478.500000000, A.D. 1997-Jan-30 00:00:00.0000,  4.767216385075493E+09,  5.052011765518408E+09, -3.166556827520847E+08,
2450479.500000000, A.D. 1997-Jan-31 00:00:00.0000,  4.766945768216379E+09,  5.052266156520923E+09, -3.167226932631412E+08,
2450480.500000000, A.D. 1997-Feb-01 00:00:00.0000,  4.766675136435299E+09,  5.052520534107730E+09, -3.167897028176355E+08,
2450481.500000000, A.D. 1997-Feb-02 00:00:00.0000,  4.766404489725418E+09,  5.052774898278925E+09, -3.168567114147720E+08,
2450482.500000000, A.D. 1997-Feb-03 00:00:00.0000,  4.766133828079912E+09,  5.053029249034401E+09, -3.169237190537684E+08,
2450483.500000000, A.D. 1997-Feb-04 00:00:00.0000,  4.765863151491976E+09,  5.053283586373852E+09, -3.169907257338517E+08,
2450484.500000000, A.D. 1997-Feb-05 00:00:00.0000,  4.765592459954816E+09,  5.053537910296787E+09, -3.170577314542608E+08,
2450485.500000000, A.D. 1997-Feb-06 00:00:00.0000,  4.765321753461659E+09,  5.053792220802535E+09, -3.171247362142451E+08,
2450486.500000000, A.D. 1997-Feb-07 00:00:00.0000,  4.765051032005751E+09,  5.054046517890244E+09, -3.171917400130620E+08,
2450487.500000000, A.D. 1997-Feb-08 00:00:00.0000,  4.764780295580352E+09,  5.054300801558888E+09, -3.172587428499801E+08,
2450488.500000000, A.D. 1997-Feb-09 00:00:00.0000,  4.764509544178746E+09,  5.054555071807280E+09, -3.173257447242758E+08,
2450489.500000000, A.D. 1997-Feb-10 00:00:00.0000,  4.764238777794233E+09,  5.054809328634062E+09, -3.173927456352351E+08,
2450490.500000000, A.D. 1997-Feb-11 00:00:00.0000,  4.763967996420133E+09,  5.055063572037716E+09, -3.174597455821502E+08,
2450491.500000000, A.D. 1997-Feb-12 00:00:00.0000,  4.763697200049783E+09,  5.055317802016569E+09, -3.175267445643251E+08,
2450492.500000000, A.D. 1997-Feb-13 00:00:00.0000,  4.763426388676539E+09,  5.055572018568787E+09, -3.175937425810680E+08,
2450493.500000000, A.D. 1997-Feb-14 00:00:00.0000,  4.763155562293776E+09,  5.055826221692385E+09, -3.176607396316967E+08,
2450494.500000000, A.D. 1997-Feb-15 00:00:00.0000,  4.762884720894879E+09,  5.056080411385221E+09, -3.177277357155347E+08,
2450495.500000000, A.D. 1997-Feb-16 00:00:00.0000,  4.762613864473258E+09,  5.056334587645002E+09, -3.177947308319147E+08,
2450496.500000000, A.D. 1997-Feb-17 00:00:00.0000,  4.762342993022328E+09,  5.056588750469283E+09, -3.178617249801748E+08,
2450497.500000000, A.D. 1997-Feb-18 00:00:00.0000,  4.762072106535525E+09,  5.056842899855463E+09, -3.179287181596608E+08,
2450498.500000000, A.D. 1997-Feb-19 00:00:00.0000,  4.761801205006290E+09,  5.057097035800788E+09, -3.179957103697257E+08,
2450499.500000000, A.D. 1997-Feb-20 00:00:00.0000,  4.761530288428079E+09,  5.057351158302351E+09, -3.180627016097288E+08,
2450500.500000000, A.D. 1997-Feb-21 00:00:00.0000,  4.761259356794353E+09,  5.057605267357081E+09, -3.181296918790367E+08,
2450501.500000000, A.D. 1997-Feb-22 00:00:00.0000,  4.760988410098581E+09,  5.057859362961749E+09, -3.181966811770225E+08,
2450502.500000000, A.D. 1997-Feb-23 00:00:00.0000,  4.760717448334241E+09,  5.058113445112961E+09, -3.182636695030673E+08,
2450503.500000000, A.D. 1997-Feb-24 00:00:00.0000,  4.760446471494810E+09,  5.058367513807151E+09, -3.183306568565602E+08,
2450504.500000000, A.D. 1997-Feb-25 00:00:00.0000,  4.760175479573769E+09,  5.058621569040577E+09, -3.183976432368984E+08,
2450505.500000000, A.D. 1997-Feb-26 00:00:00.0000,  4.759904472564600E+09,  5.058875610809313E+09, -3.184646286434853E+08,
2450506.500000000, A.D. 1997-Feb-27 00:00:00.0000,  4.759633450460783E+09,  5.059129639109240E+09, -3.185316130757368E+08,
2450507.500000000, A.D. 1997-Feb-28 00:00:00.0000,  4.759362413255803E+09,  5.059383653936036E+09, -3.185985965330763E+08,
2450508.500000000, A.D. 1997-Mar-01 00:00:00.0000,  4.759091360943139E+09,  5.059637655285168E+09, -3.186655790149395E+08,
2450509.500000000, A.D. 1997-Mar-02 00:00:00.0000,  4.758820293516274E+09,  5.059891643151867E+09, -3.187325605207748E+08,
2450510.500000000, A.D. 1997-Mar-03 00:00:00.0000,  4.758549210968698E+09,  5.060145617531128E+09, -3.187995410500433E+08,
2450511.500000000, A.D. 1997-Mar-04 00:00:00.0000,  4.758278113293902E+09,  5.060399578417680E+09, -3.188665206022234E+08,
2450512.500000000, A.D. 1997-Mar-05 00:00:00.0000,  4.758007000485402E+09,  5.060653525805975E+09, -3.189334991768103E+08,
2450513.500000000, A.D. 1997-Mar-06 00:00:00.0000,  4.757735872536732E+09,  5.060907459690158E+09, -3.190004767733216E+08,
2450514.500000000, A.D. 1997-Mar-07 00:00:00.0000,  4.757464729441466E+09,  5.061161380064048E+09, -3.190674533912988E+08,
2450515.500000000, A.D. 1997-Mar-08 00:00:00.0000,  4.757193571193239E+09,  5.061415286921110E+09, -3.191344290303109E+08,
2450516.500000000, A.D. 1997-Mar-09 00:00:00.0000,  4.756922397785761E+09,  5.061669180254433E+09, -3.192014036899605E+08,
2450517.500000000, A.D. 1997-Mar-10 00:00:00.0000,  4.756651209212852E+09,  5.061923060056690E+09, -3.192683773698866E+08,
2450518.500000000, A.D. 1997-Mar-11 00:00:00.0000,  4.756380005468483E+09,  5.062176926320123E+09, -3.193353500697742E+08,
2450519.500000000, A.D. 1997-Mar-12 00:00:00.0000,  4.756108786546819E+09,  5.062430779036505E+09, -3.194023217893565E+08,
2450520.500000000, A.D. 1997-Mar-13 00:00:00.0000,  4.755837552442272E+09,  5.062684618197123E+09, -3.194692925284252E+08,
2450521.500000000, A.D. 1997-Mar-14 00:00:00.0000,  4.755566303149580E+09,  5.062938443792757E+09, -3.195362622868376E+08,
2450522.500000000, A.D. 1997-Mar-15 00:00:00.0000,  4.755295038663874E+09,  5.063192255813673E+09, -3.196032310645254E+08,
2450523.500000000, A.D. 1997-Mar-16 00:00:00.0000,  4.755023758980776E+09,  5.063446054249625E+09, -3.196701988614995E+08,
2450524.500000000, A.D. 1997-Mar-17 00:00:00.0000,  4.754752464096498E+09,  5.063699839089872E+09, -3.197371656778636E+08,
2450525.500000000, A.D. 1997-Mar-18 00:00:00.0000,  4.754481154007950E+09,  5.063953610323226E+09, -3.198041315138144E+08,
2450526.500000000, A.D. 1997-Mar-19 00:00:00.0000,  4.754209828712849E+09,  5.064207367938111E+09, -3.198710963696525E+08,
2450527.500000000, A.D. 1997-Mar-20 00:00:00.0000,  4.753938488209828E+09,  5.064461111922665E+09, -3.199380602457809E+08,
2450528.500000000, A.D. 1997-Mar-21 00:00:00.0000,  4.753667132498536E+09,  5.064714842264861E+09, -3.200050231427047E+08,
2450529.500000000, A.D. 1997-Mar-22 00:00:00.0000,  4.753395761579706E+09,  5.064968558952669E+09, -3.200719850610247E+08,
2450530.500000000, A.D. 1997-Mar-23 00:00:00.0000,  4.753124375455211E+09,  5.065222261974237E+09, -3.201389460014291E+08,
2450531.500000000, A.D. 1997-Mar-24 00:00:00.0000,  4.752852974128056E+09,  5.065475951318093E+09, -3.202059059646733E+08,
2450532.500000000, A.D. 1997-Mar-25 00:00:00.0000,  4.752581557602345E+09,  5.065729626973365E+09, -3.202728649515641E+08,
2450533.500000000, A.D. 1997-Mar-26 00:00:00.0000,  4.752310125883175E+09,  5.065983288929975E+09, -3.203398229629285E+08,
2450534.500000000, A.D. 1997-Mar-27 00:00:00.0000,  4.752038678976491E+09,  5.066236937178827E+09, -3.204067799995897E+08,
2450535.500000000, A.D. 1997-Mar-28 00:00:00.0000,  4.751767216888889E+09,  5.066490571711958E+09, -3.204737360623355E+08,
2450536.500000000, A.D. 1997-Mar-29 00:00:00.0000,  4.751495739627396E+09,  5.066744192522611E+09, -3.205406911518905E+08,
2450537.500000000, A.D. 1997-Mar-30 00:00:00.0000,  4.751224247199217E+09,  5.066997799605287E+09, -3.206076452688911E+08,
2450538.500000000, A.D. 1997-Mar-31 00:00:00.0000,  4.750952739611506E+09,  5.067251392955710E+09, -3.206745984138687E+08,
2450539.500000000, A.D. 1997-Apr-01 00:00:00.0000,  4.750681216871139E+09,  5.067504972570745E+09, -3.207415505872319E+08,
2450540.500000000, A.D. 1997-Apr-02 00:00:00.0000,  4.750409678984533E+09,  5.067758538448263E+09, -3.208085017892632E+08,
2450541.500000000, A.D. 1997-Apr-03 00:00:00.0000,  4.750138125957501E+09,  5.068012090586992E+09, -3.208754520201197E+08,
2450542.500000000, A.D. 1997-Apr-04 00:00:00.0000,  4.749866557795156E+09,  5.068265628986332E+09, -3.209424012798359E+08,
2450543.500000000, A.D. 1997-Apr-05 00:00:00.0000,  4.749594974501861E+09,  5.068519153646174E+09, -3.210093495683389E+08,
2450544.500000000, A.D. 1997-Apr-06 00:00:00.0000,  4.749323376081225E+09,  5.068772664566740E+09, -3.210762968854556E+08,
2450545.500000000, A.D. 1997-Apr-07 00:00:00.0000,  4.749051762536127E+09,  5.069026161748411E+09, -3.211432432309344E+08,
2450546.500000000, A.D. 1997-Apr-08 00:00:00.0000,  4.748780133868766E+09,  5.069279645191617E+09, -3.212101886044562E+08,
2450547.500000000, A.D. 1997-Apr-09 00:00:00.0000,  4.748508490080729E+09,  5.069533114896717E+09, -3.212771330056515E+08,
2450548.500000000, A.D. 1997-Apr-10 00:00:00.0000,  4.748236831173072E+09,  5.069786570863924E+09, -3.213440764341147E+08,
2450549.500000000, A.D. 1997-Apr-11 00:00:00.0000,  4.747965157146398E+09,  5.070040013093247E+09, -3.214110188894141E+08,
2450550.500000000, A.D. 1997-Apr-12 00:00:00.0000,  4.747693468000937E+09,  5.070293441584449E+09, -3.214779603711057E+08,
2450551.500000000, A.D. 1997-Apr-13 00:00:00.0000,  4.747421763736627E+09,  5.070546856337029E+09, -3.215449008787405E+08,
2450552.500000000, A.D. 1997-Apr-14 00:00:00.0000,  4.747150044353177E+09,  5.070800257350210E+09, -3.216118404118729E+08,
2450553.500000000, A.D. 1997-Apr-15 00:00:00.0000,  4.746878309850133E+09,  5.071053644622947E+09, -3.216787789700634E+08,
2450554.500000000, A.D. 1997-Apr-16 00:00:00.0000,  4.746606560226929E+09,  5.071307018153937E+09, -3.217457165528891E+08,
2450555.500000000, A.D. 1997-Apr-17 00:00:00.0000,  4.746334795482937E+09,  5.071560377941628E+09, -3.218126531599391E+08,
2450556.500000000, A.D. 1997-Apr-18 00:00:00.0000,  4.746063015617502E+09,  5.071813723984241E+09, -3.218795887908235E+08,
2450557.500000000, A.D. 1997-Apr-19 00:00:00.0000,  4.745791220629977E+09,  5.072067056279797E+09, -3.219465234451702E+08,
2450558.500000000, A.D. 1997-Apr-20 00:00:00.0000,  4.745519410519745E+09,  5.072320374826133E+09, -3.220134571226287E+08,
2450559.500000000, A.D. 1997-Apr-21 00:00:00.0000,  4.745247585286245E+09,  5.072573679620930E+09, -3.220803898228695E+08,
2450560.500000000, A.D. 1997-Apr-22 00:00:00.0000,  4.744975744928985E+09,  5.072826970661729E+09, -3.221473215455825E+08,
2450561.500000000, A.D. 1997-Apr-23 00:00:00.0000,  4.744703889447553E+09,  5.073080247945959E+09, -3.222142522904794E+08,
2450562.500000000, A.D. 1997-Apr-24 00:00:00.0000,  4.744432018841629E+09,  5.073333511470952E+09, -3.222811820572903E+08,
2450563.500000000, A.D. 1997-Apr-25 00:00:00.0000,  4.744160133110991E+09,  5.073586761233972E+09, -3.223481108457656E+08,
2450564.500000000, A.D. 1997-Apr-26 00:00:00.0000,  4.743888232255514E+09,  5.073839997232217E+09, -3.224150386556714E+08,
2450565.500000000, A.D. 1997-Apr-27 00:00:00.0000,  4.743616316275178E+09,  5.074093219462854E+09, -3.224819654867940E+08,
2450566.500000000, A.D. 1997-Apr-28 00:00:00.0000,  4.743344385170064E+09,  5.074346427923020E+09, -3.225488913389328E+08,
2450567.500000000, A.D. 1997-Apr-29 00:00:00.0000,  4.743072438940355E+09,  5.074599622609849E+09, -3.226158162119048E+08,
2450568.500000000, A.D. 1997-Apr-30 00:00:00.0000,  4.742800477586331E+09,  5.074852803520471E+09, -3.226827401055391E+08,
2450569.500000000, A.D. 1997-May-01 00:00:00.0000,  4.742528501108371E+09,  5.075105970652036E+09, -3.227496630196784E+08,
2450570.500000000, A.D. 1997-May-02 00:00:00.0000,  4.742256509506939E+09,  5.075359124001719E+09, -3.228165849541781E+08,
2450571.500000000, A.D. 1997-May-03 00:00:00.0000,  4.741984502782591E+09,  5.075612263566730E+09, -3.228835059089034E+08,
2450572.500000000, A.D. 1997-May-04 00:00:00.0000,  4.741712480935963E+09,  5.075865389344326E+09, -3.229504258837302E+08,
2450573.500000000, A.D. 1997-May-05 00:00:00.0000,  4.741440443967766E+09,  5.076118501331819E+09, -3.230173448785439E+08,
2450574.500000000, A.D. 1997-May-06 00:00:00.0000,  4.741168391878778E+09,  5.076371599526575E+09, -3.230842628932364E+08,
2450575.500000000, A.D. 1997-May-07 00:00:00.0000,  4.740896324669847E+09,  5.076624683926028E+09, -3.231511799277079E+08,
2450576.500000000, A.D. 1997-May-08 00:00:00.0000,  4.740624242341868E+09,  5.076877754527691E+09, -3.232180959818664E+08,
2450577.500000000, A.D. 1997-May-09 00:00:00.0000,  4.740352144895791E+09,  5.077130811329143E+09, -3.232850110556223E+08,
2450578.500000000, A.D. 1997-May-10 00:00:00.0000,  4.740080032332606E+09,  5.077383854328053E+09, -3.233519251488938E+08,
2450579.500000000, A.D. 1997-May-11 00:00:00.0000,  4.739807904653338E+09,  5.077636883522171E+09, -3.234188382616019E+08,
2450580.500000000, A.D. 1997-May-12 00:00:00.0000,  4.739535761859038E+09,  5.077889898909333E+09, -3.234857503936703E+08,
2450581.500000000, A.D. 1997-May-13 00:00:00.0000,  4.739263603950775E+09,  5.078142900487466E+09, -3.235526615450263E+08,
2450582.500000000, A.D. 1997-May-14 00:00:00.0000,  4.738991430929627E+09,  5.078395888254584E+09, -3.236195717155983E+08,
2450583.500000000, A.D. 1997-May-15 00:00:00.0000,  4.738719242796680E+09,  5.078648862208800E+09, -3.236864809053173E+08,
2450584.500000000, A.D. 1997-May-16 00:00:00.0000,  4.738447039553007E+09,  5.078901822348310E+09, -3.237533891141133E+08,
2450585.500000000, A.D. 1997-May-17 00:00:00.0000,  4.738174821199673E+09,  5.079154768671406E+09, -3.238202963419185E+08,
2450586.500000000, A.D. 1997-May-18 00:00:00.0000,  4.737902587737711E+09,  5.079407701176465E+09, -3.238872025886631E+08,
2450587.500000000, A.D. 1997-May-19 00:00:00.0000,  4.737630339168131E+09,  5.079660619861951E+09, -3.239541078542776E+08,
2450588.500000000, A.D. 1997-May-20 00:00:00.0000,  4.737358075491896E+09,  5.079913524726414E+09, -3.240210121386905E+08,
2450589.500000000, A.D. 1997-May-21 00:00:00.0000,  4.737085796709921E+09,  5.080166415768475E+09, -3.240879154418292E+08,
2450590.500000000, A.D. 1997-May-22 00:00:00.0000,  4.736813502823062E+09,  5.080419292986833E+09, -3.241548177636189E+08,
2450591.500000000, A.D. 1997-May-23 00:00:00.0000,  4.736541193832108E+09,  5.080672156380255E+09, -3.242217191039846E+08,
2450592.500000000, A.D. 1997-May-24 00:00:00.0000,  4.736268869737768E+09,  5.080925005947559E+09, -3.242886194628484E+08,
2450593.500000000, A.D. 1997-May-25 00:00:00.0000,  4.735996530540671E+09,  5.081177841687618E+09, -3.243555188401299E+08,
2450594.500000000, A.D. 1997-May-26 00:00:00.0000,  4.735724176241351E+09,  5.081430663599339E+09, -3.244224172357481E+08,
2450595.500000000, A.D. 1997-May-27 00:00:00.0000,  4.735451806840242E+09,  5.081683471681654E+09, -3.244893146496217E+08,
2450596.500000000, A.D. 1997-May-28 00:00:00.0000,  4.735179422337670E+09,  5.081936265933502E+09, -3.245562110816672E+08,
2450597.500000000, A.D. 1997-May-29 00:00:00.0000,  4.734907022733849E+09,  5.082189046353823E+09, -3.246231065318024E+08,
2450598.500000000, A.D. 1997-May-30 00:00:00.0000,  4.734634608028877E+09,  5.082441812941523E+09, -3.246900009999475E+08,
2450599.500000000, A.D. 1997-May-31 00:00:00.0000,  4.734362178222735E+09,  5.082694565695469E+09, -3.247568944860268E+08,
2450600.500000000, A.D. 1997-Jun-01 00:00:00.0000,  4.734089733315283E+09,  5.082947304614451E+09, -3.248237869899664E+08,
2450601.500000000, A.D. 1997-Jun-02 00:00:00.0000,  4.733817273306265E+09,  5.083200029697168E+09, -3.248906785117037E+08,
2450602.500000000, A.D. 1997-Jun-03 00:00:00.0000,  4.733544798195319E+09,  5.083452740942196E+09, -3.249575690511849E+08,
2450603.500000000, A.D. 1997-Jun-04 00:00:00.0000,  4.733272307981987E+09,  5.083705438347952E+09, -3.250244586083722E+08,
2450604.500000000, A.D. 1997-Jun-05 00:00:00.0000,  4.732999802665729E+09,  5.083958121912670E+09, -3.250913471832442E+08,
2450605.500000000, A.D. 1997-Jun-06 00:00:00.0000,  4.732727282245951E+09,  5.084210791634365E+09, -3.251582347758031E+08,
2450606.500000000, A.D. 1997-Jun-07 00:00:00.0000,  4.732454746722035E+09,  5.084463447510798E+09, -3.252251213860817E+08,
2450607.500000000, A.D. 1997-Jun-08 00:00:00.0000,  4.732182196093383E+09,  5.084716089539446E+09, -3.252920070141461E+08,
2450608.500000000, A.D. 1997-Jun-09 00:00:00.0000,  4.731909630359465E+09,  5.084968717717474E+09, -3.253588916601059E+08,
2450609.500000000, A.D. 1997-Jun-10 00:00:00.0000,  4.731637049519881E+09,  5.085221332041712E+09, -3.254257753241196E+08,
2450610.500000000, A.D. 1997-Jun-11 00:00:00.0000,  4.731364453574439E+09,  5.085473932508636E+09, -3.254926580064054E+08,
2450611.500000000, A.D. 1997-Jun-12 00:00:00.0000,  4.731091842523239E+09,  5.085726519114370E+09, -3.255595397072432E+08,
2450612.500000000, A.D. 1997-Jun-13 00:00:00.0000,  4.730819216366766E+09,  5.085979091854702E+09, -3.256264204269907E+08,
2450613.500000000, A.D. 1997-Jun-14 00:00:00.0000,  4.730546575105995E+09,  5.086231650725120E+09, -3.256933001660826E+08,
2450614.500000000, A.D. 1997-Jun-15 00:00:00.0000,  4.730273918742500E+09,  5.086484195720862E+09, -3.257601789250388E+08,
2450615.500000000, A.D. 1997-Jun-16 00:00:00.0000,  4.730001247278551E+09,  5.086736726837025E+09, -3.258270567044640E+08,
2450616.500000000, A.D. 1997-Jun-17 00:00:00.0000,  4.729728560717210E+09,  5.086989244068666E+09, -3.258939335050488E+08,
2450617.500000000, A.D. 1997-Jun-18 00:00:00.0000,  4.729455859062402E+09,  5.087241747410973E+09, -3.259608093275630E+08,
2450618.500000000, A.D. 1997-Jun-19 00:00:00.0000,  4.729183142318951E+09,  5.087494236859426E+09, -3.260276841728423E+08,
2450619.500000000, A.D. 1997-Jun-20 00:00:00.0000,  4.728910410492585E+09,  5.087746712410000E+09, -3.260945580417740E+08,
2450620.500000000, A.D. 1997-Jun-21 00:00:00.0000,  4.728637663589879E+09,  5.087999174059380E+09, -3.261614309352758E+08,
2450621.500000000, A.D. 1997-Jun-22 00:00:00.0000,  4.728364901618160E+09,  5.088251621805140E+09, -3.262283028542693E+08,
2450622.500000000, A.D. 1997-Jun-23 00:00:00.0000,  4.728092124585346E+09,  5.088504055645929E+09, -3.262951737996502E+08,
2450623.500000000, A.D. 1997-Jun-24 00:00:00.0000,  4.727819332499751E+09,  5.088756475581607E+09, -3.263620437722623E+08,
2450624.500000000, A.D. 1997-Jun-25 00:00:00.0000,  4.727546525369855E+09,  5.089008881613317E+09, -3.264289127728658E+08,
2450625.500000000, A.D. 1997-Jun-26 00:00:00.0000,  4.727273703204061E+09,  5.089261273743521E+09, -3.264957808021138E+08,
2450626.500000000, A.D. 1997-Jun-27 00:00:00.0000,  4.727000866010448E+09,  5.089513651975958E+09, -3.265626478605349E+08,
2450627.500000000, A.D. 1997-Jun-28 00:00:00.0000,  4.726728013796556E+09,  5.089766016315546E+09, -3.266295139485166E+08,
2450628.500000000, A.D. 1997-Jun-29 00:00:00.0000,  4.726455146569192E+09,  5.090018366768252E+09, -3.266963790663023E+08,
2450629.500000000, A.D. 1997-Jun-30 00:00:00.0000,  4.726182264334295E+09,  5.090270703340924E+09, -3.267632432139909E+08,
2450630.500000000, A.D. 1997-Jul-01 00:00:00.0000,  4.725909367096837E+09,  5.090523026041092E+09, -3.268301063915412E+08,
2450631.500000000, A.D. 1997-Jul-02 00:00:00.0000,  4.725636454860773E+09,  5.090775334876799E+09, -3.268969685987844E+08,
2450632.500000000, A.D. 1997-Jul-03 00:00:00.0000,  4.725363527629034E+09,  5.091027629856404E+09, -3.269638298354373E+08,
2450633.500000000, A.D. 1997-Jul-04 00:00:00.0000,  4.725090585403555E+09,  5.091279910988441E+09, -3.270306901011183E+08,
2450634.500000000, A.D. 1997-Jul-05 00:00:00.0000,  4.724817628185324E+09,  5.091532178281462E+09, -3.270975493953602E+08,
2450635.500000000, A.D. 1997-Jul-06 00:00:00.0000,  4.724544655974452E+09,  5.091784431743931E+09, -3.271644077176280E+08,
2450636.500000000, A.D. 1997-Jul-07 00:00:00.0000,  4.724271668770248E+09,  5.092036671384142E+09, -3.272312650673339E+08,
2450637.500000000, A.D. 1997-Jul-08 00:00:00.0000,  4.723998666571309E+09,  5.092288897210144E+09, -3.272981214438455E+08,
2450638.500000000, A.D. 1997-Jul-09 00:00:00.0000,  4.723725649375588E+09,  5.092541109229697E+09, -3.273649768465018E+08,
2450639.500000000, A.D. 1997-Jul-10 00:00:00.0000,  4.723452617180484E+09,  5.092793307450247E+09, -3.274318312746191E+08,
2450640.500000000, A.D. 1997-Jul-11 00:00:00.0000,  4.723179569982901E+09,  5.093045491878903E+09, -3.274986847274992E+08,
2450641.500000000, A.D. 1997-Jul-12 00:00:00.0000,  4.722906507779317E+09,  5.093297662522440E+09, -3.275655372044356E+08,
2450642.500000000, A.D. 1997-Jul-13 00:00:00.0000,  4.722633430565841E+09,  5.093549819387293E+09, -3.276323887047162E+08,
2450643.500000000, A.D. 1997-Jul-14 00:00:00.0000,  4.722360338338254E+09,  5.093801962479569E+09, -3.276992392276309E+08,
2450644.500000000, A.D. 1997-Jul-15 00:00:00.0000,  4.722087231092055E+09,  5.094054091805059E+09, -3.277660887724698E+08,
2450645.500000000, A.D. 1997-Jul-16 00:00:00.0000,  4.721814108822495E+09,  5.094306207369246E+09, -3.278329373385270E+08,
2450646.500000000, A.D. 1997-Jul-17 00:00:00.0000,  4.721540971524607E+09,  5.094558309177327E+09, -3.278997849251001E+08,
2450647.500000000, A.D. 1997-Jul-18 00:00:00.0000,  4.721267819193219E+09,  5.094810397234222E+09, -3.279666315314929E+08,
2450648.500000000, A.D. 1997-Jul-19 00:00:00.0000,  4.720994651822989E+09,  5.095062471544595E+09, -3.280334771570160E+08,
2450649.500000000, A.D. 1997-Jul-20 00:00:00.0000,  4.720721469408407E+09,  5.095314532112852E+09, -3.281003218009806E+08,
2450650.500000000, A.D. 1997-Jul-21 00:00:00.0000,  4.720448271943817E+09,  5.095566578943180E+09, -3.281671654627090E+08,
2450651.500000000, A.D. 1997-Jul-22 00:00:00.0000,  4.720175059423421E+09,  5.095818612039534E+09, -3.282340081415219E+08,
2450652.500000000, A.D. 1997-Jul-23 00:00:00.0000,  4.719901831841290E+09,  5.096070631405662E+09, -3.283008498367496E+08,
2450653.500000000, A.D. 1997-Jul-24 00:00:00.0000,  4.719628589191364E+09,  5.096322637045107E+09, -3.283676905477204E+08,
2450654.500000000, A.D. 1997-Jul-25 00:00:00.0000,  4.719355331467468E+09,  5.096574628961226E+09, -3.284345302737703E+08,
2450655.500000000, A.D. 1997-Jul-26 00:00:00.0000,  4.719082058663304E+09,  5.096826607157178E+09, -3.285013690142334E+08,
2450656.500000000, A.D. 1997-Jul-27 00:00:00.0000,  4.718808770772461E+09,  5.097078571635952E+09, -3.285682067684474E+08,
2450657.500000000, A.D. 1997-Jul-28 00:00:00.0000,  4.718535467788413E+09,  5.097330522400357E+09, -3.286350435357511E+08,
2450658.500000000, A.D. 1997-Jul-29 00:00:00.0000,  4.718262149704522E+09,  5.097582459453032E+09, -3.287018793154819E+08,
2450659.500000000, A.D. 1997-Jul-30 00:00:00.0000,  4.717988816514039E+09,  5.097834382796449E+09, -3.287687141069782E+08,
2450660.500000000, A.D. 1997-Jul-31 00:00:00.0000,  4.717715468210105E+09,  5.098086292432914E+09, -3.288355479095776E+08,
2450661.500000000, A.D. 1997-Aug-01 00:00:00.0000,  4.717442104785747E+09,  5.098338188364567E+09, -3.289023807226145E+08,
2450662.500000000, A.D. 1997-Aug-02 00:00:00.0000,  4.717168726233885E+09,  5.098590070593390E+09, -3.289692125454233E+08,
2450663.500000000, A.D. 1997-Aug-03 00:00:00.0000,  4.716895332547328E+09,  5.098841939121205E+09, -3.290360433773363E+08,
2450664.500000000, A.D. 1997-Aug-04 00:00:00.0000,  4.716621923718775E+09,  5.099093793949666E+09, -3.291028732176821E+08,
2450665.500000000, A.D. 1997-Aug-05 00:00:00.0000,  4.716348499740810E+09,  5.099345635080267E+09, -3.291697020657856E+08,
2450666.500000000, A.D. 1997-Aug-06 00:00:00.0000,  4.716075060605912E+09,  5.099597462514342E+09, -3.292365299209721E+08,
2450667.500000000, A.D. 1997-Aug-07 00:00:00.0000,  4.715801606306445E+09,  5.099849276253054E+09, -3.293033567825580E+08,
2450668.500000000, A.D. 1997-Aug-08 00:00:00.0000,  4.715528136834660E+09,  5.100101076297403E+09, -3.293701826498601E+08,
2450669.500000000, A.D. 1997-Aug-09 00:00:00.0000,  4.715254652182696E+09,  5.100352862648221E+09, -3.294370075221894E+08,
2450670.500000000, A.D. 1997-Aug-10 00:00:00.0000,  4.714981152342584E+09,  5.100604635306161E+09, -3.295038313988535E+08,
2450671.500000000, A.D. 1997-Aug-11 00:00:00.0000,  4.714707637306233E+09,  5.100856394271709E+09, -3.295706542791557E+08,
2450672.500000000, A.D. 1997-Aug-12 00:00:00.0000,  4.714434107065444E+09,  5.101108139545164E+09, -3.296374761623945E+08,
2450673.500000000, A.D. 1997-Aug-13 00:00:00.0000,  4.714160561611900E+09,  5.101359871126641E+09, -3.297042970478637E+08,
2450674.500000000, A.D. 1997-Aug-14 00:00:00.0000,  4.713887000937173E+09,  5.101611589016071E+09, -3.297711169348550E+08,
2450675.500000000, A.D. 1997-Aug-15 00:00:00.0000,  4.713613425032713E+09,  5.101863293213184E+09, -3.298379358226531E+08,
2450676.500000000, A.D. 1997-Aug-16 00:00:00.0000,  4.713339833889858E+09,  5.102114983717511E+09, -3.299047537105398E+08,
2450677.500000000, A.D. 1997-Aug-17 00:00:00.0000,  4.713066227499827E+09,  5.102366660528375E+09, -3.299715705977941E+08,
2450678.500000000, A.D. 1997-Aug-18 00:00:00.0000,  4.712792605853724E+09,  5.102618323644880E+09, -3.300383864836898E+08,
2450679.500000000, A.D. 1997-Aug-19 00:00:00.0000,  4.712518968942529E+09,  5.102869973065908E+09, -3.301052013674996E+08,
2450680.500000000, A.D. 1997-Aug-20 00:00:00.0000,  4.712245316757111E+09,  5.103121608790103E+09, -3.301720152484901E+08,
2450681.500000000, A.D. 1997-Aug-21 00:00:00.0000,  4.711971649288215E+09,  5.103373230815863E+09, -3.302388281259301E+08,
2450682.500000000, A.D. 1997-Aug-22 00:00:00.0000,  4.711697966526475E+09,  5.103624839141326E+09, -3.303056399990840E+08,
2450683.500000000, A.D. 1997-Aug-23 00:00:00.0000,  4.711424268462406E+09,  5.103876433764360E+09, -3.303724508672185E+08,
2450684.500000000, A.D. 1997-Aug-24 00:00:00.0000,  4.711150555086409E+09,  5.104128014682541E+09, -3.304392607295985E+08,
2450685.500000000, A.D. 1997-Aug-25 00:00:00.0000,  4.710876826388776E+09,  5.104379581893143E+09, -3.305060695854952E+08,
2450686.500000000, A.D. 1997-Aug-26 00:00:00.0000,  4.710603082359692E+09,  5.104631135393114E+09, -3.305728774341800E+08,
2450687.500000000, A.D. 1997-Aug-27 00:00:00.0000,  4.710329322989244E+09,  5.104882675179051E+09, -3.306396842749329E+08,
2450688.500000000, A.D. 1997-Aug-28 00:00:00.0000,  4.710055548267431E+09,  5.105134201247192E+09, -3.307064901070428E+08,
2450689.500000000, A.D. 1997-Aug-29 00:00:00.0000,  4.709781758184171E+09,  5.105385713593372E+09, -3.307732949298100E+08,
2450690.500000000, A.D. 1997-Aug-30 00:00:00.0000,  4.709507952729322E+09,  5.105637212213008E+09, -3.308400987425499E+08,
2450691.500000000, A.D. 1997-Aug-31 00:00:00.0000,  4.709234131892703E+09,  5.105888697101062E+09, -3.309069015445971E+08,
2450692.500000000, A.D. 1997-Sep-01 00:00:00.0000,  4.708960295664113E+09,  5.106140168252017E+09, -3.309737033353105E+08,
2450693.500000000, A.D. 1997-Sep-02 00:00:00.0000,  4.708686444033373E+09,  5.106391625659843E+09, -3.310405041140792E+08,
2450694.500000000, A.D. 1997-Sep-03 00:00:00.0000,  4.708412576990362E+09,  5.106643069317963E+09, -3.311073038803270E+08,
2450695.500000000, A.D. 1997-Sep-04 00:00:00.0000,  4.708138694525066E+09,  5.106894499219229E+09, -3.311741026335208E+08,
2450696.500000000, A.D. 1997-Sep-05 00:00:00.0000,  4.707864796627645E+09,  5.107145915355886E+09, -3.312409003731775E+08,
2450697.500000000, A.D. 1997-Sep-06 00:00:00.0000,  4.707590883288490E+09,  5.107397317719562E+09, -3.313076970988705E+08,
2450698.500000000, A.D. 1997-Sep-07 00:00:00.0000,  4.707316954498328E+09,  5.107648706301250E+09, -3.313744928102422E+08,
2450699.500000000, A.D. 1997-Sep-08 00:00:00.0000,  4.707043010248292E+09,  5.107900081091315E+09, -3.314412875070076E+08,
2450700.500000000, A.D. 1997-Sep-09 00:00:00.0000,  4.706769050530044E+09,  5.108151442079509E+09, -3.315080811889670E+08,
2450701.500000000, A.D. 1997-Sep-10 00:00:00.0000,  4.706495075335875E+09,  5.108402789255005E+09, -3.315748738560059E+08,
2450702.500000000, A.D. 1997-Sep-11 00:00:00.0000,  4.706221084658822E+09,  5.108654122606478E+09, -3.316416655081098E+08,
2450703.500000000, A.D. 1997-Sep-12 00:00:00.0000,  4.705947078492783E+09,  5.108905442122187E+09, -3.317084561453567E+08,
2450704.500000000, A.D. 1997-Sep-13 00:00:00.0000,  4.705673056832609E+09,  5.109156747790101E+09, -3.317752457679214E+08,
2450705.500000000, A.D. 1997-Sep-14 00:00:00.0000,  4.705399019674189E+09,  5.109408039598067E+09, -3.318420343760700E+08,
2450706.500000000, A.D. 1997-Sep-15 00:00:00.0000,  4.705124967014487E+09,  5.109659317533982E+09, -3.319088219701457E+08,
2450707.500000000, A.D. 1997-Sep-16 00:00:00.0000,  4.704850898851557E+09,  5.109910581586001E+09, -3.319756085505550E+08,
2450708.500000000, A.D. 1997-Sep-17 00:00:00.0000,  4.704576815184491E+09,  5.110161831742747E+09, -3.320423941177471E+08,
2450709.500000000, A.D. 1997-Sep-18 00:00:00.0000,  4.704302716013326E+09,  5.110413067993508E+09, -3.321091786721847E+08,
2450710.500000000, A.D. 1997-Sep-19 00:00:00.0000,  4.704028601338891E+09,  5.110664290328422E+09, -3.321759622143202E+08,
2450711.500000000, A.D. 1997-Sep-20 00:00:00.0000,  4.703754471162621E+09,  5.110915498738613E+09, -3.322427447445652E+08,
2450712.500000000, A.D. 1997-Sep-21 00:00:00.0000,  4.703480325486329E+09,  5.111166693216279E+09, -3.323095262632608E+08,
2450713.500000000, A.D. 1997-Sep-22 00:00:00.0000,  4.703206164311961E+09,  5.111417873754717E+09, -3.323763067706549E+08,
2450714.500000000, A.D. 1997-Sep-23 00:00:00.0000,  4.702931987641374E+09,  5.111669040348294E+09, -3.324430862668846E+08,
2450715.500000000, A.D. 1997-Sep-24 00:00:00.0000,  4.702657795476110E+09,  5.111920192992362E+09, -3.325098647519612E+08,
2450716.500000000, A.D. 1997-Sep-25 00:00:00.0000,  4.702383587817225E+09,  5.112171331683110E+09, -3.325766422257657E+08,
2450717.500000000, A.D. 1997-Sep-26 00:00:00.0000,  4.702109364665143E+09,  5.112422456417427E+09, -3.326434186880505E+08,
2450718.500000000, A.D. 1997-Sep-27 00:00:00.0000,  4.701835126019579E+09,  5.112673567192695E+09, -3.327101941384444E+08,
2450719.500000000, A.D. 1997-Sep-28 00:00:00.0000,  4.701560871879491E+09,  5.112924664006626E+09, -3.327769685764649E+08,
2450720.500000000, A.D. 1997-Sep-29 00:00:00.0000,  4.701286602243075E+09,  5.113175746857094E+09, -3.328437420015311E+08,
2450721.500000000, A.D. 1997-Sep-30 00:00:00.0000,  4.701012317107805E+09,  5.113426815741959E+09, -3.329105144129786E+08,
2450722.500000000, A.D. 1997-Oct-01 00:00:00.0000,  4.700738016470483E+09,  5.113677870658970E+09, -3.329772858100781E+08,
2450723.500000000, A.D. 1997-Oct-02 00:00:00.0000,  4.700463700327313E+09,  5.113928911605629E+09, -3.330440561920485E+08,
2450724.500000000, A.D. 1997-Oct-03 00:00:00.0000,  4.700189368673990E+09,  5.114179938579130E+09, -3.331108255580692E+08,
2450725.500000000, A.D. 1997-Oct-04 00:00:00.0000,  4.699915021505775E+09,  5.114430951576301E+09, -3.331775939072988E+08,
2450726.500000000, A.D. 1997-Oct-05 00:00:00.0000,  4.699640658817589E+09,  5.114681950593550E+09, -3.332443612388797E+08,
2450727.500000000, A.D. 1997-Oct-06 00:00:00.0000,  4.699366280604085E+09,  5.114932935626866E+09, -3.333111275519512E+08,
2450728.500000000, A.D. 1997-Oct-07 00:00:00.0000,  4.699091886859730E+09,  5.115183906671797E+09, -3.333778928456554E+08,
2450729.500000000, A.D. 1997-Oct-08 00:00:00.0000,  4.698817477578863E+09,  5.115434863723454E+09, -3.334446571191423E+08,
2450730.500000000, A.D. 1997-Oct-09 00:00:00.0000,  4.698543052755757E+09,  5.115685806776531E+09, -3.335114203715782E+08,
2450731.500000000, A.D. 1997-Oct-10 00:00:00.0000,  4.698268612384668E+09,  5.115936735825308E+09, -3.335781826021435E+08,
2450732.500000000, A.D. 1997-Oct-11 00:00:00.0000,  4.697994156459879E+09,  5.116187650863681E+09, -3.336449438100402E+08,
2450733.500000000, A.D. 1997-Oct-12 00:00:00.0000,  4.697719684975734E+09,  5.116438551885180E+09, -3.337117039944906E+08,
2450734.500000000, A.D. 1997-Oct-13 00:00:00.0000,  4.697445197926668E+09,  5.116689438882988E+09, -3.337784631547394E+08,
2450735.500000000, A.D. 1997-Oct-14 00:00:00.0000,  4.697170695307239E+09,  5.116940311849974E+09, -3.338452212900543E+08,
2450736.500000000, A.D. 1997-Oct-15 00:00:00.0000,  4.696896177112136E+09,  5.117191170778707E+09, -3.339119783997271E+08,
2450737.500000000, A.D. 1997-Oct-16 00:00:00.0000,  4.696621643336207E+09,  5.117442015661482E+09, -3.339787344830709E+08,
2450738.500000000, A.D. 1997-Oct-17 00:00:00.0000,  4.696347093974467E+09,  5.117692846490341E+09, -3.340454895394223E+08,
2450739.500000000, A.D. 1997-Oct-18 00:00:00.0000,  4.696072529022110E+09,  5.117943663257096E+09, -3.341122435681405E+08,
2450740.500000000, A.D. 1997-Oct-19 00:00:00.0000,  4.695797948474514E+09,  5.118194465953342E+09, -3.341789965686061E+08,
2450741.500000000, A.D. 1997-Oct-20 00:00:00.0000,  4.695523352327251E+09,  5.118445254570483E+09, -3.342457485402198E+08,
2450742.500000000, A.D. 1997-Oct-21 00:00:00.0000,  4.695248740576095E+09,  5.118696029099740E+09, -3.343124994824035E+08,
2450743.500000000, A.D. 1997-Oct-22 00:00:00.0000,  4.694974113217013E+09,  5.118946789532176E+09, -3.343792493945997E+08,
2450744.500000000, A.D. 1997-Oct-23 00:00:00.0000,  4.694699470246181E+09,  5.119197535858702E+09, -3.344459982762656E+08,
2450745.500000000, A.D. 1997-Oct-24 00:00:00.0000,  4.694424811659977E+09,  5.119448268070097E+09, -3.345127461268818E+08,
2450746.500000000, A.D. 1997-Oct-25 00:00:00.0000,  4.694150137454985E+09,  5.119698986157017E+09, -3.345794929459419E+08,
2450747.500000000, A.D. 1997-Oct-26 00:00:00.0000,  4.693875447627992E+09,  5.119949690110011E+09, -3.346462387329590E+08,
2450748.500000000, A.D. 1997-Oct-27 00:00:00.0000,  4.693600742175989E+09,  5.120200379919527E+09, -3.347129834874604E+08,
2450749.500000000, A.D. 1997-Oct-28 00:00:00.0000,  4.693326021096171E+09,  5.120451055575925E+09, -3.347797272089899E+08,
2450750.500000000, A.D. 1997-Oct-29 00:00:00.0000,  4.693051284385935E+09,  5.120701717069484E+09, -3.348464698971050E+08,
2450751.500000000, A.D. 1997-Oct-30 00:00:00.0000,  4.692776532042872E+09,  5.120952364390417E+09, -3.349132115513780E+08,
2450752.500000000, A.D. 1997-Oct-31 00:00:00.0000,  4.692501764064775E+09,  5.121202997528871E+09, -3.349799521713936E+08,
2450753.500000000, A.D. 1997-Nov-01 00:00:00.0000,  4.692226980449628E+09,  5.121453616474941E+09, -3.350466917567513E+08,
2450754.500000000, A.D. 1997-Nov-02 00:00:00.0000,  4.691952181195606E+09,  5.121704221218676E+09, -3.351134303070617E+08,
2450755.500000000, A.D. 1997-Nov-03 00:00:00.0000,  4.691677366301073E+09,  5.121954811750079E+09, -3.351801678219469E+08,
2450756.500000000, A.D. 1997-Nov-04 00:00:00.0000,  4.691402535764578E+09,  5.122205388059126E+09, -3.352469043010423E+08,
2450757.500000000, A.D. 1997-Nov-05 00:00:00.0000,  4.691127689584847E+09,  5.122455950135759E+09, -3.353136397439935E+08,
2450758.500000000, A.D. 1997-Nov-06 00:00:00.0000,  4.690852827760786E+09,  5.122706497969895E+09, -3.353803741504555E+08,
2450759.500000000, A.D. 1997-Nov-07 00:00:00.0000,  4.690577950291472E+09,  5.122957031551435E+09, -3.354471075200958E+08,
2450760.500000000, A.D. 1997-Nov-08 00:00:00.0000,  4.690303057176150E+09,  5.123207550870257E+09, -3.355138398525898E+08,
2450761.500000000, A.D. 1997-Nov-09 00:00:00.0000,  4.690028148414229E+09,  5.123458055916234E+09, -3.355805711476235E+08,
2450762.500000000, A.D. 1997-Nov-10 00:00:00.0000,  4.689753224005276E+09,  5.123708546679221E+09, -3.356473014048927E+08,
2450763.500000000, A.D. 1997-Nov-11 00:00:00.0000,  4.689478283949012E+09,  5.123959023149070E+09, -3.357140306241016E+08,
2450764.500000000, A.D. 1997-Nov-12 00:00:00.0000,  4.689203328245303E+09,  5.124209485315619E+09, -3.357807588049645E+08,
2450765.500000000, A.D. 1997-Nov-13 00:00:00.0000,  4.688928356894163E+09,  5.124459933168701E+09, -3.358474859472027E+08,
2450766.500000000, A.D. 1997-Nov-14 00:00:00.0000,  4.688653369895740E+09,  5.124710366698140E+09, -3.359142120505483E+08,
2450767.500000000, A.D. 1997-Nov-15 00:00:00.0000,  4.688378367250314E+09,  5.124960785893745E+09, -3.359809371147406E+08,
2450768.500000000, A.D. 1997-Nov-16 00:00:00.0000,  4.688103348958292E+09,  5.125211190745316E+09, -3.360476611395299E+08,
2450769.500000000, A.D. 1997-Nov-17 00:00:00.0000,  4.687828315020203E+09,  5.125461581242628E+09, -3.361143841246741E+08,
2450770.500000000, A.D. 1997-Nov-18 00:00:00.0000,  4.687553265436691E+09,  5.125711957375438E+09, -3.361811060699434E+08,
2450771.500000000, A.D. 1997-Nov-19 00:00:00.0000,  4.687278200208511E+09,  5.125962319133459E+09, -3.362478269751151E+08,
2450772.500000000, A.D. 1997-Nov-20 00:00:00.0000,  4.687003119336529E+09,  5.126212666506377E+09, -3.363145468399816E+08,
2450773.500000000, A.D. 1997-Nov-21 00:00:00.0000,  4.686728022821712E+09,  5.126462999483813E+09, -3.363812656643436E+08,
2450774.500000000, A.D. 1997-Nov-22 00:00:00.0000,  4.686452910665132E+09,  5.126713318055326E+09, -3.364479834480205E+08,
2450775.500000000, A.D. 1997-Nov-23 00:00:00.0000,  4.686177782867966E+09,  5.126963622210390E+09, -3.365147001908417E+08,
2450776.500000000, A.D. 1997-Nov-24 00:00:00.0000,  4.685902639431496E+09,  5.127213911938386E+09, -3.365814158926599E+08,
2450777.500000000, A.D. 1997-Nov-25 00:00:00.0000,  4.685627480357115E+09,  5.127464187228568E+09, -3.366481305533433E+08,
2450778.500000000, A.D. 1997-Nov-26 00:00:00.0000,  4.685352305646338E+09,  5.127714448070048E+09, -3.367148441727860E+08,
2450779.500000000, A.D. 1997-Nov-27 00:00:00.0000,  4.685077115300813E+09,  5.127964694451777E+09, -3.367815567509077E+08,
2450780.500000000, A.D. 1997-Nov-28 00:00:00.0000,  4.684801909322342E+09,  5.128214926362511E+09, -3.368482682876616E+08,
2450781.500000000, A.D. 1997-Nov-29 00:00:00.0000,  4.684526687712908E+09,  5.128465143790785E+09, -3.369149787830338E+08,
2450782.500000000, A.D. 1997-Nov-30 00:00:00.0000,  4.684251450474704E+09,  5.128715346724889E+09, -3.369816882370551E+08,
2450783.500000000, A.D. 1997-Dec-01 00:00:00.0000,  4.683976197610181E+09,  5.128965535152847E+09, -3.370483966498046E+08,
2450784.500000000, A.D. 1997-Dec-02 00:00:00.0000,  4.683700929122097E+09,  5.129215709062382E+09, -3.371151040214145E+08,
2450785.500000000, A.D. 1997-Dec-03 00:00:00.0000,  4.683425645013584E+09,  5.129465868440909E+09, -3.371818103520827E+08,
2450786.500000000, A.D. 1997-Dec-04 00:00:00.0000,  4.683150345288220E+09,  5.129716013275535E+09, -3.372485156420779E+08,
2450787.500000000, A.D. 1997-Dec-05 00:00:00.0000,  4.682875029950119E+09,  5.129966143553043E+09, -3.373152198917468E+08,
2450788.500000000, A.D. 1997-Dec-06 00:00:00.0000,  4.682599699004022E+09,  5.130216259259938E+09, -3.373819231015222E+08,
2450789.500000000, A.D. 1997-Dec-07 00:00:00.0000,  4.682324352455405E+09,  5.130466360382477E+09, -3.374486252719319E+08,
2450790.500000000, A.D. 1997-Dec-08 00:00:00.0000,  4.682048990310584E+09,  5.130716446906737E+09, -3.375153264035985E+08,
2450791.500000000, A.D. 1997-Dec-09 00:00:00.0000,  4.681773612576817E+09,  5.130966518818728E+09, -3.375820264972446E+08,
2450792.500000000, A.D. 1997-Dec-10 00:00:00.0000,  4.681498219262387E+09,  5.131216576104505E+09, -3.376487255536895E+08,
2450793.500000000, A.D. 1997-Dec-11 00:00:00.0000,  4.681222810376682E+09,  5.131466618750340E+09, -3.377154235738440E+08,
2450794.500000000, A.D. 1997-Dec-12 00:00:00.0000,  4.680947385930224E+09,  5.131716646742903E+09, -3.377821205586967E+08,
2450795.500000000, A.D. 1997-Dec-13 00:00:00.0000,  4.680671945934667E+09,  5.131966660069468E+09, -3.378488165092990E+08,
2450796.500000000, A.D. 1997-Dec-14 00:00:00.0000,  4.680396490402735E+09,  5.132216658718129E+09, -3.379155114267445E+08,
2450797.500000000, A.D. 1997-Dec-15 00:00:00.0000,  4.680121019348124E+09,  5.132466642677996E+09, -3.379822053121393E+08,
2450798.500000000, A.D. 1997-Dec-16 00:00:00.0000,  4.679845532785336E+09,  5.132716611939370E+09, -3.380488981665752E+08,
2450799.500000000, A.D. 1997-Dec-17 00:00:00.0000,  4.679570030729481E+09,  5.132966566493900E+09, -3.381155899911010E+08,
2450800.500000000, A.D. 1997-Dec-18 00:00:00.0000,  4.679294513196037E+09,  5.133216506334651E+09, -3.381822807866933E+08,
2450801.500000000, A.D. 1997-Dec-19 00:00:00.0000,  4.679018980200611E+09,  5.133466431456138E+09, -3.382489705542314E+08,
2450802.500000000, A.D. 1997-Dec-20 00:00:00.0000,  4.678743431758682E+09,  5.133716341854285E+09, -3.383156592944794E+08,
2450803.500000000, A.D. 1997-Dec-21 00:00:00.0000,  4.678467867885391E+09,  5.133966237526351E+09, -3.383823470080719E+08,
2450804.500000000, A.D. 1997-Dec-22 00:00:00.0000,  4.678192288595347E+09,  5.134216118470780E+09, -3.384490336955116E+08,
2450805.500000000, A.D. 1997-Dec-23 00:00:00.0000,  4.677916693902486E+09,  5.134465984687042E+09, -3.385157193571641E+08,
2450806.500000000, A.D. 1997-Dec-24 00:00:00.0000,  4.677641083819972E+09,  5.134715836175458E+09, -3.385824039932697E+08,
2450807.500000000, A.D. 1997-Dec-25 00:00:00.0000,  4.677365458360149E+09,  5.134965672937011E+09, -3.386490876039503E+08,
2450808.500000000, A.D. 1997-Dec-26 00:00:00.0000,  4.677089817534533E+09,  5.135215494973177E+09, -3.387157701892250E+08,
2450809.500000000, A.D. 1997-Dec-27 00:00:00.0000,  4.676814161353829E+09,  5.135465302285778E+09, -3.387824517490237E+08,
2450810.500000000, A.D. 1997-Dec-28 00:00:00.0000,  4.676538489827990E+09,  5.135715094876838E+09, -3.388491322832038E+08,
2450811.500000000, A.D. 1997-Dec-29 00:00:00.0000,  4.676262802966269E+09,  5.135964872748489E+09, -3.389158117915645E+08,
2450812.500000000, A.D. 1997-Dec-30 00:00:00.0000,  4.675987100777306E+09,  5.136214635902885E+09, -3.389824902738593E+08,
2450813.500000000, A.D. 1997-Dec-31 00:00:00.0000,  4.675711383269190E+09,  5.136464384342138E+09, -3.390491677298117E+08,
2450814.500000000, A.D. 1998-Jan-01 00:00:00.0000,  4.675435650449546E+09,  5.136714118068285E+09, -3.391158441591208E+08,
2450815.500000000, A.D. 1998-Jan-02 00:00:00.0000,  4.675159902325602E+09,  5.136963837083265E+09, -3.391825195614750E+08,
2450816.500000000, A.D. 1998-Jan-03 00:00:00.0000,  4.674884138904251E+09,  5.137213541388902E+09, -3.392491939365530E+08,
2450817.500000000, A.D. 1998-Jan-04 00:00:00.0000,  4.674608360192110E+09,  5.137463230986909E+09, -3.393158672840357E+08,
2450818.500000000, A.D. 1998-Jan-05 00:00:00.0000,  4.674332566195570E+09,  5.137712905878901E+09, -3.393825396036072E+08,
2450819.500000000, A.D. 1998-Jan-06 00:00:00.0000,  4.674056756920832E+09,  5.137962566066390E+09, -3.394492108949552E+08,
2450820.500000000, A.D. 1998-Jan-07 00:00:00.0000,  4.673780932373949E+09,  5.138212211550821E+09, -3.395158811577790E+08,
2450821.500000000, A.D. 1998-Jan-08 00:00:00.0000,  4.673505092560847E+09,  5.138461842333579E+09, -3.395825503917861E+08,
2450822.500000000, A.D. 1998-Jan-09 00:00:00.0000,  4.673229237487350E+09,  5.138711458416007E+09, -3.396492185966949E+08,
2450823.500000000, A.D. 1998-Jan-10 00:00:00.0000,  4.672953367159194E+09,  5.138961059799421E+09, -3.397158857722335E+08,
2450824.500000000, A.D. 1998-Jan-11 00:00:00.0000,  4.672677481582042E+09,  5.139210646485147E+09, -3.397825519181411E+08,
2450825.500000000, A.D. 1998-Jan-12 00:00:00.0000,  4.672401580761490E+09,  5.139460218474508E+09, -3.398492170341671E+08,
2450826.500000000, A.D. 1998-Jan-13 00:00:00.0000,  4.672125664703074E+09,  5.139709775768868E+09, -3.399158811200693E+08,
2450827.500000000, A.D. 1998-Jan-14 00:00:00.0000,  4.671849733412272E+09,  5.139959318369629E+09, -3.399825441756139E+08,
2450828.500000000, A.D. 1998-Jan-15 00:00:00.0000,  4.671573786894506E+09,  5.140208846278249E+09, -3.400492062005754E+08,
2450829.500000000, A.D. 1998-Jan-16 00:00:00.0000,  4.671297825155136E+09,  5.140458359496256E+09, -3.401158671947331E+08,
2450830.500000000, A.D. 1998-Jan-17 00:00:00.0000,  4.671021848199463E+09,  5.140707858025259E+09, -3.401825271578741E+08,
2450831.500000000, A.D. 1998-Jan-18 00:00:00.0000,  4.670745856032722E+09,  5.140957341866952E+09, -3.402491860897884E+08,
2450832.500000000, A.D. 1998-Jan-19 00:00:00.0000,  4.670469848660078E+09,  5.141206811023125E+09, -3.403158439902694E+08,
2450833.500000000, A.D. 1998-Jan-20 00:00:00.0000,  4.670193826086620E+09,  5.141456265495670E+09, -3.403825008591135E+08,
2450834.500000000, A.D. 1998-Jan-21 00:00:00.0000,  4.669917788317355E+09,  5.141705705286590E+09, -3.404491566961179E+08,
2450835.500000000, A.D. 1998-Jan-22 00:00:00.0000,  4.669641735357203E+09,  5.141955130397991E+09, -3.405158115010800E+08,
2450836.500000000, A.D. 1998-Jan-23 00:00:00.0000,  4.669365667210984E+09,  5.142204540832106E+09, -3.405824652737987E+08,
2450837.500000000, A.D. 1998-Jan-24 00:00:00.0000,  4.669089583883421E+09,  5.142453936591273E+09, -3.406491180140681E+08,
2450838.500000000, A.D. 1998-Jan-25 00:00:00.0000,  4.668813485379122E+09,  5.142703317677959E+09, -3.407157697216830E+08,
2450839.500000000, A.D. 1998-Jan-26 00:00:00.0000,  4.668537371702579E+09,  5.142952684094748E+09, -3.407824203964345E+08,
2450840.500000000, A.D. 1998-Jan-27 00:00:00.0000,  4.668261242858158E+09,  5.143202035844337E+09, -3.408490700381086E+08,
2450841.500000000, A.D. 1998-Jan-28 00:00:00.0000,  4.667985098850091E+09,  5.143451372929548E+09, -3.409157186464880E+08,
2450842.500000000, A.D. 1998-Jan-29 00:00:00.0000,  4.667708939682467E+09,  5.143700695353319E+09, -3.409823662213511E+08,
2450843.500000000, A.D. 1998-Jan-30 00:00:00.0000,  4.667432765359227E+09,  5.143950003118703E+09, -3.410490127624686E+08,
2450844.500000000, A.D. 1998-Jan-31 00:00:00.0000,  4.667156575884156E+09,  5.144199296228859E+09, -3.411156582696049E+08,
2450845.500000000, A.D. 1998-Feb-01 00:00:00.0000,  4.666880371260871E+09,  5.144448574687058E+09, -3.411823027425189E+08,
2450846.500000000, A.D. 1998-Feb-02 00:00:00.0000,  4.666604151492816E+09,  5.144697838496675E+09, -3.412489461809609E+08,
2450847.500000000, A.D. 1998-Feb-03 00:00:00.0000,  4.666327916583254E+09,  5.144947087661179E+09, -3.413155885846732E+08,
2450848.500000000, A.D. 1998-Feb-04 00:00:00.0000,  4.666051666535261E+09,  5.145196322184133E+09, -3.413822299533906E+08,
2450849.500000000, A.D. 1998-Feb-05 00:00:00.0000,  4.665775401351711E+09,  5.145445542069188E+09, -3.414488702868378E+08,
2450850.500000000, A.D. 1998-Feb-06 00:00:00.0000,  4.665499121035280E+09,  5.145694747320071E+09, -3.415155095847323E+08,
2450851.500000000, A.D. 1998-Feb-07 00:00:00.0000,  4.665222825588426E+09,  5.145943937940578E+09, -3.415821478467805E+08,
2450852.500000000, A.D. 1998-Feb-08 00:00:00.0000,  4.664946515013388E+09,  5.146193113934568E+09, -3.416487850726802E+08,
2450853.500000000, A.D. 1998-Feb-09 00:00:00.0000,  4.664670189312179E+09,  5.146442275305950E+09, -3.417154212621205E+08,
2450854.500000000, A.D. 1998-Feb-10 00:00:00.0000,  4.664393848486577E+09,  5.146691422058671E+09, -3.417820564147785E+08,
2450855.500000000, A.D. 1998-Feb-11 00:00:00.0000,  4.664117492538118E+09,  5.146940554196709E+09, -3.418486905303237E+08,
2450856.500000000, A.D. 1998-Feb-12 00:00:00.0000,  4.663841121468089E+09,  5.147189671724055E+09, -3.419153236084177E+08,
2450857.500000000, A.D. 1998-Feb-13 00:00:00.0000,  4.663564735277522E+09,  5.147438774644697E+09, -3.419819556487088E+08,
2450858.500000000, A.D. 1998-Feb-14 00:00:00.0000,  4.663288333967191E+09,  5.147687862962610E+09, -3.420485866508417E+08,
2450859.500000000, A.D. 1998-Feb-15 00:00:00.0000,  4.663011917537601E+09,  5.147936936681729E+09, -3.421152166144502E+08,
2450860.500000000, A.D. 1998-Feb-16 00:00:00.0000,  4.662735485988994E+09,  5.148185995805942E+09, -3.421818455391636E+08,
2450861.500000000, A.D. 1998-Feb-17 00:00:00.0000,  4.662459039321333E+09,  5.148435040339052E+09, -3.422484734246051E+08,
2450862.500000000, A.D. 1998-Feb-18 00:00:00.0000,  4.662182577534314E+09,  5.148684070284770E+09, -3.423151002703924E+08,
2450863.500000000, A.D. 1998-Feb-19 00:00:00.0000,  4.661906100627360E+09,  5.148933085646673E+09, -3.423817260761433E+08,
2450864.500000000, A.D. 1998-Feb-20 00:00:00.0000,  4.661629608599627E+09,  5.149182086428194E+09, -3.424483508414750E+08,
2450865.500000000, A.D. 1998-Feb-21 00:00:00.0000,  4.661353101450006E+09,  5.149431072632573E+09, -3.425149745660071E+08,
2450866.500000000, A.D. 1998-Feb-22 00:00:00.0000,  4.661076579177147E+09,  5.149680044262840E+09, -3.425815972493677E+08,
2450867.500000000, A.D. 1998-Feb-23 00:00:00.0000,  4.660800041779455E+09,  5.149929001321766E+09, -3.426482188911920E+08,
2450868.500000000, A.D. 1998-Feb-24 00:00:00.0000,  4.660523489255132E+09,  5.150177943811843E+09, -3.427148394911320E+08,
2450869.500000000, A.D. 1998-Feb-25 00:00:00.0000,  4.660246921602190E+09,  5.150426871735234E+09, -3.427814590488598E+08,
2450870.500000000, A.D. 1998-Feb-26 00:00:00.0000,  4.659970338818499E+09,  5.150675785093742E+09, -3.428480775640731E+08,
2450871.500000000, A.D. 1998-Feb-27 00:00:00.0000,  4.659693740901823E+09,  5.150924683888775E+09, -3.429146950365026E+08,
2450872.500000000, A.D. 1998-Feb-28 00:00:00.0000,  4.659417127849886E+09,  5.151173568121312E+09, -3.429813114659190E+08,
2450873.500000000, A.D. 1998-Mar-01 00:00:00.0000,  4.659140499660433E+09,  5.151422437791878E+09, -3.430479268521402E+08,
2450874.500000000, A.D. 1998-Mar-02 00:00:00.0000,  4.658863856331314E+09,  5.151671292900532E+09, -3.431145411950428E+08,
2450875.500000000, A.D. 1998-Mar-03 00:00:00.0000,  4.658587197860574E+09,  5.151920133446854E+09, -3.431811544945660E+08,
2450876.500000000, A.D. 1998-Mar-04 00:00:00.0000,  4.658310524246551E+09,  5.152168959429969E+09, -3.432477667507226E+08,
2450877.500000000, A.D. 1998-Mar-05 00:00:00.0000,  4.658033835487987E+09,  5.152417770848576E+09, -3.433143779636018E+08,
2450878.500000000, A.D. 1998-Mar-06 00:00:00.0000,  4.657757131584140E+09,  5.152666567701009E+09, -3.433809881333811E+08,
2450879.500000000, A.D. 1998-Mar-07 00:00:00.0000,  4.657480412534886E+09,  5.152915349985337E+09, -3.434475972603199E+08,
2450880.500000000, A.D. 1998-Mar-08 00:00:00.0000,  4.657203678340822E+09,  5.153164117699469E+09, -3.435142053447626E+08,
2450881.500000000, A.D. 1998-Mar-09 00:00:00.0000,  4.656926929003330E+09,  5.153412870841323E+09, -3.435808123871324E+08,
2450882.500000000, A.D. 1998-Mar-10 00:00:00.0000,  4.656650164524625E+09,  5.153661609408995E+09, -3.436474183879185E+08,
2450883.500000000, A.D. 1998-Mar-11 00:00:00.0000,  4.656373384907752E+09,  5.153910333400958E+09, -3.437140233476608E+08,
2450884.500000000, A.D. 1998-Mar-12 00:00:00.0000,  4.656096590156537E+09,  5.154159042816265E+09, -3.437806272669265E+08,
2450885.500000000, A.D. 1998-Mar-13 00:00:00.0000,  4.655819780275482E+09,  5.154407737654748E+09, -3.438472301462874E+08,
2450886.500000000, A.D. 1998-Mar-14 00:00:00.0000,  4.655542955269614E+09,  5.154656417917180E+09, -3.439138319862885E+08,
2450887.500000000, A.D. 1998-Mar-15 00:00:00.0000,  4.655266115144289E+09,  5.154905083605412E+09, -3.439804327874207E+08,
2450888.500000000, A.D. 1998-Mar-16 00:00:00.0000,  4.654989259904961E+09,  5.155153734722446E+09, -3.440470325500920E+08,
2450889.500000000, A.D. 1998-Mar-17 00:00:00.0000,  4.654712389556944E+09,  5.155402371272454E+09, -3.441136312746053E+08,
2450890.500000000, A.D. 1998-Mar-18 00:00:00.0000,  4.654435504105175E+09,  5.155650993260735E+09, -3.441802289611378E+08,
2450891.500000000, A.D. 1998-Mar-19 00:00:00.0000,  4.654158603554003E+09,  5.155899600693615E+09, -3.442468256097302E+08,
2450892.500000000, A.D. 1998-Mar-20 00:00:00.0000,  4.653881687907008E+09,  5.156148193578309E+09, -3.443134212202816E+08,
2450893.500000000, A.D. 1998-Mar-21 00:00:00.0000,  4.653604757166870E+09,  5.156396771922752E+09, -3.443800157925503E+08,
2450894.500000000, A.D. 1998-Mar-22 00:00:00.0000,  4.653327811335280E+09,  5.156645335735406E+09, -3.444466093261609E+08,
2450895.500000000, A.D. 1998-Mar-23 00:00:00.0000,  4.653050850412902E+09,  5.156893885025072E+09, -3.445132018206131E+08,
2450896.500000000, A.D. 1998-Mar-24 00:00:00.0000,  4.652773874399374E+09,  5.157142419800731E+09, -3.445797932753034E+08,
2450897.500000000, A.D. 1998-Mar-25 00:00:00.0000,  4.652496883293338E+09,  5.157390940071363E+09, -3.446463836895306E+08,
2450898.500000000, A.D. 1998-Mar-26 00:00:00.0000,  4.652219877092503E+09,  5.157639445845824E+09, -3.447129730625179E+08,
2450899.500000000, A.D. 1998-Mar-27 00:00:00.0000,  4.651942855793712E+09,  5.157887937132735E+09, -3.447795613934271E+08,
2450900.500000000, A.D. 1998-Mar-28 00:00:00.0000,  4.651665819393035E+09,  5.158136413940401E+09, -3.448461486813734E+08,
2450901.500000000, A.D. 1998-Mar-29 00:00:00.0000,  4.651388767885848E+09,  5.158384876276735E+09, -3.449127349254348E+08,
2450902.500000000, A.D. 1998-Mar-30 00:00:00.0000,  4.651111701266917E+09,  5.158633324149229E+09, -3.449793201246672E+08,
2450903.500000000, A.D. 1998-Mar-31 00:00:00.0000,  4.650834619530483E+09,  5.158881757564924E+09, -3.450459042781134E+08,
2450904.500000000, A.D. 1998-Apr-01 00:00:00.0000,  4.650557522670336E+09,  5.159130176530391E+09, -3.451124873848045E+08,
2450905.500000000, A.D. 1998-Apr-02 00:00:00.0000,  4.650280410679873E+09,  5.159378581051735E+09, -3.451790694437754E+08,
2450906.500000000, A.D. 1998-Apr-03 00:00:00.0000,  4.650003283552165E+09,  5.159626971134599E+09, -3.452456504540603E+08,
2450907.500000000, A.D. 1998-Apr-04 00:00:00.0000,  4.649726141280009E+09,  5.159875346784167E+09, -3.453122304147019E+08,
2450908.500000000, A.D. 1998-Apr-05 00:00:00.0000,  4.649448983855966E+09,  5.160123708005189E+09, -3.453788093247526E+08,
2450909.500000000, A.D. 1998-Apr-06 00:00:00.0000,  4.649171811272397E+09,  5.160372054801988E+09, -3.454453871832767E+08,
2450910.500000000, A.D. 1998-Apr-07 00:00:00.0000,  4.648894623521505E+09,  5.160620387178480E+09, -3.455119639893479E+08,
2450911.500000000, A.D. 1998-Apr-08 00:00:00.0000,  4.648617420595350E+09,  5.160868705138194E+09, -3.455785397420573E+08,
2450912.500000000, A.D. 1998-Apr-09 00:00:00.0000,  4.648340202485877E+09,  5.161117008684282E+09, -3.456451144405053E+08,
2450913.500000000, A.D. 1998-Apr-10 00:00:00.0000,  4.648062969184937E+09,  5.161365297819542E+09, -3.457116880838084E+08,
2450914.500000000, A.D. 1998-Apr-11 00:00:00.0000,  4.647785720684292E+09,  5.161613572546432E+09, -3.457782606710961E+08,
2450915.500000000, A.D. 1998-Apr-12 00:00:00.0000,  4.647508456975640E+09,  5.161861832867082E+09, -3.458448322015092E+08,
2450916.500000000, A.D. 1998-Apr-13 00:00:00.0000,  4.647231178050619E+09,  5.162110078783310E+09, -3.459114026742024E+08,
2450917.500000000, A.D. 1998-Apr-14 00:00:00.0000,  4.646953883900816E+09,  5.162358310296638E+09, -3.459779720883443E+08,
2450918.500000000, A.D. 1998-Apr-15 00:00:00.0000,  4.646676574517775E+09,  5.162606527408291E+09, -3.460445404431102E+08,
2450919.500000000, A.D. 1998-Apr-16 00:00:00.0000,  4.646399249893003E+09,  5.162854730119221E+09, -3.461111077376914E+08,
2450920.500000000, A.D. 1998-Apr-17 00:00:00.0000,  4.646121910017975E+09,  5.163102918430109E+09, -3.461776739712873E+08,
2450921.500000000, A.D. 1998-Apr-18 00:00:00.0000,  4.645844554884140E+09,  5.163351092341374E+09, -3.462442391431077E+08,
2450922.500000000, A.D. 1998-Apr-19 00:00:00.0000,  4.645567184482922E+09,  5.163599251853179E+09, -3.463108032523701E+08,
2450923.500000000, A.D. 1998-Apr-20 00:00:00.0000,  4.645289798805722E+09,  5.163847396965442E+09, -3.463773662983034E+08,
2450924.500000000, A.D. 1998-Apr-21 00:00:00.0000,  4.645012397843925E+09,  5.164095527677836E+09, -3.464439282801437E+08,
2450925.500000000, A.D. 1998-Apr-22 00:00:00.0000,  4.644734981588901E+09,  5.164343643989803E+09, -3.465104891971359E+08,
2450926.500000000, A.D. 1998-Apr-23 00:00:00.0000,  4.644457550032001E+09,  5.164591745900549E+09, -3.465770490485320E+08,
2450927.500000000, A.D. 1998-Apr-24 00:00:00.0000,  4.644180103164567E+09,  5.164839833409049E+09, -3.466436078335907E+08,
2450928.500000000, A.D. 1998-Apr-25 00:00:00.0000,  4.643902640977929E+09,  5.165087906514058E+09, -3.467101655515790E+08,
2450929.500000000, A.D. 1998-Apr-26 00:00:00.0000,  4.643625163463407E+09,  5.165335965214106E+09, -3.467767222017679E+08,
2450930.500000000, A.D. 1998-Apr-27 00:00:00.0000,  4.643347670612309E+09,  5.165584009507506E+09, -3.468432777834377E+08,
2450931.500000000, A.D. 1998-Apr-28 00:00:00.0000,  4.643070162415940E+09,  5.165832039392353E+09, -3.469098322958739E+08,
2450932.500000000, A.D. 1998-Apr-29 00:00:00.0000,  4.642792638865595E+09,  5.166080054866521E+09, -3.469763857383664E+08,
2450933.500000000, A.D. 1998-Apr-30 00:00:00.0000,  4.642515099952559E+09,  5.166328055927673E+09, -3.470429381102118E+08,
2450934.500000000, A.D. 1998-May-01 00:00:00.0000,  4.642237545668115E+09,  5.166576042573260E+09, -3.471094894107127E+08,
2450935.500000000, A.D. 1998-May-02 00:00:00.0000,  4.641959976003538E+09,  5.166824014800511E+09, -3.471760396391752E+08,
2450936.500000000, A.D. 1998-May-03 00:00:00.0000,  4.641682390950096E+09,  5.167071972606447E+09, -3.472425887949126E+08,
2450937.500000000, A.D. 1998-May-04 00:00:00.0000,  4.641404790499052E+09,  5.167319915987867E+09, -3.473091368772430E+08,
2450938.500000000, A.D. 1998-May-05 00:00:00.0000,  4.641127174641661E+09,  5.167567844941358E+09, -3.473756838854892E+08,
2450939.500000000, A.D. 1998-May-06 00:00:00.0000,  4.640849543369172E+09,  5.167815759463284E+09, -3.474422298189795E+08,
2450940.500000000, A.D. 1998-May-07 00:00:00.0000,  4.640571896672830E+09,  5.168063659549787E+09, -3.475087746770477E+08,
2450941.500000000, A.D. 1998-May-08 00:00:00.0000,  4.640294234543868E+09,  5.168311545196779E+09, -3.475753184590325E+08,
2450942.500000000, A.D. 1998-May-09 00:00:00.0000,  4.640016556973515E+09,  5.168559416399951E+09, -3.476418611642797E+08,
2450943.500000000, A.D. 1998-May-10 00:00:00.0000,  4.639738863952991E+09,  5.168807273154747E+09, -3.477084027921405E+08,
2450944.500000000, A.D. 1998-May-11 00:00:00.0000,  4.639461155473505E+09,  5.169055115456373E+09, -3.477749433419719E+08,
2450945.500000000, A.D. 1998-May-12 00:00:00.0000,  4.639183431526263E+09,  5.169302943299786E+09, -3.478414828131402E+08,
2450946.500000000, A.D. 1998-May-13 00:00:00.0000,  4.638905692102463E+09,  5.169550756679675E+09, -3.479080212050178E+08,
2450947.500000000, A.D. 1998-May-14 00:00:00.0000,  4.638627937193291E+09,  5.169798555590469E+09, -3.479745585169866E+08,
2450948.500000000, A.D. 1998-May-15 00:00:00.0000,  4.638350166789933E+09,  5.170046340026309E+09, -3.480410947484391E+08,
2450949.500000000, A.D. 1998-May-16 00:00:00.0000,  4.638072380883573E+09,  5.170294109981037E+09, -3.481076298987780E+08,
2450950.500000000, A.D. 1998-May-17 00:00:00.0000,  4.637794579465395E+09,  5.170541865448187E+09, -3.481741639674201E+08,
2450951.500000000, A.D. 1998-May-18 00:00:00.0000,  4.637516762526593E+09,  5.170789606420957E+09, -3.482406969537966E+08,
2450952.500000000, A.D. 1998-May-19 00:00:00.0000,  4.637238930058378E+09,  5.171037332892197E+09, -3.483072288573570E+08,
2450953.500000000, A.D. 1998-May-20 00:00:00.0000,  4.636961082051991E+09,  5.171285044854383E+09, -3.483737596775706E+08,
2450954.500000000, A.D. 1998-May-21 00:00:00.0000,  4.636683218498713E+09,  5.171532742299593E+09, -3.484402894139311E+08,
2450955.500000000, A.D. 1998-May-22 00:00:00.0000,  4.636405339389895E+09,  5.171780425219479E+09, -3.485068180659599E+08,
2450956.500000000, A.D. 1998-May-23 00:00:00.0000,  4.636127444716971E+09,  5.172028093605242E+09, -3.485733456332092E+08,
2450957.500000000, A.D. 1998-May-24 00:00:00.0000,  4.635849534471502E+09,  5.172275747447602E+09, -3.486398721152732E+08,
2450958.500000000, A.D. 1998-May-25 00:00:00.0000,  4.635571608645209E+09,  5.172523386736773E+09, -3.487063975117860E+08,
2450959.500000000, A.D. 1998-May-26 00:00:00.0000,  4.635293667230025E+09,  5.172771011462428E+09, -3.487729218224342E+08,
2450960.500000000, A.D. 1998-May-27 00:00:00.0000,  4.635015710218158E+09,  5.173018621613687E+09, -3.488394450469625E+08,
2450961.500000000, A.D. 1998-May-28 00:00:00.0000,  4.634737737602153E+09,  5.173266217179090E+09, -3.489059671851804E+08,
2450962.500000000, A.D. 1998-May-29 00:00:00.0000,  4.634459749374985E+09,  5.173513798146599E+09, -3.489724882369740E+08,
2450963.500000000, A.D. 1998-May-30 00:00:00.0000,  4.634181745530147E+09,  5.173761364503596E+09, -3.490390082023106E+08,
2450964.500000000, A.D. 1998-May-31 00:00:00.0000,  4.633903726061750E+09,  5.174008916236914E+09, -3.491055270812480E+08,
2450965.500000000, A.D. 1998-Jun-01 00:00:00.0000,  4.633625690964642E+09,  5.174256453332867E+09, -3.491720448739398E+08,
2450966.500000000, A.D. 1998-Jun-02 00:00:00.0000,  4.633347640234510E+09,  5.174503975777342E+09, -3.492385615806422E+08,
2450967.500000000, A.D. 1998-Jun-03 00:00:00.0000,  4.633069573867997E+09,  5.174751483555882E+09, -3.493050772017143E+08,
2450968.500000000, A.D. 1998-Jun-04 00:00:00.0000,  4.632791491862790E+09,  5.174998976653823E+09, -3.493715917376156E+08,
2450969.500000000, A.D. 1998-Jun-05 00:00:00.0000,  4.632513394217697E+09,  5.175246455056464E+09, -3.494381051889024E+08,
2450970.500000000, A.D. 1998-Jun-06 00:00:00.0000,  4.632235280932692E+09,  5.175493918749238E+09, -3.495046175562124E+08,
2450971.500000000, A.D. 1998-Jun-07 00:00:00.0000,  4.631957152008902E+09,  5.175741367717937E+09, -3.495711288402510E+08,
2450972.500000000, A.D. 1998-Jun-08 00:00:00.0000,  4.631679007448565E+09,  5.175988801948908E+09, -3.496376390417690E+08,
2450973.500000000, A.D. 1998-Jun-09 00:00:00.0000,  4.631400847254925E+09,  5.176236221429267E+09, -3.497041481615341E+08,
2450974.500000000, A.D. 1998-Jun-10 00:00:00.0000,  4.631122671432071E+09,  5.176483626147071E+09, -3.497706562003062E+08,
2450975.500000000, A.D. 1998-Jun-11 00:00:00.0000,  4.630844479984742E+09,  5.176731016091455E+09, -3.498371631588042E+08,
2450976.500000000, A.D. 1998-Jun-12 00:00:00.0000,  4.630566272918101E+09,  5.176978391252717E+09, -3.499036690376804E+08,
2450977.500000000, A.D. 1998-Jun-13 00:00:00.0000,  4.630288050237491E+09,  5.177225751622348E+09, -3.499701738374989E+08,
2450978.500000000, A.D. 1998-Jun-14 00:00:00.0000,  4.630009811948191E+09,  5.177473097192985E+09, -3.500366775587120E+08,
2450979.500000000, A.D. 1998-Jun-15 00:00:00.0000,  4.629731558055217E+09,  5.177720427958323E+09, -3.501031802016497E+08,
2450980.500000000, A.D. 1998-Jun-16 00:00:00.0000,  4.629453288563130E+09,  5.177967743912994E+09, -3.501696817665191E+08,
2450981.500000000, A.D. 1998-Jun-17 00:00:00.0000,  4.629175003475912E+09,  5.178215045052382E+09, -3.502361822533979E+08,
2450982.500000000, A.D. 1998-Jun-18 00:00:00.0000,  4.628896702796870E+09,  5.178462331372463E+09, -3.503026816622477E+08,
2450983.500000000, A.D. 1998-Jun-19 00:00:00.0000,  4.628618386528602E+09,  5.178709602869617E+09, -3.503691799929223E+08,
2450984.500000000, A.D. 1998-Jun-20 00:00:00.0000,  4.628340054672992E+09,  5.178956859540464E+09, -3.504356772451806E+08,
2450985.500000000, A.D. 1998-Jun-21 00:00:00.0000,  4.628061707231246E+09,  5.179204101381715E+09, -3.505021734187047E+08,
2450986.500000000, A.D. 1998-Jun-22 00:00:00.0000,  4.627783344203940E+09,  5.179451328390039E+09, -3.505686685131125E+08,
2450987.500000000, A.D. 1998-Jun-23 00:00:00.0000,  4.627504965591101E+09,  5.179698540561975E+09, -3.506351625279763E+08,
2450988.500000000, A.D. 1998-Jun-24 00:00:00.0000,  4.627226571392280E+09,  5.179945737893841E+09, -3.507016554628327E+08,
2450989.500000000, A.D. 1998-Jun-25 00:00:00.0000,  4.626948161606633E+09,  5.180192920381685E+09, -3.507681473171966E+08,
2450990.500000000, A.D. 1998-Jun-26 00:00:00.0000,  4.626669736233015E+09,  5.180440088021259E+09, -3.508346380905740E+08,
2450991.500000000, A.D. 1998-Jun-27 00:00:00.0000,  4.626391295270039E+09,  5.180687240807986E+09, -3.509011277824671E+08,
2450992.500000000, A.D. 1998-Jun-28 00:00:00.0000,  4.626112838716155E+09,  5.180934378736961E+09, -3.509676163923829E+08,
2450993.500000000, A.D. 1998-Jun-29 00:00:00.0000,  4.625834366569714E+09,  5.181181501802967E+09, -3.510341039198403E+08,
2450994.500000000, A.D. 1998-Jun-30 00:00:00.0000,  4.625555878829014E+09,  5.181428610000462E+09, -3.511005903643711E+08,
2450995.500000000, A.D. 1998-Jul-01 00:00:00.0000,  4.625277375492353E+09,  5.181675703323615E+09, -3.511670757255263E+08,
2450996.500000000, A.D. 1998-Jul-02 00:00:00.0000,  4.624998856558066E+09,  5.181922781766326E+09, -3.512335600028758E+08,
2450997.500000000, A.D. 1998-Jul-03 00:00:00.0000,  4.624720322024556E+09,  5.182169845322243E+09, -3.513000431960115E+08,
2450998.500000000, A.D. 1998-Jul-04 00:00:00.0000,  4.624441771890321E+09,  5.182416893984783E+09, -3.513665253045475E+08,
2450999.500000000, A.D. 1998-Jul-05 00:00:00.0000,  4.624163206153975E+09,  5.182663927747166E+09, -3.514330063281209E+08,
2451000.500000000, A.D. 1998-Jul-06 00:00:00.0000,  4.623884624814263E+09,  5.182910946602427E+09, -3.514994862663889E+08,
2451001.500000000, A.D. 1998-Jul-07 00:00:00.0000,  4.623606027870083E+09,  5.183157950543446E+09, -3.515659651190338E+08,
2451002.500000000, A.D. 1998-Jul-08 00:00:00.0000,  4.623327415320480E+09,  5.183404939562968E+09, -3.516324428857577E+08,
2451003.500000000, A.D. 1998-Jul-09 00:00:00.0000,  4.623048787164665E+09,  5.183651913653623E+09, -3.516989195662830E+08,
2451004.500000000, A.D. 1998-Jul-10 00:00:00.0000,  4.622770143402016E+09,  5.183898872807944E+09, -3.517653951603522E+08,
2451005.500000000, A.D. 1998-Jul-11 00:00:00.0000,  4.622491484032079E+09,  5.184145817018385E+09, -3.518318696677279E+08,
2451006.500000000, A.D. 1998-Jul-12 00:00:00.0000,  4.622212809054570E+09,  5.184392746277339E+09, -3.518983430881894E+08,
2451007.500000000, A.D. 1998-Jul-13 00:00:00.0000,  4.621934118469377E+09,  5.184639660577151E+09, -3.519648154215333E+08,
2451008.500000000, A.D. 1998-Jul-14 00:00:00.0000,  4.621655412276553E+09,  5.184886559910139E+09, -3.520312866675725E+08,
2451009.500000000, A.D. 1998-Jul-15 00:00:00.0000,  4.621376690476318E+09,  5.185133444268594E+09, -3.520977568261340E+08,
2451010.500000000, A.D. 1998-Jul-16 00:00:00.0000,  4.621097953069058E+09,  5.185380313644805E+09, -3.521642258970604E+08,
2451011.500000000, A.D. 1998-Jul-17 00:00:00.0000,  4.620819200055314E+09,  5.185627168031062E+09, -3.522306938802063E+08,
2451012.500000000, A.D. 1998-Jul-18 00:00:00.0000,  4.620540431435781E+09,  5.185874007419673E+09, -3.522971607754385E+08,
2451013.500000000, A.D. 1998-Jul-19 00:00:00.0000,  4.620261647211308E+09,  5.186120831802965E+09, -3.523636265826356E+08,
2451014.500000000, A.D. 1998-Jul-20 00:00:00.0000,  4.619982847382882E+09,  5.186367641173298E+09, -3.524300913016870E+08,
2451015.500000000, A.D. 1998-Jul-21 00:00:00.0000,  4.619704031951634E+09,  5.186614435523073E+09, -3.524965549324911E+08,
2451016.500000000, A.D. 1998-Jul-22 00:00:00.0000,  4.619425200918826E+09,  5.186861214844734E+09, -3.525630174749529E+08,
2451017.500000000, A.D. 1998-Jul-23 00:00:00.0000,  4.619146354285845E+09,  5.187107979130781E+09, -3.526294789289911E+08,
2451018.500000000, A.D. 1998-Jul-24 00:00:00.0000,  4.618867492054199E+09,  5.187354728373769E+09, -3.526959392945251E+08,
2451019.500000000, A.D. 1998-Jul-25 00:00:00.0000,  4.618588614225508E+09,  5.187601462566317E+09, -3.527623985714858E+08,
2451020.500000000, A.D. 1998-Jul-26 00:00:00.0000,  4.618309720801497E+09,  5.187848181701112E+09, -3.528288567598071E+08,
2451021.500000000, A.D. 1998-Jul-27 00:00:00.0000,  4.618030811783996E+09,  5.188094885770911E+09, -3.528953138594294E+08,
2451022.500000000, A.D. 1998-Jul-28 00:00:00.0000,  4.617751887174917E+09,  5.188341574768547E+09, -3.529617698702962E+08,
2451023.500000000, A.D. 1998-Jul-29 00:00:00.0000,  4.617472946976261E+09,  5.188588248686924E+09, -3.530282247923577E+08,
2451024.500000000, A.D. 1998-Jul-30 00:00:00.0000,  4.617193991190104E+09,  5.188834907519027E+09, -3.530946786255636E+08,
2451025.500000000, A.D. 1998-Jul-31 00:00:00.0000,  4.616915019818590E+09,  5.189081551257920E+09, -3.531611313698702E+08,
2451026.500000000, A.D. 1998-Aug-01 00:00:00.0000,  4.616636032863921E+09,  5.189328179896742E+09, -3.532275830252340E+08,
2451027.500000000, A.D. 1998-Aug-02 00:00:00.0000,  4.616357030328351E+09,  5.189574793428710E+09, -3.532940335916133E+08,
2451028.500000000, A.D. 1998-Aug-03 00:00:00.0000,  4.616078012214177E+09,  5.189821391847118E+09, -3.533604830689695E+08,
2451029.500000000, A.D. 1998-Aug-04 00:00:00.0000,  4.615798978523729E+09,  5.190067975145332E+09, -3.534269314572637E+08,
2451030.500000000, A.D. 1998-Aug-05 00:00:00.0000,  4.615519929259363E+09,  5.190314543316787E+09, -3.534933787564600E+08,
2451031.500000000, A.D. 1998-Aug-06 00:00:00.0000,  4.615240864423452E+09,  5.190561096354980E+09, -3.535598249665215E+08,
2451032.500000000, A.D. 1998-Aug-07 00:00:00.0000,  4.614961784018379E+09,  5.190807634253466E+09, -3.536262700874133E+08,
2451033.500000000, A.D. 1998-Aug-08 00:00:00.0000,  4.614682688046525E+09,  5.191054157005847E+09, -3.536927141191006E+08,
2451034.500000000, A.D. 1998-Aug-09 00:00:00.0000,  4.614403576510264E+09,  5.191300664605772E+09, -3.537591570615518E+08,
2451035.500000000, A.D. 1998-Aug-10 00:00:00.0000,  4.614124449411959E+09,  5.191547157046912E+09, -3.538255989147356E+08,
2451036.500000000, A.D. 1998-Aug-11 00:00:00.0000,  4.613845306753945E+09,  5.191793634322954E+09, -3.538920396786244E+08,
2451037.500000000, A.D. 1998-Aug-12 00:00:00.0000,  4.613566148538539E+09,  5.192040096427588E+09, -3.539584793531921E+08,
2451038.500000000, A.D. 1998-Aug-13 00:00:00.0000,  4.613286974768021E+09,  5.192286543354489E+09, -3.540249179384196E+08,
2451039.500000000, A.D. 1998-Aug-14 00:00:00.0000,  4.613007785444643E+09,  5.192532975097291E+09, -3.540913554342930E+08,
2451040.500000000, A.D. 1998-Aug-15 00:00:00.0000,  4.612728580570623E+09,  5.192779391649575E+09, -3.541577918408072E+08,
2451041.500000000, A.D. 1998-Aug-16 00:00:00.0000,  4.612449360148153E+09,  5.193025793004837E+09, -3.542242271579673E+08,
2451042.500000000, A.D. 1998-Aug-17 00:00:00.0000,  4.612170124179403E+09,  5.193272179156462E+09, -3.542906613857918E+08,
2451043.500000000, A.D. 1998-Aug-18 00:00:00.0000,  4.611890872666535E+09,  5.193518550097704E+09, -3.543570945243189E+08,
2451044.500000000, A.D. 1998-Aug-19 00:00:00.0000,  4.611611605611719E+09,  5.193764905821643E+09, -3.544235265736063E+08,
2451045.500000000, A.D. 1998-Aug-20 00:00:00.0000,  4.611332323017162E+09,  5.194011246321165E+09, -3.544899575337400E+08,
2451046.500000000, A.D. 1998-Aug-21 00:00:00.0000,  4.611053024885136E+09,  5.194257571588923E+09, -3.545563874048364E+08,
2451047.500000000, A.D. 1998-Aug-22 00:00:00.0000,  4.610773711218021E+09,  5.194503881617313E+09, -3.546228161870530E+08,
2451048.500000000, A.D. 1998-Aug-23 00:00:00.0000,  4.610494382018364E+09,  5.194750176398439E+09, -3.546892438805912E+08,
2451049.500000000, A.D. 1998-Aug-24 00:00:00.0000,  4.610215037288931E+09,  5.194996455924109E+09, -3.547556704857073E+08,
2451050.500000000, A.D. 1998-Aug-25 00:00:00.0000,  4.609935677032794E+09,  5.195242720185801E+09, -3.548220960027175E+08,
2451051.500000000, A.D. 1998-Aug-26 00:00:00.0000,  4.609656301253409E+09,  5.195488969174692E+09, -3.548885204320095E+08,
2451052.500000000, A.D. 1998-Aug-27 00:00:00.0000,  4.609376909954719E+09,  5.195735202881653E+09, -3.549549437740445E+08,
2451053.500000000, A.D. 1998-Aug-28 00:00:00.0000,  4.609097503141247E+09,  5.195981421297308E+09, -3.550213660293691E+08,
2451054.500000000, A.D. 1998-Aug-29 00:00:00.0000,  4.608818080818213E+09,  5.196227624412090E+09, -3.550877871986146E+08,
2451055.500000000, A.D. 1998-Aug-30 00:00:00.0000,  4.608538642991632E+09,  5.196473812216341E+09, -3.551542072825024E+08,
2451056.500000000, A.D. 1998-Aug-31 00:00:00.0000,  4.608259189668390E+09,  5.196719984700442E+09, -3.552206262818387E+08,
2451057.500000000, A.D. 1998-Sep-01 00:00:00.0000,  4.607979720856331E+09,  5.196966141854967E+09, -3.552870441975091E+08,
2451058.500000000, A.D. 1998-Sep-02 00:00:00.0000,  4.607700236564271E+09,  5.197212283670870E+09, -3.553534610304666E+08,
2451059.500000000, A.D. 1998-Sep-03 00:00:00.0000,  4.607420736802000E+09,  5.197458410139680E+09, -3.554198767817147E+08,
2451060.500000000, A.D. 1998-Sep-04 00:00:00.0000,  4.607141221580217E+09,  5.197704521253714E+09, -3.554862914522834E+08,
2451061.500000000, A.D. 1998-Sep-05 00:00:00.0000,  4.606861690910425E+09,  5.197950617006266E+09, -3.555527050432048E+08,
2451062.500000000, A.D. 1998-Sep-06 00:00:00.0000,  4.606582144804758E+09,  5.198196697391786E+09, -3.556191175554850E+08,
2451063.500000000, A.D. 1998-Sep-07 00:00:00.0000,  4.606302583275784E+09,  5.198442762406001E+09, -3.556855289900701E+08,
2451064.500000000, A.D. 1998-Sep-08 00:00:00.0000,  4.606023006336271E+09,  5.198688812045999E+09, -3.557519393478234E+08,
2451065.500000000, A.D. 1998-Sep-09 00:00:00.0000,  4.605743413998931E+09,  5.198934846310233E+09, -3.558183486294985E+08,
2451066.500000000, A.D. 1998-Sep-10 00:00:00.0000,  4.605463806276190E+09,  5.199180865198490E+09, -3.558847568357234E+08,
2451067.500000000, A.D. 1998-Sep-11 00:00:00.0000,  4.605184183179959E+09,  5.199426868711782E+09, -3.559511639669852E+08,
2451068.500000000, A.D. 1998-Sep-12 00:00:00.0000,  4.604904544721466E+09,  5.199672856852209E+09, -3.560175700236268E+08,
2451069.500000000, A.D. 1998-Sep-13 00:00:00.0000,  4.604624890911104E+09,  5.199918829622783E+09, -3.560839750058477E+08,
2451070.500000000, A.D. 1998-Sep-14 00:00:00.0000,  4.604345221758352E+09,  5.200164787027246E+09, -3.561503789137127E+08,
2451071.500000000, A.D. 1998-Sep-15 00:00:00.0000,  4.604065537271727E+09,  5.200410729069881E+09, -3.562167817471573E+08,
2451072.500000000, A.D. 1998-Sep-16 00:00:00.0000,  4.603785837458780E+09,  5.200656655755350E+09, -3.562831835060115E+08,
2451073.500000000, A.D. 1998-Sep-17 00:00:00.0000,  4.603506122326128E+09,  5.200902567088512E+09, -3.563495841900039E+08,
2451074.500000000, A.D. 1998-Sep-18 00:00:00.0000,  4.603226391879503E+09,  5.201148463074316E+09, -3.564159837987840E+08,
2451075.500000000, A.D. 1998-Sep-19 00:00:00.0000,  4.602946646123826E+09,  5.201394343717675E+09, -3.564823823319371E+08,
2451076.500000000, A.D. 1998-Sep-20 00:00:00.0000,  4.602666885063277E+09,  5.201640209023393E+09, -3.565487797889955E+08,
2451077.500000000, A.D. 1998-Sep-21 00:00:00.0000,  4.602387108701384E+09,  5.201886058996094E+09, -3.566151761694520E+08,
2451078.500000000, A.D. 1998-Sep-22 00:00:00.0000,  4.602107317041091E+09,  5.202131893640186E+09, -3.566815714727690E+08,
2451079.500000000, A.D. 1998-Sep-23 00:00:00.0000,  4.601827510084845E+09,  5.202377712959835E+09, -3.567479656983910E+08,
2451080.500000000, A.D. 1998-Sep-24 00:00:00.0000,  4.601547687834650E+09,  5.202623516958951E+09, -3.568143588457482E+08,
2451081.500000000, A.D. 1998-Sep-25 00:00:00.0000,  4.601267850292138E+09,  5.202869305641178E+09, -3.568807509142623E+08,
2451082.500000000, A.D. 1998-Sep-26 00:00:00.0000,  4.600987997458613E+09,  5.203115079009906E+09, -3.569471419033511E+08,
2451083.500000000, A.D. 1998-Sep-27 00:00:00.0000,  4.600708129335103E+09,  5.203360837068279E+09, -3.570135318124337E+08,
2451084.500000000, A.D. 1998-Sep-28 00:00:00.0000,  4.600428245922394E+09,  5.203606579819205E+09, -3.570799206409314E+08,
2451085.500000000, A.D. 1998-Sep-29 00:00:00.0000,  4.600148347221059E+09,  5.203852307265368E+09, -3.571463083882666E+08,
2451086.500000000, A.D. 1998-Sep-30 00:00:00.0000,  4.599868433231490E+09,  5.204098019409246E+09, -3.572126950538673E+08,
2451087.500000000, A.D. 1998-Oct-01 00:00:00.0000,  4.599588503953918E+09,  5.204343716253133E+09, -3.572790806371672E+08,
2451088.500000000, A.D. 1998-Oct-02 00:00:00.0000,  4.599308559388419E+09,  5.204589397799136E+09, -3.573454651376030E+08,
2451089.500000000, A.D. 1998-Oct-03 00:00:00.0000,  4.599028599534947E+09,  5.204835064049210E+09, -3.574118485546176E+08,
2451090.500000000, A.D. 1998-Oct-04 00:00:00.0000,  4.598748624393327E+09,  5.205080715005155E+09, -3.574782308876572E+08,
2451091.500000000, A.D. 1998-Oct-05 00:00:00.0000,  4.598468633963266E+09,  5.205326350668636E+09, -3.575446121361713E+08,
2451092.500000000, A.D. 1998-Oct-06 00:00:00.0000,  4.598188628244369E+09,  5.205571971041194E+09, -3.576109922996137E+08,
2451093.500000000, A.D. 1998-Oct-07 00:00:00.0000,  4.597908607236129E+09,  5.205817576124250E+09, -3.576773713774393E+08,
2451094.500000000, A.D. 1998-Oct-08 00:00:00.0000,  4.597628570937938E+09,  5.206063165919121E+09, -3.577437493691056E+08,
2451095.500000000, A.D. 1998-Oct-09 00:00:00.0000,  4.597348519349089E+09,  5.206308740427016E+09, -3.578101262740698E+08,
2451096.500000000, A.D. 1998-Oct-10 00:00:00.0000,  4.597068452468770E+09,  5.206554299649055E+09, -3.578765020917916E+08,
2451097.500000000, A.D. 1998-Oct-11 00:00:00.0000,  4.596788370296071E+09,  5.206799843586267E+09, -3.579428768217275E+08,
2451098.500000000, A.D. 1998-Oct-12 00:00:00.0000,  4.596508272829982E+09,  5.207045372239590E+09, -3.580092504633350E+08,
2451099.500000000, A.D. 1998-Oct-13 00:00:00.0000,  4.596228160069389E+09,  5.207290885609885E+09, -3.580756230160682E+08,
2451100.500000000, A.D. 1998-Oct-14 00:00:00.0000,  4.595948032013074E+09,  5.207536383697927E+09, -3.581419944793804E+08,
2451101.500000000, A.D. 1998-Oct-15 00:00:00.0000,  4.595667888659717E+09,  5.207781866504418E+09, -3.582083648527210E+08,
2451102.500000000, A.D. 1998-Oct-16 00:00:00.0000,  4.595387730007889E+09,  5.208027334029975E+09, -3.582747341355362E+08,
2451103.500000000, A.D. 1998-Oct-17 00:00:00.0000,  4.595107556056054E+09,  5.208272786275138E+09, -3.583411023272676E+08,
2451104.500000000, A.D. 1998-Oct-18 00:00:00.0000,  4.594827366802567E+09,  5.208518223240374E+09, -3.584074694273541E+08,
2451105.500000000, A.D. 1998-Oct-19 00:00:00.0000,  4.594547162245668E+09,  5.208763644926066E+09, -3.584738354352295E+08,
2451106.500000000, A.D. 1998-Oct-20 00:00:00.0000,  4.594266942383488E+09,  5.209009051332516E+09, -3.585402003503203E+08,
2451107.500000000, A.D. 1998-Oct-21 00:00:00.0000,  4.593986707214036E+09,  5.209254442459947E+09, -3.586065641720514E+08,
2451108.500000000, A.D. 1998-Oct-22 00:00:00.0000,  4.593706456735206E+09,  5.209499818308492E+09, -3.586729268998387E+08,
2451109.500000000, A.D. 1998-Oct-23 00:00:00.0000,  4.593426190944771E+09,  5.209745178878200E+09, -3.587392885330944E+08,
2451110.500000000, A.D. 1998-Oct-24 00:00:00.0000,  4.593145909840384E+09,  5.209990524169023E+09, -3.588056490712225E+08,
2451111.500000000, A.D. 1998-Oct-25 00:00:00.0000,  4.592865613419572E+09,  5.210235854180823E+09, -3.588720085136232E+08,
2451112.500000000, A.D. 1998-Oct-26 00:00:00.0000,  4.592585301679733E+09,  5.210481168913359E+09, -3.589383668596900E+08,
2451113.500000000, A.D. 1998-Oct-27 00:00:00.0000,  4.592304974618140E+09,  5.210726468366284E+09, -3.590047241088078E+08,
2451114.500000000, A.D. 1998-Oct-28 00:00:00.0000,  4.592024632231933E+09,  5.210971752539141E+09, -3.590710802603567E+08,
2451115.500000000, A.D. 1998-Oct-29 00:00:00.0000,  4.591744274518119E+09,  5.211217021431356E+09, -3.591374353137112E+08,
2451116.500000000, A.D. 1998-Oct-30 00:00:00.0000,  4.591463901473570E+09,  5.211462275042230E+09, -3.592037892682388E+08,
2451117.500000000, A.D. 1998-Oct-31 00:00:00.0000,  4.591183513095022E+09,  5.211707513370929E+09, -3.592701421233008E+08,
2451118.500000000, A.D. 1998-Nov-01 00:00:00.0000,  4.590903109379073E+09,  5.211952736416482E+09, -3.593364938782530E+08,
2451119.500000000, A.D. 1998-Nov-02 00:00:00.0000,  4.590622690322177E+09,  5.212197944177766E+09, -3.594028445324469E+08,
2451120.500000000, A.D. 1998-Nov-03 00:00:00.0000,  4.590342255920647E+09,  5.212443136653494E+09, -3.594691940852275E+08,
2451121.500000000, A.D. 1998-Nov-04 00:00:00.0000,  4.590061806170654E+09,  5.212688313842206E+09, -3.595355425359361E+08,
2451122.500000000, A.D. 1998-Nov-05 00:00:00.0000,  4.589781341068226E+09,  5.212933475742260E+09, -3.596018898839130E+08,
2451123.500000000, A.D. 1998-Nov-06 00:00:00.0000,  4.589500860609244E+09,  5.213178622351802E+09, -3.596682361284924E+08,
2451124.500000000, A.D. 1998-Nov-07 00:00:00.0000,  4.589220364789450E+09,  5.213423753668769E+09, -3.597345812690101E+08,
2451125.500000000, A.D. 1998-Nov-08 00:00:00.0000,  4.588939853604444E+09,  5.213668869690854E+09, -3.598009253048019E+08,
2451126.500000000, A.D. 1998-Nov-09 00:00:00.0000,  4.588659327049687E+09,  5.213913970415500E+09, -3.598672682352054E+08,
2451127.500000000, A.D. 1998-Nov-10 00:00:00.0000,  4.588378785120515E+09,  5.214159055839862E+09, -3.599336100595613E+08,
2451128.500000000, A.D. 1998-Nov-11 00:00:00.0000,  4.588098227812136E+09,  5.214404125960796E+09, -3.599999507772198E+08,
2451129.500000000, A.D. 1998-Nov-12 00:00:00.0000,  4.587817655119649E+09,  5.214649180774828E+09, -3.600662903875396E+08,
2451130.500000000, A.D. 1998-Nov-13 00:00:00.0000,  4.587537067038056E+09,  5.214894220278122E+09, -3.601326288898923E+08,
2451131.500000000, A.D. 1998-Nov-14 00:00:00.0000,  4.587256463562288E+09,  5.215139244466455E+09, -3.601989662836688E+08,
2451132.500000000, A.D. 1998-Nov-15 00:00:00.0000,  4.586975844687220E+09,  5.215384253335178E+09, -3.602653025682809E+08,
2451133.500000000, A.D. 1998-Nov-16 00:00:00.0000,  4.586695210407715E+09,  5.215629246879194E+09, -3.603316377431693E+08,
2451134.500000000, A.D. 1998-Nov-17 00:00:00.0000,  4.586414560718658E+09,  5.215874225092916E+09, -3.603979718078094E+08,
2451135.500000000, A.D. 1998-Nov-18 00:00:00.0000,  4.586133895615012E+09,  5.216119187970240E+09, -3.604643047617159E+08,
2451136.500000000, A.D. 1998-Nov-19 00:00:00.0000,  4.585853215091873E+09,  5.216364135504519E+09, -3.605306366044550E+08,
2451137.500000000, A.D. 1998-Nov-20 00:00:00.0000,  4.585572519144547E+09,  5.216609067688545E+09, -3.605969673356478E+08,
2451138.500000000, A.D. 1998-Nov-21 00:00:00.0000,  4.585291807768630E+09,  5.216853984514532E+09, -3.606632969549811E+08,
2451139.500000000, A.D. 1998-Nov-22 00:00:00.0000,  4.585011080960106E+09,  5.217098885974130E+09, -3.607296254622169E+08,
2451140.500000000, A.D. 1998-Nov-23 00:00:00.0000,  4.584730338715447E+09,  5.217343772058431E+09, -3.607959528571973E+08,
2451141.500000000, A.D. 1998-Nov-24 00:00:00.0000,  4.584449581031733E+09,  5.217588642758018E+09, -3.608622791398525E+08,
2451142.500000000, A.D. 1998-Nov-25 00:00:00.0000,  4.584168807906751E+09,  5.217833498063045E+09, -3.609286043102059E+08,
2451143.500000000, A.D. 1998-Nov-26 00:00:00.0000,  4.583888019339116E+09,  5.218078337963313E+09, -3.609949283683763E+08,
2451144.500000000, A.D. 1998-Nov-27 00:00:00.0000,  4.583607215328362E+09,  5.218323162448421E+09, -3.610612513145735E+08,
2451145.500000000, A.D. 1998-Nov-28 00:00:00.0000,  4.583326395875013E+09,  5.218567971507915E+09, -3.611275731490946E+08,
2451146.500000000, A.D. 1998-Nov-29 00:00:00.0000,  4.583045560980626E+09,  5.218812765131474E+09, -3.611938938723118E+08,
2451147.500000000, A.D. 1998-Nov-30 00:00:00.0000,  4.582764710647784E+09,  5.219057543309119E+09, -3.612602134846532E+08,
2451148.500000000, A.D. 1998-Dec-01 00:00:00.0000,  4.582483844880047E+09,  5.219302306031416E+09, -3.613265319865839E+08,
2451149.500000000, A.D. 1998-Dec-02 00:00:00.0000,  4.582202963681840E+09,  5.219547053289678E+09, -3.613928493785791E+08,
2451150.500000000, A.D. 1998-Dec-03 00:00:00.0000,  4.581922067058303E+09,  5.219791785076133E+09, -3.614591656610932E+08,
2451151.500000000, A.D. 1998-Dec-04 00:00:00.0000,  4.581641155015087E+09,  5.220036501384057E+09, -3.615254808345344E+08,
2451152.500000000, A.D. 1998-Dec-05 00:00:00.0000,  4.581360227558126E+09,  5.220281202207855E+09, -3.615917948992348E+08,
2451153.500000000, A.D. 1998-Dec-06 00:00:00.0000,  4.581079284693401E+09,  5.220525887543075E+09, -3.616581078554285E+08,
2451154.500000000, A.D. 1998-Dec-07 00:00:00.0000,  4.580798326426702E+09,  5.220770557386360E+09, -3.617244197032340E+08,
2451155.500000000, A.D. 1998-Dec-08 00:00:00.0000,  4.580517352763415E+09,  5.221015211735357E+09, -3.617907304426389E+08,
2451156.500000000, A.D. 1998-Dec-09 00:00:00.0000,  4.580236363708358E+09,  5.221259850588580E+09, -3.618570400735021E+08,
2451157.500000000, A.D. 1998-Dec-10 00:00:00.0000,  4.579955359265640E+09,  5.221504473945235E+09, -3.619233485955491E+08,
2451158.500000000, A.D. 1998-Dec-11 00:00:00.0000,  4.579674339438591E+09,  5.221749081805043E+09, -3.619896560083816E+08,
2451159.500000000, A.D. 1998-Dec-12 00:00:00.0000,  4.579393304229715E+09,  5.221993674168060E+09, -3.620559623114936E+08,
2451160.500000000, A.D. 1998-Dec-13 00:00:00.0000,  4.579112253640699E+09,  5.222238251034503E+09, -3.621222675042765E+08,
2451161.500000000, A.D. 1998-Dec-14 00:00:00.0000,  4.578831187672451E+09,  5.222482812404600E+09, -3.621885715860431E+08,
2451162.500000000, A.D. 1998-Dec-15 00:00:00.0000,  4.578550106325152E+09,  5.222727358278473E+09, -3.622548745560396E+08,
2451163.500000000, A.D. 1998-Dec-16 00:00:00.0000,  4.578269009598339E+09,  5.222971888656011E+09, -3.623211764134591E+08,
2451164.500000000, A.D. 1998-Dec-17 00:00:00.0000,  4.577987897490979E+09,  5.223216403536821E+09, -3.623874771574609E+08,
2451165.500000000, A.D. 1998-Dec-18 00:00:00.0000,  4.577706770001563E+09,  5.223460902920156E+09, -3.624537767871788E+08,
2451166.500000000, A.D. 1998-Dec-19 00:00:00.0000,  4.577425627128184E+09,  5.223705386804876E+09, -3.625200753017328E+08,
2451167.500000000, A.D. 1998-Dec-20 00:00:00.0000,  4.577144468868619E+09,  5.223949855189442E+09, -3.625863727002380E+08,
2451168.500000000, A.D. 1998-Dec-21 00:00:00.0000,  4.576863295220395E+09,  5.224194308071897E+09, -3.626526689818137E+08,
2451169.500000000, A.D. 1998-Dec-22 00:00:00.0000,  4.576582106180860E+09,  5.224438745449872E+09, -3.627189641455858E+08,
2451170.500000000, A.D. 1998-Dec-23 00:00:00.0000,  4.576300901747235E+09,  5.224683167320599E+09, -3.627852581906936E+08,
2451171.500000000, A.D. 1998-Dec-24 00:00:00.0000,  4.576019681916667E+09,  5.224927573680923E+09, -3.628515511162927E+08,
2451172.500000000, A.D. 1998-Dec-25 00:00:00.0000,  4.575738446686265E+09,  5.225171964527323E+09, -3.629178429215577E+08,
2451173.500000000, A.D. 1998-Dec-26 00:00:00.0000,  4.575457196053140E+09,  5.225416339855927E+09, -3.629841336056814E+08,
2451174.500000000, A.D. 1998-Dec-27 00:00:00.0000,  4.575175930014429E+09,  5.225660699662545E+09, -3.630504231678798E+08,
2451175.500000000, A.D. 1998-Dec-28 00:00:00.0000,  4.574894648567326E+09,  5.225905043942682E+09, -3.631167116073904E+08,
2451176.500000000, A.D. 1998-Dec-29 00:00:00.0000,  4.574613351709096E+09,  5.226149372691557E+09, -3.631829989234719E+08,
2451177.500000000, A.D. 1998-Dec-30 00:00:00.0000,  4.574332039437091E+09,  5.226393685904134E+09, -3.632492851154053E+08,
2451178.500000000, A.D. 1998-Dec-31 00:00:00.0000,  4.574050711748767E+09,  5.226637983575131E+09, -3.633155701824930E+08,
2451179.500000000, A.D. 1999-Jan-01 00:00:00.0000,  4.573769368641690E+09,  5.226882265699052E+09, -3.633818541240592E+08,
2451180.500000000, A.D. 1999-Jan-02 00:00:00.0000,  4.573488010113547E+09,  5.227126532270187E+09, -3.634481369394474E+08,
2451181.500000000, A.D. 1999-Jan-03 00:00:00.0000,  4.573206636162148E+09,  5.227370783282645E+09, -3.635144186280227E+08,
2451182.500000000, A.D. 1999-Jan-04 00:00:00.0000,  4.572925246785438E+09,  5.227615018730359E+09, -3.635806991891675E+08,
2451183.500000000, A.D. 1999-Jan-05 00:00:00.0000,  4.572643841981487E+09,  5.227859238607103E+09, -3.636469786222847E+08,
2451184.500000000, A.D. 1999-Jan-06 00:00:00.0000,  4.572362421748507E+09,  5.228103442906509E+09, -3.637132569267941E+08,
2451185.500000000, A.D. 1999-Jan-07 00:00:00.0000,  4.572080986084846E+09,  5.228347631622069E+09, -3.637795341021326E+08,
2451186.500000000, A.D. 1999-Jan-08 00:00:00.0000,  4.571799534988983E+09,  5.228591804747159E+09, -3.638458101477544E+08,
2451187.500000000, A.D. 1999-Jan-09 00:00:00.0000,  4.571518068459542E+09,  5.228835962275038E+09, -3.639120850631294E+08,
2451188.500000000, A.D. 1999-Jan-10 00:00:00.0000,  4.571236586495278E+09,  5.229080104198863E+09, -3.639783588477428E+08,
2451189.500000000, A.D. 1999-Jan-11 00:00:00.0000,  4.570955089095084E+09,  5.229324230511698E+09, -3.640446315010943E+08,
2451190.500000000, A.D. 1999-Jan-12 00:00:00.0000,  4.570673576257985E+09,  5.229568341206520E+09, -3.641109030226977E+08,
2451191.500000000, A.D. 1999-Jan-13 00:00:00.0000,  4.570392047983140E+09,  5.229812436276225E+09, -3.641771734120805E+08,
2451192.500000000, A.D. 1999-Jan-14 00:00:00.0000,  4.570110504269837E+09,  5.230056515713642E+09, -3.642434426687851E+08,
2451193.500000000, A.D. 1999-Jan-15 00:00:00.0000,  4.569828945117491E+09,  5.230300579511524E+09, -3.643097107923627E+08,
2451194.500000000, A.D. 1999-Jan-16 00:00:00.0000,  4.569547370525642E+09,  5.230544627662574E+09, -3.643759777823799E+08,
2451195.500000000, A.D. 1999-Jan-17 00:00:00.0000,  4.569265780493958E+09,  5.230788660159433E+09, -3.644422436384144E+08,
2451196.500000000, A.D. 1999-Jan-18 00:00:00.0000,  4.568984175022218E+09,  5.231032676994692E+09, -3.645085083600545E+08,
2451197.500000000, A.D. 1999-Jan-19 00:00:00.0000,  4.568702554110324E+09,  5.231276678160894E+09, -3.645747719469006E+08,
2451198.500000000, A.D. 1999-Jan-20 00:00:00.0000,  4.568420917758287E+09,  5.231520663650541E+09, -3.646410343985624E+08,
2451199.500000000, A.D. 1999-Jan-21 00:00:00.0000,  4.568139265966228E+09,  5.231764633456090E+09, -3.647072957146609E+08,
2451200.500000000, A.D. 1999-Jan-22 00:00:00.0000,  4.567857598734374E+09,  5.232008587569960E+09, -3.647735558948262E+08,
2451201.500000000, A.D. 1999-Jan-23 00:00:00.0000,  4.567575916063055E+09,  5.232252525984532E+09, -3.648398149387002E+08,
2451202.500000000, A.D. 1999-Jan-24 00:00:00.0000,  4.567294217952695E+09,  5.232496448692154E+09, -3.649060728459315E+08,
2451203.500000000, A.D. 1999-Jan-25 00:00:00.0000,  4.567012504403813E+09,  5.232740355685135E+09, -3.649723296161816E+08,
2451204.500000000, A.D. 1999-Jan-26 00:00:00.0000,  4.566730775417015E+09,  5.232984246955748E+09, -3.650385852491190E+08,
2451205.500000000, A.D. 1999-Jan-27 00:00:00.0000,  4.566449030992993E+09,  5.233228122496224E+09, -3.651048397444220E+08,
2451206.500000000, A.D. 1999-Jan-28 00:00:00.0000,  4.566167271132518E+09,  5.233471982298761E+09, -3.651710931017787E+08,
2451207.500000000, A.D. 1999-Jan-29 00:00:00.0000,  4.565885495836432E+09,  5.233715826355503E+09, -3.652373453208857E+08,
2451208.500000000, A.D. 1999-Jan-30 00:00:00.0000,  4.565603705105655E+09,  5.233959654658553E+09, -3.653035964014518E+08,
2451209.500000000, A.D. 1999-Jan-31 00:00:00.0000,  4.565321898941163E+09,  5.234203467199956E+09, -3.653698463431942E+08,
2451210.500000000, A.D. 1999-Feb-01 00:00:00.0000,  4.565040077344003E+09,  5.234447263971693E+09, -3.654360951458411E+08,
2451211.500000000, A.D. 1999-Feb-02 00:00:00.0000,  4.564758240315276E+09,  5.234691044965681E+09, -3.655023428091331E+08,
2451212.500000000, A.D. 1999-Feb-03 00:00:00.0000,  4.564476387856140E+09,  5.234934810173740E+09, -3.655685893328207E+08,
2451213.500000000, A.D. 1999-Feb-04 00:00:00.0000,  4.564194519967808E+09,  5.235178559587609E+09, -3.656348347166703E+08,
2451214.500000000, A.D. 1999-Feb-05 00:00:00.0000,  4.563912636651547E+09,  5.235422293198913E+09, -3.657010789604635E+08,
2451215.500000000, A.D. 1999-Feb-06 00:00:00.0000,  4.563630737908681E+09,  5.235666010999150E+09, -3.657673220639980E+08,
2451216.500000000, A.D. 1999-Feb-07 00:00:00.0000,  4.563348823740593E+09,  5.235909712979669E+09, -3.658335640270896E+08,
2451217.500000000, A.D. 1999-Feb-08 00:00:00.0000,  4.563066894148731E+09,  5.236153399131659E+09, -3.658998048495786E+08,
2451218.500000000, A.D. 1999-Feb-09 00:00:00.0000,  4.562784949134629E+09,  5.236397069446113E+09, -3.659660445313289E+08,
2451219.500000000, A.D. 1999-Feb-10 00:00:00.0000,  4.562502988699908E+09,  5.236640723913808E+09, -3.660322830722322E+08,
2451220.500000000, A.D. 1999-Feb-11 00:00:00.0000,  4.562221012846306E+09,  5.236884362525280E+09, -3.660985204722157E+08,
2451221.500000000, A.D. 1999-Feb-12 00:00:00.0000,  4.561939021575707E+09,  5.237127985270796E+09, -3.661647567312441E+08,
2451222.500000000, A.D. 1999-Feb-13 00:00:00.0000,  4.561657014890173E+09,  5.237371592140317E+09, -3.662309918493264E+08,
2451223.500000000, A.D. 1999-Feb-14 00:00:00.0000,  4.561374992791992E+09,  5.237615183123487E+09, -3.662972258265238E+08,
2451224.500000000, A.D. 1999-Feb-15 00:00:00.0000,  4.561092955283736E+09,  5.237858758209602E+09, -3.663634586629541E+08,
2451225.500000000, A.D. 1999-Feb-16 00:00:00.0000,  4.560810902368323E+09,  5.238102317387598E+09, -3.664296903588037E+08,
2451226.500000000, A.D. 1999-Feb-17 00:00:00.0000,  4.560528834049100E+09,  5.238345860646036E+09, -3.664959209143302E+08,
2451227.500000000, A.D. 1999-Feb-18 00:00:00.0000,  4.560246750329927E+09,  5.238589387973123E+09, -3.665621503298738E+08,
2451228.500000000, A.D. 1999-Feb-19 00:00:00.0000,  4.559964651215286E+09,  5.238832899356728E+09, -3.666283786058667E+08,
2451229.500000000, A.D. 1999-Feb-20 00:00:00.0000,  4.559682536710375E+09,  5.239076394784431E+09, -3.666946057428324E+08,
2451230.500000000, A.D. 1999-Feb-21 00:00:00.0000,  4.559400406821219E+09,  5.239319874243600E+09, -3.667608317413995E+08,
2451231.500000000, A.D. 1999-Feb-22 00:00:00.0000,  4.559118261554779E+09,  5.239563337721481E+09, -3.668270566022909E+08,
2451232.500000000, A.D. 1999-Feb-23 00:00:00.0000,  4.558836100919029E+09,  5.239806785205353E+09, -3.668932803263326E+08,
2451233.500000000, A.D. 1999-Feb-24 00:00:00.0000,  4.558553924923034E+09,  5.240050216682673E+09, -3.669595029144413E+08,
2451234.500000000, A.D. 1999-Feb-25 00:00:00.0000,  4.558271733576968E+09,  5.240293632141276E+09, -3.670257243676124E+08,
2451235.500000000, A.D. 1999-Feb-26 00:00:00.0000,  4.557989526892118E+09,  5.240537031569575E+09, -3.670919446869001E+08,
2451236.500000000, A.D. 1999-Feb-27 00:00:00.0000,  4.557707304880811E+09,  5.240780414956783E+09, -3.671581638734035E+08,
2451237.500000000, A.D. 1999-Feb-28 00:00:00.0000,  4.557425067556305E+09,  5.241023782293095E+09, -3.672243819282279E+08,
2451238.500000000, A.D. 1999-Mar-01 00:00:00.0000,  4.557142814932624E+09,  5.241267133569881E+09, -3.672905988524663E+08,
2451239.500000000, A.D. 1999-Mar-02 00:00:00.0000,  4.556860547024349E+09,  5.241510468779802E+09, -3.673568146471634E+08,
2451240.500000000, A.D. 1999-Mar-03 00:00:00.0000,  4.556578263846383E+09,  5.241753787916897E+09, -3.674230293132920E+08,
2451241.500000000, A.D. 1999-Mar-04 00:00:00.0000,  4.556295965413706E+09,  5.241997090976597E+09, -3.674892428517258E+08,
2451242.500000000, A.D. 1999-Mar-05 00:00:00.0000,  4.556013651741131E+09,  5.242240377955675E+09, -3.675554552632232E+08,
2451243.500000000, A.D. 1999-Mar-06 00:00:00.0000,  4.555731322843090E+09,  5.242483648852161E+09, -3.676216665484152E+08,
2451244.500000000, A.D. 1999-Mar-07 00:00:00.0000,  4.555448978733458E+09,  5.242726903665196E+09, -3.676878767078016E+08,
2451245.500000000, A.D. 1999-Mar-08 00:00:00.0000,  4.555166619425408E+09,  5.242970142394863E+09, -3.677540857417502E+08,
2451246.500000000, A.D. 1999-Mar-09 00:00:00.0000,  4.554884244931335E+09,  5.243213365042010E+09, -3.678202936505058E+08,
2451247.500000000, A.D. 1999-Mar-10 00:00:00.0000,  4.554601855262810E+09,  5.243456571608068E+09, -3.678865004342005E+08,
2451248.500000000, A.D. 1999-Mar-11 00:00:00.0000,  4.554319450430572E+09,  5.243699762094883E+09, -3.679527060928683E+08,
2451249.500000000, A.D. 1999-Mar-12 00:00:00.0000,  4.554037030444567E+09,  5.243942936504564E+09, -3.680189106264584E+08,
2451250.500000000, A.D. 1999-Mar-13 00:00:00.0000,  4.553754595313993E+09,  5.244186094839361E+09, -3.680851140348542E+08,
2451251.500000000, A.D. 1999-Mar-14 00:00:00.0000,  4.553472145047372E+09,  5.244429237101557E+09, -3.681513163178837E+08,
2451252.500000000, A.D. 1999-Mar-15 00:00:00.0000,  4.553189679652624E+09,  5.244672363293394E+09, -3.682175174753358E+08,
2451253.500000000, A.D. 1999-Mar-16 00:00:00.0000,  4.552907199137147E+09,  5.244915473417019E+09, -3.682837175069721E+08,
2451254.500000000, A.D. 1999-Mar-17 00:00:00.0000,  4.552624703507889E+09,  5.245158567474445E+09, -3.683499164125352E+08,
2451255.500000000, A.D. 1999-Mar-18 00:00:00.0000,  4.552342192771425E+09,  5.245401645467530E+09, -3.684161141917589E+08,
2451256.500000000, A.D. 1999-Mar-19 00:00:00.0000,  4.552059666934015E+09,  5.245644707397974E+09, -3.684823108443754E+08,
2451257.500000000, A.D. 1999-Mar-20 00:00:00.0000,  4.551777126001670E+09,  5.245887753267315E+09, -3.685485063701179E+08,
2451258.500000000, A.D. 1999-Mar-21 00:00:00.0000,  4.551494569980186E+09,  5.246130783076941E+09, -3.686147007687285E+08,
2451259.500000000, A.D. 1999-Mar-22 00:00:00.0000,  4.551211998875204E+09,  5.246373796828102E+09, -3.686808940399561E+08,
2451260.500000000, A.D. 1999-Mar-23 00:00:00.0000,  4.550929412692228E+09,  5.246616794521931E+09, -3.687470861835625E+08,
2451261.500000000, A.D. 1999-Mar-24 00:00:00.0000,  4.550646811436663E+09,  5.246859776159455E+09, -3.688132771993227E+08,
2451262.500000000, A.D. 1999-Mar-25 00:00:00.0000,  4.550364195113832E+09,  5.247102741741625E+09, -3.688794670870233E+08,
2451263.500000000, A.D. 1999-Mar-26 00:00:00.0000,  4.550081563728994E+09,  5.247345691269321E+09, -3.689456558464642E+08,
2451264.500000000, A.D. 1999-Mar-27 00:00:00.0000,  4.549798917287357E+09,  5.247588624743387E+09, -3.690118434774597E+08,
2451265.500000000, A.D. 1999-Mar-28 00:00:00.0000,  4.549516255794089E+09,  5.247831542164639E+09, -3.690780299798360E+08,
2451266.500000000, A.D. 1999-Mar-29 00:00:00.0000,  4.549233579254317E+09,  5.248074443533882E+09, -3.691442153534303E+08,
2451267.500000000, A.D. 1999-Mar-30 00:00:00.0000,  4.548950887673139E+09,  5.248317328851928E+09, -3.692103995980911E+08,
2451268.500000000, A.D. 1999-Mar-31 00:00:00.0000,  4.548668181055617E+09,  5.248560198119608E+09, -3.692765827136767E+08,
2451269.500000000, A.D. 1999-Apr-01 00:00:00.0000,  4.548385459406783E+09,  5.248803051337789E+09, -3.693427647000544E+08,
2451270.500000000, A.D. 1999-Apr-02 00:00:00.0000,  4.548102722731634E+09,  5.249045888507378E+09, -3.694089455570986E+08,
2451271.500000000, A.D. 1999-Apr-03 00:00:00.0000,  4.547819971035128E+09,  5.249288709629342E+09, -3.694751252846923E+08,
2451272.500000000, A.D. 1999-Apr-04 00:00:00.0000,  4.547537204322178E+09,  5.249531514704705E+09, -3.695413038827219E+08,
2451273.500000000, A.D. 1999-Apr-05 00:00:00.0000,  4.547254422597652E+09,  5.249774303734567E+09, -3.696074813510795E+08,
2451274.500000000, A.D. 1999-Apr-06 00:00:00.0000,  4.546971625866366E+09,  5.250017076720098E+09, -3.696736576896605E+08,
2451275.500000000, A.D. 1999-Apr-07 00:00:00.0000,  4.546688814133074E+09,  5.250259833662560E+09, -3.697398328983643E+08,
2451276.500000000, A.D. 1999-Apr-08 00:00:00.0000,  4.546405987402462E+09,  5.250502574563292E+09, -3.698060069770880E+08,
2451277.500000000, A.D. 1999-Apr-09 00:00:00.0000,  4.546123145679149E+09,  5.250745299423726E+09, -3.698721799257343E+08,
2451278.500000000, A.D. 1999-Apr-10 00:00:00.0000,  4.545840288967666E+09,  5.250988008245392E+09, -3.699383517442026E+08,
2451279.500000000, A.D. 1999-Apr-11 00:00:00.0000,  4.545557417272465E+09,  5.251230701029908E+09, -3.700045224323916E+08,
2451280.500000000, A.D. 1999-Apr-12 00:00:00.0000,  4.545274530597895E+09,  5.251473377778990E+09, -3.700706919901991E+08,
2451281.500000000, A.D. 1999-Apr-13 00:00:00.0000,  4.544991628948209E+09,  5.251716038494449E+09, -3.701368604175189E+08,
2451282.500000000, A.D. 1999-Apr-14 00:00:00.0000,  4.544708712327545E+09,  5.251958683178190E+09, -3.702030277142427E+08,
2451283.500000000, A.D. 1999-Apr-15 00:00:00.0000,  4.544425780739927E+09,  5.252201311832214E+09, -3.702691938802574E+08,
2451284.500000000, A.D. 1999-Apr-16 00:00:00.0000,  4.544142834189249E+09,  5.252443924458614E+09, -3.703353589154465E+08,
2451285.500000000, A.D. 1999-Apr-17 00:00:00.0000,  4.543859872679275E+09,  5.252686521059569E+09, -3.704015228196843E+08,
2451286.500000000, A.D. 1999-Apr-18 00:00:00.0000,  4.543576896213623E+09,  5.252929101637345E+09, -3.704676855928433E+08,
2451287.500000000, A.D. 1999-Apr-19 00:00:00.0000,  4.543293904795766E+09,  5.253171666194293E+09, -3.705338472347884E+08,
2451288.500000000, A.D. 1999-Apr-20 00:00:00.0000,  4.543010898429017E+09,  5.253414214732836E+09, -3.706000077453759E+08,
2451289.500000000, A.D. 1999-Apr-21 00:00:00.0000,  4.542727877116523E+09,  5.253656747255471E+09, -3.706661671244564E+08,
2451290.500000000, A.D. 1999-Apr-22 00:00:00.0000,  4.542444840861259E+09,  5.253899263764761E+09, -3.707323253718717E+08,
2451291.500000000, A.D. 1999-Apr-23 00:00:00.0000,  4.542161789666019E+09,  5.254141764263327E+09, -3.707984824874575E+08,
2451292.500000000, A.D. 1999-Apr-24 00:00:00.0000,  4.541878723533407E+09,  5.254384248753836E+09, -3.708646384710383E+08,
2451293.500000000, A.D. 1999-Apr-25 00:00:00.0000,  4.541595642465830E+09,  5.254626717238997E+09, -3.709307933224313E+08,
2451294.500000000, A.D. 1999-Apr-26 00:00:00.0000,  4.541312546465491E+09,  5.254869169721557E+09, -3.709969470414464E+08,
2451295.500000000, A.D. 1999-Apr-27 00:00:00.0000,  4.541029435534382E+09,  5.255111606204270E+09, -3.710630996278827E+08,
2451296.500000000, A.D. 1999-Apr-28 00:00:00.0000,  4.540746309674275E+09,  5.255354026689904E+09, -3.711292510815325E+08,
2451297.500000000, A.D. 1999-Apr-29 00:00:00.0000,  4.540463168886721E+09,  5.255596431181219E+09, -3.711954014021804E+08,
2451298.500000000, A.D. 1999-Apr-30 00:00:00.0000,  4.540180013173035E+09,  5.255838819680950E+09, -3.712615505896020E+08,
2451299.500000000, A.D. 1999-May-01 00:00:00.0000,  4.539896842534297E+09,  5.256081192191793E+09, -3.713276986435671E+08,
2451300.500000000, A.D. 1999-May-02 00:00:00.0000,  4.539613656971348E+09,  5.256323548716381E+09, -3.713938455638382E+08,
2451301.500000000, A.D. 1999-May-03 00:00:00.0000,  4.539330456484786E+09,  5.256565889257272E+09, -3.714599913501740E+08,
2451302.500000000, A.D. 1999-May-04 00:00:00.0000,  4.539047241074964E+09,  5.256808213816914E+09, -3.715261360023298E+08,
2451303.500000000, A.D. 1999-May-05 00:00:00.0000,  4.538764010741989E+09,  5.257050522397630E+09, -3.715922795200591E+08,
2451304.500000000, A.D. 1999-May-06 00:00:00.0000,  4.538480765485731E+09,  5.257292815001587E+09, -3.716584219031172E+08,
2451305.500000000, A.D. 1999-May-07 00:00:00.0000,  4.538197505305827E+09,  5.257535091630760E+09, -3.717245631512604E+08,
2451306.500000000, A.D. 1999-May-08 00:00:00.0000,  4.537914230201691E+09,  5.257777352286909E+09, -3.717907032642550E+08,
2451307.500000000, A.D. 1999-May-09 00:00:00.0000,  4.537630940172528E+09,  5.258019596971539E+09, -3.718568422418756E+08,
2451308.500000000, A.D. 1999-May-10 00:00:00.0000,  4.537347635217364E+09,  5.258261825685868E+09, -3.719229800839131E+08,
2451309.500000000, A.D. 1999-May-11 00:00:00.0000,  4.537064315335067E+09,  5.258504038430790E+09, -3.719891167901809E+08,
2451310.500000000, A.D. 1999-May-12 00:00:00.0000,  4.536780980524386E+09,  5.258746235206831E+09, -3.720552523605158E+08,
2451311.500000000, A.D. 1999-May-13 00:00:00.0000,  4.536497630784005E+09,  5.258988416014128E+09, -3.721213867947893E+08,
2451312.500000000, A.D. 1999-May-14 00:00:00.0000,  4.536214266112589E+09,  5.259230580852389E+09, -3.721875200929153E+08,
2451313.500000000, A.D. 1999-May-15 00:00:00.0000,  4.535930886508861E+09,  5.259472729720878E+09, -3.722536522548542E+08,
2451314.500000000, A.D. 1999-May-16 00:00:00.0000,  4.535647491971682E+09,  5.259714862618383E+09, -3.723197832806244E+08,
2451315.500000000, A.D. 1999-May-17 00:00:00.0000,  4.535364082500141E+09,  5.259956979543242E+09, -3.723859131703105E+08,
2451316.500000000, A.D. 1999-May-18 00:00:00.0000,  4.535080658093656E+09,  5.260199080493333E+09, -3.724520419240675E+08,
2451317.500000000, A.D. 1999-May-19 00:00:00.0000,  4.534797218752084E+09,  5.260441165466127E+09, -3.725181695421302E+08,
2451318.500000000, A.D. 1999-May-20 00:00:00.0000,  4.534513764475832E+09,  5.260683234458761E+09, -3.725842960248187E+08,
2451319.500000000, A.D. 1999-May-21 00:00:00.0000,  4.534230295265957E+09,  5.260925287468116E+09, -3.726504213725333E+08,
2451320.500000000, A.D. 1999-May-22 00:00:00.0000,  4.533946811124262E+09,  5.261167324490956E+09, -3.727165455857608E+08,
2451321.500000000, A.D. 1999-May-23 00:00:00.0000,  4.533663312053365E+09,  5.261409345524085E+09, -3.727826686650617E+08,
2451322.500000000, A.D. 1999-May-24 00:00:00.0000,  4.533379798056731E+09,  5.261651350564521E+09, -3.728487906110601E+08,
2451323.500000000, A.D. 1999-May-25 00:00:00.0000,  4.533096269138664E+09,  5.261893339609700E+09, -3.729149114244246E+08,
2451324.500000000, A.D. 1999-May-26 00:00:00.0000,  4.532812725304248E+09,  5.262135312657685E+09, -3.729810311058490E+08,
2451325.500000000, A.D. 1999-May-27 00:00:00.0000,  4.532529166559237E+09,  5.262377269707345E+09, -3.730471496560242E+08,
2451326.500000000, A.D. 1999-May-28 00:00:00.0000,  4.532245592909895E+09,  5.262619210758530E+09, -3.731132670756075E+08,
2451327.500000000, A.D. 1999-May-29 00:00:00.0000,  4.531962004362786E+09,  5.262861135812188E+09, -3.731793833651981E+08,
2451328.500000000, A.D. 1999-May-30 00:00:00.0000,  4.531678400924551E+09,  5.263103044870438E+09, -3.732454985253050E+08,
2451329.500000000, A.D. 1999-May-31 00:00:00.0000,  4.531394782601663E+09,  5.263344937936571E+09, -3.733116125563285E+08,
2451330.500000000, A.D. 1999-Jun-01 00:00:00.0000,  4.531111149400190E+09,  5.263586815015006E+09, -3.733777254585381E+08,
2451331.500000000, A.D. 1999-Jun-02 00:00:00.0000,  4.530827501325590E+09,  5.263828676111176E+09, -3.734438372320638E+08,
2451332.500000000, A.D. 1999-Jun-03 00:00:00.0000,  4.530543838382539E+09,  5.264070521231391E+09, -3.735099478768930E+08,
2451333.500000000, A.D. 1999-Jun-04 00:00:00.0000,  4.530260160574799E+09,  5.264312350382658E+09, -3.735760573928699E+08,
2451334.500000000, A.D. 1999-Jun-05 00:00:00.0000,  4.529976467905142E+09,  5.264554163572488E+09, -3.736421657797055E+08,
2451335.500000000, A.D. 1999-Jun-06 00:00:00.0000,  4.529692760375318E+09,  5.264795960808719E+09, -3.737082730369866E+08,
2451336.500000000, A.D. 1999-Jun-07 00:00:00.0000,  4.529409037986056E+09,  5.265037742099341E+09, -3.737743791641932E+08,
2451337.500000000, A.D. 1999-Jun-08 00:00:00.0000,  4.529125300737107E+09,  5.265279507452336E+09, -3.738404841607134E+08,
2451338.500000000, A.D. 1999-Jun-09 00:00:00.0000,  4.528841548627296E+09,  5.265521256875549E+09, -3.739065880258563E+08,
2451339.500000000, A.D. 1999-Jun-10 00:00:00.0000,  4.528557781654606E+09,  5.265762990376584E+09, -3.739726907588716E+08,
2451340.500000000, A.D. 1999-Jun-11 00:00:00.0000,  4.528273999816256E+09,  5.266004707962716E+09, -3.740387923589599E+08,
2451341.500000000, A.D. 1999-Jun-12 00:00:00.0000,  4.527990203108790E+09,  5.266246409640836E+09, -3.741048928252878E+08,
2451342.500000000, A.D. 1999-Jun-13 00:00:00.0000,  4.527706391528158E+09,  5.266488095417416E+09, -3.741709921569979E+08,
2451343.500000000, A.D. 1999-Jun-14 00:00:00.0000,  4.527422565069798E+09,  5.266729765298469E+09, -3.742370903532155E+08,
2451344.500000000, A.D. 1999-Jun-15 00:00:00.0000,  4.527138723728707E+09,  5.266971419289552E+09, -3.743031874130580E+08,
2451345.500000000, A.D. 1999-Jun-16 00:00:00.0000,  4.526854867499503E+09,  5.267213057395758E+09, -3.743692833356402E+08,
2451346.500000000, A.D. 1999-Jun-17 00:00:00.0000,  4.526570996376487E+09,  5.267454679621721E+09, -3.744353781200778E+08,
2451347.500000000, A.D. 1999-Jun-18 00:00:00.0000,  4.526287110353688E+09,  5.267696285971631E+09, -3.745014717654936E+08,
2451348.500000000, A.D. 1999-Jun-19 00:00:00.0000,  4.526003209424911E+09,  5.267937876449239E+09, -3.745675642710152E+08,
2451349.500000000, A.D. 1999-Jun-20 00:00:00.0000,  4.525719293583766E+09,  5.268179451057878E+09, -3.746336556357813E+08,
2451350.500000000, A.D. 1999-Jun-21 00:00:00.0000,  4.525435362823704E+09,  5.268421009800487E+09, -3.746997458589394E+08,
2451351.500000000, A.D. 1999-Jun-22 00:00:00.0000,  4.525151417138041E+09,  5.268662552679606E+09, -3.747658349396482E+08,
2451352.500000000, A.D. 1999-Jun-23 00:00:00.0000,  4.524867456519977E+09,  5.268904079697420E+09, -3.748319228770773E+08,
2451353.500000000, A.D. 1999-Jun-24 00:00:00.0000,  4.524583480962618E+09,  5.269145590855756E+09, -3.748980096704090E+08,
2451354.500000000, A.D. 1999-Jun-25 00:00:00.0000,  4.524299490458990E+09,  5.269387086156102E+09, -3.749640953188343E+08,
2451355.500000000, A.D. 1999-Jun-26 00:00:00.0000,  4.524015485002046E+09,  5.269628565599625E+09, -3.750301798215547E+08,
2451356.500000000, A.D. 1999-Jun-27 00:00:00.0000,  4.523731464584682E+09,  5.269870029187181E+09, -3.750962631777840E+08,
2451357.500000000, A.D. 1999-Jun-28 00:00:00.0000,  4.523447429199742E+09,  5.270111476919325E+09, -3.751623453867428E+08,
2451358.500000000, A.D. 1999-Jun-29 00:00:00.0000,  4.523163378840030E+09,  5.270352908796328E+09, -3.752284264476638E+08,
2451359.500000000, A.D. 1999-Jun-30 00:00:00.0000,  4.522879313498306E+09,  5.270594324818173E+09, -3.752945063597853E+08,
2451360.500000000, A.D. 1999-Jul-01 00:00:00.0000,  4.522595233167302E+09,  5.270835724984580E+09, -3.753605851223543E+08,
2451361.500000000, A.D. 1999-Jul-02 00:00:00.0000,  4.522311137839718E+09,  5.271077109295006E+09, -3.754266627346280E+08,
2451362.500000000, A.D. 1999-Jul-03 00:00:00.0000,  4.522027027508230E+09,  5.271318477748646E+09, -3.754927391958661E+08,
2451363.500000000, A.D. 1999-Jul-04 00:00:00.0000,  4.521742902165490E+09,  5.271559830344451E+09, -3.755588145053396E+08,
2451364.500000000, A.D. 1999-Jul-05 00:00:00.0000,  4.521458761804132E+09,  5.271801167081122E+09, -3.756248886623199E+08,
2451365.500000000, A.D. 1999-Jul-06 00:00:00.0000,  4.521174606416770E+09,  5.272042487957124E+09, -3.756909616660893E+08,
2451366.500000000, A.D. 1999-Jul-07 00:00:00.0000,  4.520890435996002E+09,  5.272283792970680E+09, -3.757570335159326E+08,
2451367.500000000, A.D. 1999-Jul-08 00:00:00.0000,  4.520606250534414E+09,  5.272525082119785E+09, -3.758231042111402E+08,
2451368.500000000, A.D. 1999-Jul-09 00:00:00.0000,  4.520322050024578E+09,  5.272766355402201E+09, -3.758891737510066E+08,
2451369.500000000, A.D. 1999-Jul-10 00:00:00.0000,  4.520037834459054E+09,  5.273007612815459E+09, -3.759552421348302E+08,
2451370.500000000, A.D. 1999-Jul-11 00:00:00.0000,  4.519753603830391E+09,  5.273248854356869E+09, -3.760213093619149E+08,
2451371.500000000, A.D. 1999-Jul-12 00:00:00.0000,  4.519469358131131E+09,  5.273490080023514E+09, -3.760873754315674E+08,
2451372.500000000, A.D. 1999-Jul-13 00:00:00.0000,  4.519185097353806E+09,  5.273731289812253E+09, -3.761534403430974E+08,
2451373.500000000, A.D. 1999-Jul-14 00:00:00.0000,  4.518900821490938E+09,  5.273972483719719E+09, -3.762195040958192E+08,
2451374.500000000, A.D. 1999-Jul-15 00:00:00.0000,  4.518616530535048E+09,  5.274213661742327E+09, -3.762855666890502E+08,
2451375.500000000, A.D. 1999-Jul-16 00:00:00.0000,  4.518332224478643E+09,  5.274454823876261E+09, -3.763516281221094E+08,
2451376.500000000, A.D. 1999-Jul-17 00:00:00.0000,  4.518047903314228E+09,  5.274695970117487E+09, -3.764176883943219E+08,
2451377.500000000, A.D. 1999-Jul-18 00:00:00.0000,  4.517763567034302E+09,  5.274937100461740E+09, -3.764837475050123E+08,
2451378.500000000, A.D. 1999-Jul-19 00:00:00.0000,  4.517479215631354E+09,  5.275178214904529E+09, -3.765498054535122E+08,
2451379.500000000, A.D. 1999-Jul-20 00:00:00.0000,  4.517194849097871E+09,  5.275419313441130E+09, -3.766158622391534E+08,
2451380.500000000, A.D. 1999-Jul-21 00:00:00.0000,  4.516910467426332E+09,  5.275660396066586E+09, -3.766819178612731E+08,
2451381.500000000, A.D. 1999-Jul-22 00:00:00.0000,  4.516626070609211E+09,  5.275901462775699E+09, -3.767479723192105E+08,
2451382.500000000, A.D. 1999-Jul-23 00:00:00.0000,  4.516341658638975E+09,  5.276142513563030E+09, -3.768140256123109E+08,
2451383.500000000, A.D. 1999-Jul-24 00:00:00.0000,  4.516057231508086E+09,  5.276383548422891E+09, -3.768800777399223E+08,
2451384.500000000, A.D. 1999-Jul-25 00:00:00.0000,  4.515772789208997E+09,  5.276624567349328E+09, -3.769461287013967E+08,
2451385.500000000, A.D. 1999-Jul-26 00:00:00.0000,  4.515488331734160E+09,  5.276865570336133E+09, -3.770121784960947E+08,
2451386.500000000, A.D. 1999-Jul-27 00:00:00.0000,  4.515203859076020E+09,  5.277106557376817E+09, -3.770782271233799E+08,
2451387.500000000, A.D. 1999-Jul-28 00:00:00.0000,  4.514919371227020E+09,  5.277347528464605E+09, -3.771442745826249E+08,
2451388.500000000, A.D. 1999-Jul-29 00:00:00.0000,  4.514634868179603E+09,  5.277588483592424E+09, -3.772103208732116E+08,
2451389.500000000, A.D. 1999-Jul-30 00:00:00.0000,  4.514350349926211E+09,  5.277829422752886E+09, -3.772763659945295E+08,
2451390.500000000, A.D. 1999-Jul-31 00:00:00.0000,  4.514065816459300E+09,  5.278070345938272E+09, -3.773424099459822E+08,
2451391.500000000, A.D. 1999-Aug-01 00:00:00.0000,  4.513781267771337E+09,  5.278311253140514E+09, -3.774084527269852E+08,
2451392.500000000, A.D. 1999-Aug-02 00:00:00.0000,  4.513496703854813E+09,  5.278552144351176E+09, -3.774744943369725E+08,
2451393.500000000, A.D. 1999-Aug-03 00:00:00.0000,  4.513212124702258E+09,  5.278793019561425E+09, -3.775405347753949E+08,
2451394.500000000, A.D. 1999-Aug-04 00:00:00.0000,  4.512927530306254E+09,  5.279033878762011E+09, -3.776065740417287E+08,
2451395.500000000, A.D. 1999-Aug-05 00:00:00.0000,  4.512642920659459E+09,  5.279274721943241E+09, -3.776726121354764E+08,
2451396.500000000, A.D. 1999-Aug-06 00:00:00.0000,  4.512358295754630E+09,  5.279515549094948E+09, -3.777386490561719E+08,
2451397.500000000, A.D. 1999-Aug-07 00:00:00.0000,  4.512073655584662E+09,  5.279756360206461E+09, -3.778046848033879E+08,
2451398.500000000, A.D. 1999-Aug-08 00:00:00.0000,  4.511789000142628E+09,  5.279997155266581E+09, -3.778707193767388E+08,
2451399.500000000, A.D. 1999-Aug-09 00:00:00.0000,  4.511504329421829E+09,  5.280237934263549E+09, -3.779367527758906E+08,
2451400.500000000, A.D. 1999-Aug-10 00:00:00.0000,  4.511219643415860E+09,  5.280478697185031E+09, -3.780027850005684E+08,
2451401.500000000, A.D. 1999-Aug-11 00:00:00.0000,  4.510934942118681E+09,  5.280719444018097E+09, -3.780688160505626E+08,
2451402.500000000, A.D. 1999-Aug-12 00:00:00.0000,  4.510650225524700E+09,  5.280960174749211E+09, -3.781348459257371E+08,
2451403.500000000, A.D. 1999-Aug-13 00:00:00.0000,  4.510365493628871E+09,  5.281200889364256E+09, -3.782008746260409E+08,
2451404.500000000, A.D. 1999-Aug-14 00:00:00.0000,  4.510080746426799E+09,  5.281441587848536E+09, -3.782669021515107E+08,
2451405.500000000, A.D. 1999-Aug-15 00:00:00.0000,  4.509795983914850E+09,  5.281682270186843E+09, -3.783329285022829E+08,
2451406.500000000, A.D. 1999-Aug-16 00:00:00.0000,  4.509511206090265E+09,  5.281922936363522E+09, -3.783989536785908E+08,
2451407.500000000, A.D. 1999-Aug-17 00:00:00.0000,  4.509226412951265E+09,  5.282163586362582E+09, -3.784649776807745E+08,
2451408.500000000, A.D. 1999-Aug-18 00:00:00.0000,  4.508941604497149E+09,  5.282404220167831E+09, -3.785310005092711E+08,
2451409.500000000, A.D. 1999-Aug-19 00:00:00.0000,  4.508656780728359E+09,  5.282644837763040E+09, -3.785970221646101E+08,
2451410.500000000, A.D. 1999-Aug-20 00:00:00.0000,  4.508371941646517E+09,  5.282885439132133E+09, -3.786630426474044E+08,
2451411.500000000, A.D. 1999-Aug-21 00:00:00.0000,  4.508087087254416E+09,  5.283126024259399E+09, -3.787290619583273E+08,
2451412.500000000, A.D. 1999-Aug-22 00:00:00.0000,  4.507802217555964E+09,  5.283366593129705E+09, -3.787950800980935E+08,
2451413.500000000, A.D. 1999-Aug-23 00:00:00.0000,  4.507517332556069E+09,  5.283607145728688E+09, -3.788610970674326E+08,
2451414.500000000, A.D. 1999-Aug-24 00:00:00.0000,  4.507232432260480E+09,  5.283847682042934E+09, -3.789271128670568E+08,
2451415.500000000, A.D. 1999-Aug-25 00:00:00.0000,  4.506947516675581E+09,  5.284088202060107E+09, -3.789931274976368E+08,
2451416.500000000, A.D. 1999-Aug-26 00:00:00.0000,  4.506662585808159E+09,  5.284328705769024E+09, -3.790591409597714E+08,
2451417.500000000, A.D. 1999-Aug-27 00:00:00.0000,  4.506377639665168E+09,  5.284569193159662E+09, -3.791251532539649E+08,
2451418.500000000, A.D. 1999-Aug-28 00:00:00.0000,  4.506092678253490E+09,  5.284809664223129E+09, -3.791911643806102E+08,
2451419.500000000, A.D. 1999-Aug-29 00:00:00.0000,  4.505807701579730E+09,  5.285050118951550E+09, -3.792571743399770E+08,
2451420.500000000, A.D. 1999-Aug-30 00:00:00.0000,  4.505522709650041E+09,  5.285290557337936E+09, -3.793231831322081E+08,
2451421.500000000, A.D. 1999-Aug-31 00:00:00.0000,  4.505237702470000E+09,  5.285530979376022E+09, -3.793891907573228E+08,
2451422.500000000, A.D. 1999-Sep-01 00:00:00.0000,  4.504952680044534E+09,  5.285771385060070E+09, -3.794551972152205E+08,
2451423.500000000, A.D. 1999-Sep-02 00:00:00.0000,  4.504667642377875E+09,  5.286011774384716E+09, -3.795212025056987E+08,
2451424.500000000, A.D. 1999-Sep-03 00:00:00.0000,  4.504382589473578E+09,  5.286252147344785E+09, -3.795872066284616E+08,
2451425.500000000, A.D. 1999-Sep-04 00:00:00.0000,  4.504097521334546E+09,  5.286492503935154E+09, -3.796532095831361E+08,
2451426.500000000, A.D. 1999-Sep-05 00:00:00.0000,  4.503812437963099E+09,  5.286732844150632E+09, -3.797192113692932E+08,
2451427.500000000, A.D. 1999-Sep-06 00:00:00.0000,  4.503527339361040E+09,  5.286973167985857E+09, -3.797852119864559E+08,
2451428.500000000, A.D. 1999-Sep-07 00:00:00.0000,  4.503242225529745E+09,  5.287213475435225E+09, -3.798512114341156E+08,
2451429.500000000, A.D. 1999-Sep-08 00:00:00.0000,  4.502957096470241E+09,  5.287453766492839E+09, -3.799172097117462E+08,
2451430.500000000, A.D. 1999-Sep-09 00:00:00.0000,  4.502671952183284E+09,  5.287694041152479E+09, -3.799832068188107E+08,
2451431.500000000, A.D. 1999-Sep-10 00:00:00.0000,  4.502386792669445E+09,  5.287934299407588E+09, -3.800492027547731E+08,
2451432.500000000, A.D. 1999-Sep-11 00:00:00.0000,  4.502101617929169E+09,  5.288174541251263E+09, -3.801151975191031E+08,
2451433.500000000, A.D. 1999-Sep-12 00:00:00.0000,  4.501816427962845E+09,  5.288414766676265E+09, -3.801811911112826E+08,
2451434.500000000, A.D. 1999-Sep-13 00:00:00.0000,  4.501531222770852E+09,  5.288654975675032E+09, -3.802471835308096E+08,
2451435.500000000, A.D. 1999-Sep-14 00:00:00.0000,  4.501246002353613E+09,  5.288895168239697E+09, -3.803131747772009E+08,
2451436.500000000, A.D. 1999-Sep-15 00:00:00.0000,  4.500960766711624E+09,  5.289135344362106E+09, -3.803791648499944E+08,
2451437.500000000, A.D. 1999-Sep-16 00:00:00.0000,  4.500675515845497E+09,  5.289375504033852E+09, -3.804451537487504E+08,
2451438.500000000, A.D. 1999-Sep-17 00:00:00.0000,  4.500390249755975E+09,  5.289615647246288E+09, -3.805111414730539E+08,
2451439.500000000, A.D. 1999-Sep-18 00:00:00.0000,  4.500104968443963E+09,  5.289855773990554E+09, -3.805771280225110E+08,
2451440.500000000, A.D. 1999-Sep-19 00:00:00.0000,  4.499819671910542E+09,  5.290095884257605E+09, -3.806431133967531E+08,
2451441.500000000, A.D. 1999-Sep-20 00:00:00.0000,  4.499534360156975E+09,  5.290335978038228E+09, -3.807090975954340E+08,
2451442.500000000, A.D. 1999-Sep-21 00:00:00.0000,  4.499249033184729E+09,  5.290576055323073E+09, -3.807750806182301E+08,
2451443.500000000, A.D. 1999-Sep-22 00:00:00.0000,  4.498963690995472E+09,  5.290816116102665E+09, -3.808410624648404E+08,
2451444.500000000, A.D. 1999-Sep-23 00:00:00.0000,  4.498678333591085E+09,  5.291056160367424E+09, -3.809070431349845E+08,
2451445.500000000, A.D. 1999-Sep-24 00:00:00.0000,  4.498392960973660E+09,  5.291296188107693E+09, -3.809730226284010E+08,
2451446.500000000, A.D. 1999-Sep-25 00:00:00.0000,  4.498107573145506E+09,  5.291536199313741E+09, -3.810390009448497E+08,
2451447.500000000, A.D. 1999-Sep-26 00:00:00.0000,  4.497822170109144E+09,  5.291776193975792E+09, -3.811049780841093E+08,
2451448.500000000, A.D. 1999-Sep-27 00:00:00.0000,  4.497536751867311E+09,  5.292016172084032E+09, -3.811709540459731E+08,
2451449.500000000, A.D. 1999-Sep-28 00:00:00.0000,  4.497251318422957E+09,  5.292256133628627E+09, -3.812369288302538E+08,
2451450.500000000, A.D. 1999-Sep-29 00:00:00.0000,  4.496965869779241E+09,  5.292496078599731E+09, -3.813029024367778E+08,
2451451.500000000, A.D. 1999-Sep-30 00:00:00.0000,  4.496680405939525E+09,  5.292736006987504E+09, -3.813688748653877E+08,
2451452.500000000, A.D. 1999-Oct-01 00:00:00.0000,  4.496394926907378E+09,  5.292975918782118E+09, -3.814348461159399E+08,
2451453.500000000, A.D. 1999-Oct-02 00:00:00.0000,  4.496109432686568E+09,  5.293215813973766E+09, -3.815008161883030E+08,
2451454.500000000, A.D. 1999-Oct-03 00:00:00.0000,  4.495823923281054E+09,  5.293455692552682E+09, -3.815667850823579E+08,
2451455.500000000, A.D. 1999-Oct-04 00:00:00.0000,  4.495538398694985E+09,  5.293695554509135E+09, -3.816327527979984E+08,
2451456.500000000, A.D. 1999-Oct-05 00:00:00.0000,  4.495252858932691E+09,  5.293935399833447E+09, -3.816987193351266E+08,
2451457.500000000, A.D. 1999-Oct-06 00:00:00.0000,  4.494967303998683E+09,  5.294175228515995E+09, -3.817646846936581E+08,
2451458.500000000, A.D. 1999-Oct-07 00:00:00.0000,  4.494681733897639E+09,  5.294415040547223E+09, -3.818306488735137E+08,
2451459.500000000, A.D. 1999-Oct-08 00:00:00.0000,  4.494396148634409E+09,  5.294654835917643E+09, -3.818966118746257E+08,
2451460.500000000, A.D. 1999-Oct-09 00:00:00.0000,  4.494110548213995E+09,  5.294894614617841E+09, -3.819625736969337E+08,
2451461.500000000, A.D. 1999-Oct-10 00:00:00.0000,  4.493824932641554E+09,  5.295134376638487E+09, -3.820285343403842E+08,
2451462.500000000, A.D. 1999-Oct-11 00:00:00.0000,  4.493539301922388E+09,  5.295374121970330E+09, -3.820944938049319E+08,
2451463.500000000, A.D. 1999-Oct-12 00:00:00.0000,  4.493253656061936E+09,  5.295613850604214E+09, -3.821604520905352E+08,
2451464.500000000, A.D. 1999-Oct-13 00:00:00.0000,  4.492967995065767E+09,  5.295853562531066E+09, -3.822264091971607E+08,
2451465.500000000, A.D. 1999-Oct-14 00:00:00.0000,  4.492682318939573E+09,  5.296093257741907E+09, -3.822923651247785E+08,
2451466.500000000, A.D. 1999-Oct-15 00:00:00.0000,  4.492396627689161E+09,  5.296332936227855E+09, -3.823583198733652E+08,
2451467.500000000, A.D. 1999-Oct-16 00:00:00.0000,  4.492110921320442E+09,  5.296572597980118E+09, -3.824242734428995E+08,
2451468.500000000, A.D. 1999-Oct-17 00:00:00.0000,  4.491825199839429E+09,  5.296812242990002E+09, -3.824902258333673E+08,
2451469.500000000, A.D. 1999-Oct-18 00:00:00.0000,  4.491539463252221E+09,  5.297051871248899E+09, -3.825561770447557E+08,
2451470.500000000, A.D. 1999-Oct-19 00:00:00.0000,  4.491253711565002E+09,  5.297291482748298E+09, -3.826221270770562E+08,
2451471.500000000, A.D. 1999-Oct-20 00:00:00.0000,  4.490967944784029E+09,  5.297531077479770E+09, -3.826880759302654E+08,
2451472.500000000, A.D. 1999-Oct-21 00:00:00.0000,  4.490682162915619E+09,  5.297770655434963E+09, -3.827540236043823E+08,
2451473.500000000, A.D. 1999-Oct-22 00:00:00.0000,  4.490396365966152E+09,  5.298010216605605E+09, -3.828199700994077E+08,
2451474.500000000, A.D. 1999-Oct-23 00:00:00.0000,  4.490110553942056E+09,  5.298249760983489E+09, -3.828859154153507E+08,
2451475.500000000, A.D. 1999-Oct-24 00:00:00.0000,  4.489824726849796E+09,  5.298489288560463E+09, -3.829518595522230E+08,
2451476.500000000, A.D. 1999-Oct-25 00:00:00.0000,  4.489538884695878E+09,  5.298728799328419E+09, -3.830178025100403E+08,
2451477.500000000, A.D. 1999-Oct-26 00:00:00.0000,  4.489253027486837E+09,  5.298968293279284E+09, -3.830837442888281E+08,
2451478.500000000, A.D. 1999-Oct-27 00:00:00.0000,  4.488967155229235E+09,  5.299207770404997E+09, -3.831496848886168E+08,
2451479.500000000, A.D. 1999-Oct-28 00:00:00.0000,  4.488681267929655E+09,  5.299447230697492E+09, -3.832156243094463E+08,
2451480.500000000, A.D. 1999-Oct-29 00:00:00.0000,  4.488395365594712E+09,  5.299686674148684E+09, -3.832815625513706E+08,
2451481.500000000, A.D. 1999-Oct-30 00:00:00.0000,  4.488109448231046E+09,  5.299926100750439E+09, -3.833474996144550E+08,
2451482.500000000, A.D. 1999-Oct-31 00:00:00.0000,  4.487823515845333E+09,  5.300165510494551E+09, -3.834134354987824E+08,
2451483.500000000, A.D. 1999-Nov-01 00:00:00.0000,  4.487537568444301E+09,  5.300404903372715E+09, -3.834793702044582E+08,
2451484.500000000, A.D. 1999-Nov-02 00:00:00.0000,  4.487251606034743E+09,  5.300644279376503E+09, -3.835453037316117E+08,
2451485.500000000, A.D. 1999-Nov-03 00:00:00.0000,  4.486965628623549E+09,  5.300883638497319E+09, -3.836112360804021E+08,
2451486.500000000, A.D. 1999-Nov-04 00:00:00.0000,  4.486679636217731E+09,  5.301122980726393E+09, -3.836771672510257E+08,
2451487.500000000, A.D. 1999-Nov-05 00:00:00.0000,  4.486393628824477E+09,  5.301362306054731E+09, -3.837430972437212E+08,
2451488.500000000, A.D. 1999-Nov-06 00:00:00.0000,  4.486107606451191E+09,  5.301601614473108E+09, -3.838090260587766E+08,
2451489.500000000, A.D. 1999-Nov-07 00:00:00.0000,  4.485821569105570E+09,  5.301840905972038E+09, -3.838749536965377E+08,
2451490.500000000, A.D. 1999-Nov-08 00:00:00.0000,  4.485535516795673E+09,  5.302080180541780E+09, -3.839408801574149E+08,
2451491.500000000, A.D. 1999-Nov-09 00:00:00.0000,  4.485249449530013E+09,  5.302319438172327E+09, -3.840068054418933E+08,
2451492.500000000, A.D. 1999-Nov-10 00:00:00.0000,  4.484963367317646E+09,  5.302558678853447E+09, -3.840727295505352E+08,
2451493.500000000, A.D. 1999-Nov-11 00:00:00.0000,  4.484677270168283E+09,  5.302797902574721E+09, -3.841386524839926E+08,
2451494.500000000, A.D. 1999-Nov-12 00:00:00.0000,  4.484391158092388E+09,  5.303037109325614E+09, -3.842045742430038E+08,
2451495.500000000, A.D. 1999-Nov-13 00:00:00.0000,  4.484105031101277E+09,  5.303276299095584E+09, -3.842704948284006E+08,
2451496.500000000, A.D. 1999-Nov-14 00:00:00.0000,  4.483818889207206E+09,  5.303515471874211E+09, -3.843364142411001E+08,
2451497.500000000, A.D. 1999-Nov-15 00:00:00.0000,  4.483532732423425E+09,  5.303754627651367E+09, -3.844023324821031E+08,
2451498.500000000, A.D. 1999-Nov-16 00:00:00.0000,  4.483246560764210E+09,  5.303993766417391E+09, -3.844682495524740E+08,
2451499.500000000, A.D. 1999-Nov-17 00:00:00.0000,  4.482960374244842E+09,  5.304232888163310E+09, -3.845341654533284E+08,
2451500.500000000, A.D. 1999-Nov-18 00:00:00.0000,  4.482674172881539E+09,  5.304471992881034E+09, -3.846000801858089E+08,
2451501.500000000, A.D. 1999-Nov-19 00:00:00.0000,  4.482387956691334E+09,  5.304711080563554E+09, -3.846659937510557E+08,
2451502.500000000, A.D. 1999-Nov-20 00:00:00.0000,  4.482101725691906E+09,  5.304950151205111E+09, -3.847319061501794E+08,
2451503.500000000, A.D. 1999-Nov-21 00:00:00.0000,  4.481815479901363E+09,  5.305189204801313E+09, -3.847978173842320E+08,
2451504.500000000, A.D. 1999-Nov-22 00:00:00.0000,  4.481529219338009E+09,  5.305428241349214E+09, -3.848637274541786E+08,
2451505.500000000, A.D. 1999-Nov-23 00:00:00.0000,  4.481242944020089E+09,  5.305667260847312E+09, -3.849296363608749E+08,
2451506.500000000, A.D. 1999-Nov-24 00:00:00.0000,  4.480956653965551E+09,  5.305906263295498E+09, -3.849955441050484E+08,
2451507.500000000, A.D. 1999-Nov-25 00:00:00.0000,  4.480670349191834E+09,  5.306145248694953E+09, -3.850614506872878E+08,
2451508.500000000, A.D. 1999-Nov-26 00:00:00.0000,  4.480384029715685E+09,  5.306384217048002E+09, -3.851273561080394E+08,
2451509.500000000, A.D. 1999-Nov-27 00:00:00.0000,  4.480097695553033E+09,  5.306623168357938E+09, -3.851932603676076E+08,
2451510.500000000, A.D. 1999-Nov-28 00:00:00.0000,  4.479811346718899E+09,  5.306862102628840E+09, -3.852591634661660E+08,
2451511.500000000, A.D. 1999-Nov-29 00:00:00.0000,  4.479524983227364E+09,  5.307101019865385E+09, -3.853250654037642E+08,
2451512.500000000, A.D. 1999-Nov-30 00:00:00.0000,  4.479238605091563E+09,  5.307339920072680E+09, -3.853909661803448E+08,
2451513.500000000, A.D. 1999-Dec-01 00:00:00.0000,  4.478952212323720E+09,  5.307578803256105E+09, -3.854568657957587E+08,
2451514.500000000, A.D. 1999-Dec-02 00:00:00.0000,  4.478665804935196E+09,  5.307817669421196E+09, -3.855227642497787E+08,
2451515.500000000, A.D. 1999-Dec-03 00:00:00.0000,  4.478379382936567E+09,  5.308056518573524E+09, -3.855886615421171E+08,
2451516.500000000, A.D. 1999-Dec-04 00:00:00.0000,  4.478092946337693E+09,  5.308295350718629E+09, -3.856545576724365E+08,
2451517.500000000, A.D. 1999-Dec-05 00:00:00.0000,  4.477806495147795E+09,  5.308534165861957E+09, -3.857204526403635E+08,
2451518.500000000, A.D. 1999-Dec-06 00:00:00.0000,  4.477520029375536E+09,  5.308772964008821E+09, -3.857863464454968E+08,
2451519.500000000, A.D. 1999-Dec-07 00:00:00.0000,  4.477233549029089E+09,  5.309011745164375E+09, -3.858522390874169E+08,
2451520.500000000, A.D. 1999-Dec-08 00:00:00.0000,  4.476947054116201E+09,  5.309250509333612E+09, -3.859181305656958E+08,
2451521.500000000, A.D. 1999-Dec-09 00:00:00.0000,  4.476660544644252E+09,  5.309489256521356E+09, -3.859840208798959E+08,
2451522.500000000, A.D. 1999-Dec-10 00:00:00.0000,  4.476374020620300E+09,  5.309727986732259E+09, -3.860499100295787E+08,
2451523.500000000, A.D. 1999-Dec-11 00:00:00.0000,  4.476087482051126E+09,  5.309966699970825E+09, -3.861157980143058E+08,
2451524.500000000, A.D. 1999-Dec-12 00:00:00.0000,  4.475800928943264E+09,  5.310205396241420E+09, -3.861816848336432E+08,
2451525.500000000, A.D. 1999-Dec-13 00:00:00.0000,  4.475514361303038E+09,  5.310444075548276E+09, -3.862475704871595E+08,
2451526.500000000, A.D. 1999-Dec-14 00:00:00.0000,  4.475227779136576E+09,  5.310682737895522E+09, -3.863134549744291E+08,
2451527.500000000, A.D. 1999-Dec-15 00:00:00.0000,  4.474941182449830E+09,  5.310921383287184E+09, -3.863793382950301E+08,
2451528.500000000, A.D. 1999-Dec-16 00:00:00.0000,  4.474654571248594E+09,  5.311160011727208E+09, -3.864452204485471E+08,
2451529.500000000, A.D. 1999-Dec-17 00:00:00.0000,  4.474367945538510E+09,  5.311398623219477E+09, -3.865111014345675E+08,
2451530.500000000, A.D. 1999-Dec-18 00:00:00.0000,  4.474081305325077E+09,  5.311637217767818E+09, -3.865769812526858E+08,
2451531.500000000, A.D. 1999-Dec-19 00:00:00.0000,  4.473794650613653E+09,  5.311875795376014E+09, -3.866428599024973E+08,
2451532.500000000, A.D. 1999-Dec-20 00:00:00.0000,  4.473507981409466E+09,  5.312114356047812E+09, -3.867087373836017E+08,
2451533.500000000, A.D. 1999-Dec-21 00:00:00.0000,  4.473221297717604E+09,  5.312352899786938E+09, -3.867746136955996E+08,
2451534.500000000, A.D. 1999-Dec-22 00:00:00.0000,  4.472934599543028E+09,  5.312591426597104E+09, -3.868404888380942E+08,
2451535.500000000, A.D. 1999-Dec-23 00:00:00.0000,  4.472647886890560E+09,  5.312829936482006E+09, -3.869063628106871E+08,
2451536.500000000, A.D. 1999-Dec-24 00:00:00.0000,  4.472361159764887E+09,  5.313068429445341E+09, -3.869722356129823E+08,
2451537.500000000, A.D. 1999-Dec-25 00:00:00.0000,  4.472074418170558E+09,  5.313306905490803E+09, -3.870381072445807E+08,
2451538.500000000, A.D. 1999-Dec-26 00:00:00.0000,  4.471787662111980E+09,  5.313545364622085E+09, -3.871039777050810E+08,
2451539.500000000, A.D. 1999-Dec-27 00:00:00.0000,  4.471500891593416E+09,  5.313783806842891E+09, -3.871698469940820E+08,
2451540.500000000, A.D. 1999-Dec-28 00:00:00.0000,  4.471214106618981E+09,  5.314022232156927E+09, -3.872357151111763E+08,
2451541.500000000, A.D. 1999-Dec-29 00:00:00.0000,  4.470927307192638E+09,  5.314260640567905E+09, -3.873015820559540E+08,
2451542.500000000, A.D. 1999-Dec-30 00:00:00.0000,  4.470640493318194E+09,  5.314499032079547E+09, -3.873674478280015E+08,
2451543.500000000, A.D. 1999-Dec-31 00:00:00.0000,  4.470353664999296E+09,  5.314737406695575E+09, -3.874333124268975E+08,
