JDTDB,Calendar Date (TDB),X,Y,Z,
2450824.160972222, A.D. 1998-Jan-10 15:51:48.0000,  3.368560613549484E+08, -4.591485381266903E+08, -1.143828347407445E+07,
2450825.160972222, A.D. 1998-Jan-11 15:51:48.0000,  3.378532454359471E+08, -4.582477960102735E+08, -1.153425457487074E+07,
2450826.160972222, A.D. 1998-Jan-12 15:51:48.0000,  3.388486238846804E+08, -4.573445923445758E+08, -1.163016381301969E+07,
2450827.160972222, A.D. 1998-Jan-13 15:51:48.0000,  3.398421901120971E+08, -4.564389302438303E+08, -1.172601062830803E+07,
2450828.160972222, A.D. 1998-Jan-14 15:51:48.0000,  3.408339375312304E+08, -4.555308128419293E+08, -1.182179446012548E+07,
2450829.160972222, A.D. 1998-Jan-15 15:51:48.0000,  3.418238595572624E+08, -4.546202432924366E+08, -1.191751474746734E+07,
2450830.160972222, A.D. 1998-Jan-16 15:51:48.0000,  3.428119496075855E+08, -4.537072247686023E+08, -1.201317092893714E+07,
2450831.160972222, A.D. 1998-Jan-17 15:51:48.0000,  3.437982011018632E+08, -4.527917604633773E+08, -1.210876244274980E+07,
2450832.160972222, A.D. 1998-Jan-18 15:51:48.0000,  3.447826074620912E+08, -4.518738535894306E+08, -1.220428872673431E+07,
2450833.160972222, A.D. 1998-Jan-19 15:51:48.0000,  3.457651621126558E+08, -4.509535073791656E+08, -1.229974921833655E+07,
2450834.160972222, A.D. 1998-Jan-20 15:51:48.0000,  3.467458584803942E+08, -4.500307250847397E+08, -1.239514335462224E+07,
2450835.160972222, A.D. 1998-Jan-21 15:51:48.0000,  3.477246899946530E+08, -4.491055099780825E+08, -1.249047057227999E+07,
2450836.160972222, A.D. 1998-Jan-22 15:51:48.0000,  3.487016500873468E+08, -4.481778653509166E+08, -1.258573030762419E+07,
2450837.160972222, A.D. 1998-Jan-23 15:51:48.0000,  3.496767321930175E+08, -4.472477945147782E+08, -1.268092199659830E+07,
2450838.160972222, A.D. 1998-Jan-24 15:51:48.0000,  3.506499297488924E+08, -4.463153008010387E+08, -1.277604507477763E+07,
2450839.160972222, A.D. 1998-Jan-25 15:51:48.0000,  3.516212361949437E+08, -4.453803875609272E+08, -1.287109897737312E+07,
2450840.160972222, A.D. 1998-Jan-26 15:51:48.0000,  3.525906449739472E+08, -4.444430581655526E+08, -1.296608313923413E+07,
2450841.160972222, A.D. 1998-Jan-27 15:51:48.0000,  3.535581495315409E+08, -4.435033160059277E+08, -1.306099699485180E+07,
2450842.160972222, A.D. 1998-Jan-28 15:51:48.0000,  3.545237433162849E+08, -4.425611644929929E+08, -1.315583997836289E+07,
2450843.160972222, A.D. 1998-Jan-29 15:51:48.0000,  3.554874197797208E+08, -4.416166070576407E+08, -1.325061152355260E+07,
2450844.160972222, A.D. 1998-Jan-30 15:51:48.0000,  3.564491723764312E+08, -4.406696471507399E+08, -1.334531106385878E+07,
2450845.160972222, A.D. 1998-Jan-31 15:51:48.0000,  3.574089945640997E+08, -4.397202882431619E+08, -1.343993803237495E+07,
2450846.160972222, A.D. 1998-Feb-01 15:51:48.0000,  3.583668798035710E+08, -4.387685338258060E+08, -1.353449186185437E+07,
2450847.160972222, A.D. 1998-Feb-02 15:51:48.0000,  3.593228215589114E+08, -4.378143874096256E+08, -1.362897198471338E+07,
2450848.160972222, A.D. 1998-Feb-03 15:51:48.0000,  3.602768132974696E+08, -4.368578525256556E+08, -1.372337783303568E+07,
2450849.160972222, A.D. 1998-Feb-04 15:51:48.0000,  3.612288484899377E+08, -4.358989327250385E+08, -1.381770883857578E+07,
2450850.160972222, A.D. 1998-Feb-05 15:51:48.0000,  3.621789206104119E+08, -4.349376315790536E+08, -1.391196443276310E+07,
2450851.160972222, A.D. 1998-Feb-06 15:51:48.0000,  3.631270231364549E+08, -4.339739526791443E+08, -1.400614404670611E+07,
2450852.160972222, A.D. 1998-Feb-07 15:51:48.0000,  3.640731495491571E+08, -4.330078996369480E+08, -1.410024711119631E+07,
2450853.160972222, A.D. 1998-Feb-08 15:51:48.0000,  3.650172933331992E+08, -4.320394760843250E+08, -1.419427305671257E+07,
2450854.160972222, A.D. 1998-Feb-09 15:51:48.0000,  3.659594479769147E+08, -4.310686856733894E+08, -1.428822131342521E+07,
2450855.160972222, A.D. 1998-Feb-10 15:51:48.0000,  3.668996069723532E+08, -4.300955320765409E+08, -1.438209131120092E+07,
2450856.160972222, A.D. 1998-Feb-11 15:51:48.0000,  3.678377638153437E+08, -4.291200189864963E+08, -1.447588247960681E+07,
2450857.160972222, A.D. 1998-Feb-12 15:51:48.0000,  3.687739120055595E+08, -4.281421501163233E+08, -1.456959424791571E+07,
2450858.160972222, A.D. 1998-Feb-13 15:51:48.0000,  3.697080450465823E+08, -4.271619291994753E+08, -1.466322604511052E+07,
2450859.160972222, A.D. 1998-Feb-14 15:51:48.0000,  3.706401564459691E+08, -4.261793599898273E+08, -1.475677729988989E+07,
2450860.160972222, A.D. 1998-Feb-15 15:51:48.0000,  3.715702397153187E+08, -4.251944462617127E+08, -1.485024744067332E+07,
2450861.160972222, A.D. 1998-Feb-16 15:51:48.0000,  3.724982883703409E+08, -4.242071918099633E+08, -1.494363589560679E+07,
2450862.160972222, A.D. 1998-Feb-17 15:51:48.0000,  3.734242959309258E+08, -4.232176004499495E+08, -1.503694209256884E+07,
2450863.160972222, A.D. 1998-Feb-18 15:51:48.0000,  3.743482559212174E+08, -4.222256760176229E+08, -1.513016545917687E+07,
2450864.160972222, A.D. 1998-Feb-19 15:51:48.0000,  3.752701618696862E+08, -4.212314223695618E+08, -1.522330542279390E+07,
2450865.160972222, A.D. 1998-Feb-20 15:51:48.0000,  3.761900073092110E+08, -4.202348433830167E+08, -1.531636141053566E+07,
2450866.160972222, A.D. 1998-Feb-21 15:51:48.0000,  3.771077857771583E+08, -4.192359429559596E+08, -1.540933284927872E+07,
2450867.160972222, A.D. 1998-Feb-22 15:51:48.0000,  3.780234908154702E+08, -4.182347250071346E+08, -1.550221916566834E+07,
2450868.160972222, A.D. 1998-Feb-23 15:51:48.0000,  3.789371159707568E+08, -4.172311934761093E+08, -1.559501978612798E+07,
2450869.160972222, A.D. 1998-Feb-24 15:51:48.0000,  3.798486547943965E+08, -4.162253523233274E+08, -1.568773413686872E+07,
2450870.160972222, A.D. 1998-Feb-25 15:51:48.0000,  3.807581008426414E+08, -4.152172055301619E+08, -1.578036164389992E+07,
2450871.160972222, A.D. 1998-Feb-26 15:51:48.0000,  3.816654476767368E+08, -4.142067570989660E+08, -1.587290173304045E+07,
2450872.160972222, A.D. 1998-Feb-27 15:51:48.0000,  3.825706888630459E+08, -4.131940110531217E+08, -1.596535382993048E+07,
2450873.160972222, A.D. 1998-Feb-28 15:51:48.0000,  3.834738179731893E+08, -4.121789714370825E+08, -1.605771736004430E+07,
2450874.160972222, A.D. 1998-Mar-01 15:51:48.0000,  3.843748285841944E+08, -4.111616423164082E+08, -1.614999174870327E+07,
2450875.160972222, A.D. 1998-Mar-02 15:51:48.0000,  3.852737142786574E+08, -4.101420277777871E+08, -1.624217642108881E+07,
2450876.160972222, A.D. 1998-Mar-03 15:51:48.0000,  3.861704686449166E+08, -4.091201319290434E+08, -1.633427080225548E+07,
2450877.160972222, A.D. 1998-Mar-04 15:51:48.0000,  3.870650852772329E+08, -4.080959588991228E+08, -1.642627431714270E+07,
2450878.160972222, A.D. 1998-Mar-05 15:51:48.0000,  3.879575577759761E+08, -4.070695128380549E+08, -1.651818639058530E+07,
2450879.160972222, A.D. 1998-Mar-06 15:51:48.0000,  3.888478797478092E+08, -4.060407979168850E+08, -1.661000644732174E+07,
2450880.160972222, A.D. 1998-Mar-07 15:51:48.0000,  3.897360448058651E+08, -4.050098183275765E+08, -1.670173391199812E+07,
2450881.160972222, A.D. 1998-Mar-08 15:51:48.0000,  3.906220465699037E+08, -4.039765782828808E+08, -1.679336820916948E+07,
2450882.160972222, A.D. 1998-Mar-09 15:51:48.0000,  3.915058786664412E+08, -4.029410820161806E+08, -1.688490876329455E+07,
2450883.160972222, A.D. 1998-Mar-10 15:51:48.0000,  3.923875347288424E+08, -4.019033337813086E+08, -1.697635499872670E+07,
2450884.160972222, A.D. 1998-Mar-11 15:51:48.0000,  3.932670083973637E+08, -4.008633378523577E+08, -1.706770633969864E+07,
2450885.160972222, A.D. 1998-Mar-12 15:51:48.0000,  3.941442933191451E+08, -3.998210985234931E+08, -1.715896221030319E+07,
2450886.160972222, A.D. 1998-Mar-13 15:51:48.0000,  3.950193831481514E+08, -3.987766201087831E+08, -1.725012203447065E+07,
2450887.160972222, A.D. 1998-Mar-14 15:51:48.0000,  3.958922715450656E+08, -3.977299069420654E+08, -1.734118523594472E+07,
2450888.160972222, A.D. 1998-Mar-15 15:51:48.0000,  3.967629521771478E+08, -3.966809633768610E+08, -1.743215123825955E+07,
2450889.160972222, A.D. 1998-Mar-16 15:51:48.0000,  3.976314187180743E+08, -3.956297937863483E+08, -1.752301946471924E+07,
2450890.160972222, A.D. 1998-Mar-17 15:51:48.0000,  3.984976648477768E+08, -3.945764025633947E+08, -1.761378933838272E+07,
2450891.160972222, A.D. 1998-Mar-18 15:51:48.0000,  3.993616842522976E+08, -3.935207941206467E+08, -1.770446028205466E+07,
2450892.160972222, A.D. 1998-Mar-19 15:51:48.0000,  4.002234706236766E+08, -3.924629728906671E+08, -1.779503171828315E+07,
2450893.160972222, A.D. 1998-Mar-20 15:51:48.0000,  4.010830176598802E+08, -3.914029433261080E+08, -1.788550306936383E+07,
2450894.160972222, A.D. 1998-Mar-21 15:51:48.0000,  4.019403190647779E+08, -3.903407098999009E+08, -1.797587375735092E+07,
2450895.160972222, A.D. 1998-Mar-22 15:51:48.0000,  4.027953685481659E+08, -3.892762771054554E+08, -1.806614320407185E+07,
2450896.160972222, A.D. 1998-Mar-23 15:51:48.0000,  4.036481598258340E+08, -3.882096494568455E+08, -1.815631083114615E+07,
2450897.160972222, A.D. 1998-Mar-24 15:51:48.0000,  4.044986866196672E+08, -3.871408314889857E+08, -1.824637606000587E+07,
2450898.160972222, A.D. 1998-Mar-25 15:51:48.0000,  4.053469426577764E+08, -3.860698277577800E+08, -1.833633831191704E+07,
2450899.160972222, A.D. 1998-Mar-26 15:51:48.0000,  4.061929216746477E+08, -3.849966428402477E+08, -1.842619700800055E+07,
2450900.160972222, A.D. 1998-Mar-27 15:51:48.0000,  4.070366174113029E+08, -3.839212813346246E+08, -1.851595156925234E+07,
2450901.160972222, A.D. 1998-Mar-28 15:51:48.0000,  4.078780236154647E+08, -3.828437478604391E+08, -1.860560141656214E+07,
2450902.160972222, A.D. 1998-Mar-29 15:51:48.0000,  4.087171340417235E+08, -3.817640470585679E+08, -1.869514597073022E+07,
2450903.160972222, A.D. 1998-Mar-30 15:51:48.0000,  4.095539424516993E+08, -3.806821835912731E+08, -1.878458465248293E+07,
2450904.160972222, A.D. 1998-Mar-31 15:51:48.0000,  4.103884426141986E+08, -3.795981621422260E+08, -1.887391688248584E+07,
2450905.160972222, A.D. 1998-Apr-01 15:51:48.0000,  4.112206283053639E+08, -3.785119874165179E+08, -1.896314208135611E+07,
2450906.160972222, A.D. 1998-Apr-02 15:51:48.0000,  4.120504933088165E+08, -3.774236641406629E+08, -1.905225966967285E+07,
2450907.160972222, A.D. 1998-Apr-03 15:51:48.0000,  4.128780314157906E+08, -3.763331970625941E+08, -1.914126906798697E+07,
2450908.160972222, A.D. 1998-Apr-04 15:51:48.0000,  4.137032364252610E+08, -3.752405909516555E+08, -1.923016969682901E+07,
2450909.160972222, A.D. 1998-Apr-05 15:51:48.0000,  4.145261021440645E+08, -3.741458505985906E+08, -1.931896097671744E+07,
2450910.160972222, A.D. 1998-Apr-06 15:51:48.0000,  4.153466223870146E+08, -3.730489808155290E+08, -1.940764232816531E+07,
2450911.160972222, A.D. 1998-Apr-07 15:51:48.0000,  4.161647909770117E+08, -3.719499864359742E+08, -1.949621317168683E+07,
2450912.160972222, A.D. 1998-Apr-08 15:51:48.0000,  4.169806017451491E+08, -3.708488723147870E+08, -1.958467292780361E+07,
2450913.160972222, A.D. 1998-Apr-09 15:51:48.0000,  4.177940485308144E+08, -3.697456433281733E+08, -1.967302101705055E+07,
2450914.160972222, A.D. 1998-Apr-10 15:51:48.0000,  4.186051251817886E+08, -3.686403043736702E+08, -1.976125685998122E+07,
2450915.160972222, A.D. 1998-Apr-11 15:51:48.0000,  4.194138255543423E+08, -3.675328603701328E+08, -1.984937987717365E+07,
2450916.160972222, A.D. 1998-Apr-12 15:51:48.0000,  4.202201435133294E+08, -3.664233162577224E+08, -1.993738948923534E+07,
2450917.160972222, A.D. 1998-Apr-13 15:51:48.0000,  4.210240729322798E+08, -3.653116769978949E+08, -2.002528511680917E+07,
2450918.160972222, A.D. 1998-Apr-14 15:51:48.0000,  4.218256076934903E+08, -3.641979475733907E+08, -2.011306618057835E+07,
2450919.160972222, A.D. 1998-Apr-15 15:51:48.0000,  4.226247416881136E+08, -3.630821329882240E+08, -2.020073210127148E+07,
2450920.160972222, A.D. 1998-Apr-16 15:51:48.0000,  4.234214688162484E+08, -3.619642382676745E+08, -2.028828229966852E+07,
2450921.160972222, A.D. 1998-Apr-17 15:51:48.0000,  4.242157829870265E+08, -3.608442684582783E+08, -2.037571619660565E+07,
2450922.160972222, A.D. 1998-Apr-18 15:51:48.0000,  4.250076781187008E+08, -3.597222286278200E+08, -2.046303321298078E+07,
2450923.160972222, A.D. 1998-Apr-19 15:51:48.0000,  4.257971481387327E+08, -3.585981238653253E+08, -2.055023276975922E+07,
2450924.160972222, A.D. 1998-Apr-20 15:51:48.0000,  4.265841869838790E+08, -3.574719592810534E+08, -2.063731428797884E+07,
2450925.160972222, A.D. 1998-Apr-21 15:51:48.0000,  4.273687886002780E+08, -3.563437400064909E+08, -2.072427718875566E+07,
2450926.160972222, A.D. 1998-Apr-22 15:51:48.0000,  4.281509469435367E+08, -3.552134711943444E+08, -2.081112089328974E+07,
2450927.160972222, A.D. 1998-Apr-23 15:51:48.0000,  4.289306559788165E+08, -3.540811580185352E+08, -2.089784482287054E+07,
2450928.160972222, A.D. 1998-Apr-24 15:51:48.0000,  4.297079096809204E+08, -3.529468056741923E+08, -2.098444839888258E+07,
2450929.160972222, A.D. 1998-Apr-25 15:51:48.0000,  4.304827020343782E+08, -3.518104193776471E+08, -2.107093104281142E+07,
2450930.160972222, A.D. 1998-Apr-26 15:51:48.0000,  4.312550270335335E+08, -3.506720043664273E+08, -2.115729217624931E+07,
2450931.160972222, A.D. 1998-Apr-27 15:51:48.0000,  4.320248786826296E+08, -3.495315658992513E+08, -2.124353122090097E+07,
2450932.160972222, A.D. 1998-Apr-28 15:51:48.0000,  4.327922509958956E+08, -3.483891092560227E+08, -2.132964759858978E+07,
2450933.160972222, A.D. 1998-Apr-29 15:51:48.0000,  4.335571379976326E+08, -3.472446397378244E+08, -2.141564073126337E+07,
2450934.160972222, A.D. 1998-Apr-30 15:51:48.0000,  4.343195337223001E+08, -3.460981626669139E+08, -2.150151004100007E+07,
2450935.160972222, A.D. 1998-May-01 15:51:48.0000,  4.350794322146019E+08, -3.449496833867174E+08, -2.158725495001440E+07,
2450936.160972222, A.D. 1998-May-02 15:51:48.0000,  4.358368275295724E+08, -3.437992072618245E+08, -2.167287488066372E+07,
2450937.160972222, A.D. 1998-May-03 15:51:48.0000,  4.365917137326630E+08, -3.426467396779841E+08, -2.175836925545423E+07,
2450938.160972222, A.D. 1998-May-04 15:51:48.0000,  4.373440848998277E+08, -3.414922860420984E+08, -2.184373749704720E+07,
2450939.160972222, A.D. 1998-May-05 15:51:48.0000,  4.380939351176100E+08, -3.403358517822192E+08, -2.192897902826519E+07,
2450940.160972222, A.D. 1998-May-06 15:51:48.0000,  4.388412584832289E+08, -3.391774423475432E+08, -2.201409327209863E+07,
2450941.160972222, A.D. 1998-May-07 15:51:48.0000,  4.395860491046649E+08, -3.380170632084080E+08, -2.209907965171237E+07,
2450942.160972222, A.D. 1998-May-08 15:51:48.0000,  4.403283011007473E+08, -3.368547198562890E+08, -2.218393759045191E+07,
2450943.160972222, A.D. 1998-May-09 15:51:48.0000,  4.410680086012398E+08, -3.356904178037966E+08, -2.226866651185030E+07,
2450944.160972222, A.D. 1998-May-10 15:51:48.0000,  4.418051657469278E+08, -3.345241625846732E+08, -2.235326583963501E+07,
2450945.160972222, A.D. 1998-May-11 15:51:48.0000,  4.425397666897058E+08, -3.333559597537923E+08, -2.243773499773477E+07,
2450946.160972222, A.D. 1998-May-12 15:51:48.0000,  4.432718055926644E+08, -3.321858148871585E+08, -2.252207341028687E+07,
2450947.160972222, A.D. 1998-May-13 15:51:48.0000,  4.440012766301787E+08, -3.310137335819066E+08, -2.260628050164412E+07,
2450948.160972222, A.D. 1998-May-14 15:51:48.0000,  4.447281739879976E+08, -3.298397214563045E+08, -2.269035569638263E+07,
2450949.160972222, A.D. 1998-May-15 15:51:48.0000,  4.454524918633336E+08, -3.286637841497557E+08, -2.277429841930971E+07,
2450950.160972222, A.D. 1998-May-16 15:51:48.0000,  4.461742244649540E+08, -3.274859273228045E+08, -2.285810809547161E+07,
2450951.160972222, A.D. 1998-May-17 15:51:48.0000,  4.468933660132747E+08, -3.263061566571410E+08, -2.294178415016231E+07,
2450952.160972222, A.D. 1998-May-18 15:51:48.0000,  4.476099107404552E+08, -3.251244778556101E+08, -2.302532600893211E+07,
2450953.160972222, A.D. 1998-May-19 15:51:48.0000,  4.483238528904973E+08, -3.239408966422207E+08, -2.310873309759715E+07,
2450954.160972222, A.D. 1998-May-20 15:51:48.0000,  4.490351867193471E+08, -3.227554187621572E+08, -2.319200484224908E+07,
2450955.160972222, A.D. 1998-May-21 15:51:48.0000,  4.497439064950016E+08, -3.215680499817922E+08, -2.327514066926546E+07,
2450956.160972222, A.D. 1998-May-22 15:51:48.0000,  4.504500064976191E+08, -3.203787960887004E+08, -2.335814000532109E+07,
2450957.160972222, A.D. 1998-May-23 15:51:48.0000,  4.511534810196403E+08, -3.191876628916740E+08, -2.344100227739935E+07,
2450958.160972222, A.D. 1998-May-24 15:51:48.0000,  4.518543243659117E+08, -3.179946562207367E+08, -2.352372691280504E+07,
2450959.160972222, A.D. 1998-May-25 15:51:48.0000,  4.525525308538215E+08, -3.167997819271565E+08, -2.360631333917743E+07,
2450960.160972222, A.D. 1998-May-26 15:51:48.0000,  4.532480948134443E+08, -3.156030458834551E+08, -2.368876098450427E+07,
2450961.160972222, A.D. 1998-May-27 15:51:48.0000,  4.539410105876960E+08, -3.144044539834118E+08, -2.377106927713621E+07,
2450962.160972222, A.D. 1998-May-28 15:51:48.0000,  4.546312725325022E+08, -3.132040121420591E+08, -2.385323764580189E+07,
2450963.160972222, A.D. 1998-May-29 15:51:48.0000,  4.553188750169758E+08, -3.120017262956651E+08, -2.393526551962282E+07,
2450964.160972222, A.D. 1998-May-30 15:51:48.0000,  4.560038124236057E+08, -3.107976024017004E+08, -2.401715232812808E+07,
2450965.160972222, A.D. 1998-May-31 15:51:48.0000,  4.566860791484549E+08, -3.095916464387844E+08, -2.409889750126830E+07,
2450966.160972222, A.D. 1998-Jun-01 15:51:48.0000,  4.573656696013604E+08, -3.083838644066055E+08, -2.418050046942763E+07,
2450967.160972222, A.D. 1998-Jun-02 15:51:48.0000,  4.580425782061328E+08, -3.071742623258135E+08, -2.426196066343349E+07,
2450968.160972222, A.D. 1998-Jun-03 15:51:48.0000,  4.587167994007462E+08, -3.059628462378800E+08, -2.434327751456302E+07,
2450969.160972222, A.D. 1998-Jun-04 15:51:48.0000,  4.593883276375099E+08, -3.047496222049279E+08, -2.442445045454524E+07,
2450970.160972222, A.D. 1998-Jun-05 15:51:48.0000,  4.600571573832098E+08, -3.035345963095319E+08, -2.450547891555800E+07,
2450971.160972222, A.D. 1998-Jun-06 15:51:48.0000,  4.607232831192114E+08, -3.023177746544975E+08, -2.458636233022009E+07,
2450972.160972222, A.D. 1998-Jun-07 15:51:48.0000,  4.613866993415152E+08, -3.010991633626302E+08, -2.466710013157777E+07,
2450973.160972222, A.D. 1998-Jun-08 15:51:48.0000,  4.620474005607600E+08, -2.998787685765064E+08, -2.474769175308709E+07,
2450974.160972222, A.D. 1998-Jun-09 15:51:48.0000,  4.627053813021738E+08, -2.986565964582644E+08, -2.482813662859282E+07,
2450975.160972222, A.D. 1998-Jun-10 15:51:48.0000,  4.633606361054782E+08, -2.974326531894307E+08, -2.490843419230635E+07,
2450976.160972222, A.D. 1998-Jun-11 15:51:48.0000,  4.640131595247569E+08, -2.962069449707950E+08, -2.498858387878399E+07,
2450977.160972222, A.D. 1998-Jun-12 15:51:48.0000,  4.646629461283076E+08, -2.949794780223437E+08, -2.506858512290871E+07,
2450978.160972222, A.D. 1998-Jun-13 15:51:48.0000,  4.653099904984903E+08, -2.937502585832518E+08, -2.514843735987660E+07,
2450979.160972222, A.D. 1998-Jun-14 15:51:48.0000,  4.659542872315939E+08, -2.925192929119343E+08, -2.522814002518958E+07,
2450980.160972222, A.D. 1998-Jun-15 15:51:48.0000,  4.665958309377342E+08, -2.912865872861423E+08, -2.530769255465499E+07,
2450981.160972222, A.D. 1998-Jun-16 15:51:48.0000,  4.672346162407944E+08, -2.900521480030944E+08, -2.538709438439164E+07,
2450982.160972222, A.D. 1998-Jun-17 15:51:48.0000,  4.678706377784116E+08, -2.888159813796269E+08, -2.546634495084223E+07,
2450983.160972222, A.D. 1998-Jun-18 15:51:48.0000,  4.685038902020109E+08, -2.875780937523479E+08, -2.554544369079000E+07,
2450984.160972222, A.D. 1998-Jun-19 15:51:48.0000,  4.691343681768815E+08, -2.863384914777853E+08, -2.562439004137908E+07,
2450985.160972222, A.D. 1998-Jun-20 15:51:48.0000,  4.697620663822882E+08, -2.850971809325165E+08, -2.570318344013648E+07,
2450986.160972222, A.D. 1998-Jun-21 15:51:48.0000,  4.703869795116094E+08, -2.838541685132760E+08, -2.578182332499512E+07,
2450987.160972222, A.D. 1998-Jun-22 15:51:48.0000,  4.710091022724950E+08, -2.826094606370395E+08, -2.586030913431619E+07,
2450988.160972222, A.D. 1998-Jun-23 15:51:48.0000,  4.716284293870332E+08, -2.813630637410808E+08, -2.593864030691087E+07,
2450989.160972222, A.D. 1998-Jun-24 15:51:48.0000,  4.722449555919240E+08, -2.801149842830053E+08, -2.601681628206027E+07,
2450990.160972222, A.D. 1998-Jun-25 15:51:48.0000,  4.728586756386504E+08, -2.788652287407631E+08, -2.609483649953380E+07,
2450991.160972222, A.D. 1998-Jun-26 15:51:48.0000,  4.734695842936470E+08, -2.776138036126438E+08, -2.617270039960591E+07,
2450992.160972222, A.D. 1998-Jun-27 15:51:48.0000,  4.740776763384619E+08, -2.763607154172573E+08, -2.625040742307095E+07,
2450993.160972222, A.D. 1998-Jun-28 15:51:48.0000,  4.746829465699121E+08, -2.751059706935015E+08, -2.632795701125650E+07,
2450994.160972222, A.D. 1998-Jun-29 15:51:48.0000,  4.752853898002293E+08, -2.738495760005234E+08, -2.640534860603544E+07,
2450995.160972222, A.D. 1998-Jun-30 15:51:48.0000,  4.758850008571994E+08, -2.725915379176730E+08, -2.648258164983670E+07,
2450996.160972222, A.D. 1998-Jul-01 15:51:48.0000,  4.764817745842940E+08, -2.713318630444520E+08, -2.655965558565508E+07,
2450997.160972222, A.D. 1998-Jul-02 15:51:48.0000,  4.770757058407952E+08, -2.700705580004605E+08, -2.663656985706039E+07,
2450998.160972222, A.D. 1998-Jul-03 15:51:48.0000,  4.776667895019138E+08, -2.688076294253418E+08, -2.671332390820557E+07,
2450999.160972222, A.D. 1998-Jul-04 15:51:48.0000,  4.782550204589025E+08, -2.675430839787264E+08, -2.678991718383472E+07,
2451000.160972222, A.D. 1998-Jul-05 15:51:48.0000,  4.788403936191640E+08, -2.662769283401752E+08, -2.686634912929052E+07,
2451001.160972222, A.D. 1998-Jul-06 15:51:48.0000,  4.794229039063556E+08, -2.650091692091237E+08, -2.694261919052131E+07,
2451002.160972222, A.D. 1998-Jul-07 15:51:48.0000,  4.800025462604898E+08, -2.637398133048260E+08, -2.701872681408814E+07,
2451003.160972222, A.D. 1998-Jul-08 15:51:48.0000,  4.805793156380323E+08, -2.624688673663002E+08, -2.709467144717136E+07,
2451004.160972222, A.D. 1998-Jul-09 15:51:48.0000,  4.811532070119967E+08, -2.611963381522738E+08, -2.717045253757744E+07,
2451005.160972222, A.D. 1998-Jul-10 15:51:48.0000,  4.817242153720395E+08, -2.599222324411303E+08, -2.724606953374556E+07,
2451006.160972222, A.D. 1998-Jul-11 15:51:48.0000,  4.822923357245499E+08, -2.586465570308570E+08, -2.732152188475412E+07,
2451007.160972222, A.D. 1998-Jul-12 15:51:48.0000,  4.828575630927409E+08, -2.573693187389925E+08, -2.739680904032733E+07,
2451008.160972222, A.D. 1998-Jul-13 15:51:48.0000,  4.834198925167382E+08, -2.560905244025763E+08, -2.747193045084167E+07,
2451009.160972222, A.D. 1998-Jul-14 15:51:48.0000,  4.839793190536683E+08, -2.548101808780977E+08, -2.754688556733260E+07,
2451010.160972222, A.D. 1998-Jul-15 15:51:48.0000,  4.845358377777448E+08, -2.535282950414463E+08, -2.762167384150113E+07,
2451011.160972222, A.D. 1998-Jul-16 15:51:48.0000,  4.850894437803553E+08, -2.522448737878625E+08, -2.769629472572038E+07,
2451012.160972222, A.D. 1998-Jul-17 15:51:48.0000,  4.856401321701477E+08, -2.509599240318888E+08, -2.777074767304228E+07,
2451013.160972222, A.D. 1998-Jul-18 15:51:48.0000,  4.861878980731139E+08, -2.496734527073211E+08, -2.784503213720429E+07,
2451014.160972222, A.D. 1998-Jul-19 15:51:48.0000,  4.867327366326761E+08, -2.483854667671608E+08, -2.791914757263614E+07,
2451015.160972222, A.D. 1998-Jul-20 15:51:48.0000,  4.872746430097700E+08, -2.470959731835670E+08, -2.799309343446666E+07,
2451016.160972222, A.D. 1998-Jul-21 15:51:48.0000,  4.878136123829288E+08, -2.458049789478089E+08, -2.806686917853056E+07,
2451017.160972222, A.D. 1998-Jul-22 15:51:48.0000,  4.883496399483673E+08, -2.445124910702183E+08, -2.814047426137534E+07,
2451018.160972222, A.D. 1998-Jul-23 15:51:48.0000,  4.888827209200645E+08, -2.432185165801430E+08, -2.821390814026818E+07,
2451019.160972222, A.D. 1998-Jul-24 15:51:48.0000,  4.894128505298466E+08, -2.419230625258995E+08, -2.828717027320297E+07,
2451020.160972222, A.D. 1998-Jul-25 15:51:48.0000,  4.899400240274701E+08, -2.406261359747265E+08, -2.836026011890724E+07,
2451021.160972222, A.D. 1998-Jul-26 15:51:48.0000,  4.904642366807029E+08, -2.393277440127385E+08, -2.843317713684922E+07,
2451022.160972222, A.D. 1998-Jul-27 15:51:48.0000,  4.909854837754077E+08, -2.380278937448792E+08, -2.850592078724498E+07,
2451023.160972222, A.D. 1998-Jul-28 15:51:48.0000,  4.915037606156227E+08, -2.367265922948754E+08, -2.857849053106557E+07,
2451024.160972222, A.D. 1998-Jul-29 15:51:48.0000,  4.920190625236433E+08, -2.354238468051918E+08, -2.865088583004406E+07,
2451025.160972222, A.D. 1998-Jul-30 15:51:48.0000,  4.925313848401037E+08, -2.341196644369835E+08, -2.872310614668311E+07,
2451026.160972222, A.D. 1998-Jul-31 15:51:48.0000,  4.930407229240570E+08, -2.328140523700532E+08, -2.879515094426192E+07,
2451027.160972222, A.D. 1998-Aug-01 15:51:48.0000,  4.935470721530563E+08, -2.315070178028045E+08, -2.886701968684383E+07,
2451028.160972222, A.D. 1998-Aug-02 15:51:48.0000,  4.940504279232353E+08, -2.301985679521978E+08, -2.893871183928347E+07,
2451029.160972222, A.D. 1998-Aug-03 15:51:48.0000,  4.945507856493884E+08, -2.288887100537063E+08, -2.901022686723463E+07,
2451030.160972222, A.D. 1998-Aug-04 15:51:48.0000,  4.950481407650505E+08, -2.275774513612723E+08, -2.908156423715758E+07,
2451031.160972222, A.D. 1998-Aug-05 15:51:48.0000,  4.955424887225773E+08, -2.262647991472648E+08, -2.915272341632697E+07,
2451032.160972222, A.D. 1998-Aug-06 15:51:48.0000,  4.960338249932263E+08, -2.249507607024363E+08, -2.922370387283939E+07,
2451033.160972222, A.D. 1998-Aug-07 15:51:48.0000,  4.965221450672346E+08, -2.236353433358836E+08, -2.929450507562158E+07,
2451034.160972222, A.D. 1998-Aug-08 15:51:48.0000,  4.970074444539011E+08, -2.223185543750063E+08, -2.936512649443829E+07,
2451035.160972222, A.D. 1998-Aug-09 15:51:48.0000,  4.974897186816666E+08, -2.210004011654681E+08, -2.943556759990089E+07,
2451036.160972222, A.D. 1998-Aug-10 15:51:48.0000,  4.979689632981948E+08, -2.196808910711596E+08, -2.950582786347555E+07,
2451037.160972222, A.D. 1998-Aug-11 15:51:48.0000,  4.984451738704553E+08, -2.183600314741619E+08, -2.957590675749224E+07,
2451038.160972222, A.D. 1998-Aug-12 15:51:48.0000,  4.989183459848058E+08, -2.170378297747125E+08, -2.964580375515379E+07,
2451039.160972222, A.D. 1998-Aug-13 15:51:48.0000,  4.993884752470779E+08, -2.157142933911725E+08, -2.971551833054507E+07,
2451040.160972222, A.D. 1998-Aug-14 15:51:48.0000,  4.998555572826636E+08, -2.143894297599956E+08, -2.978504995864314E+07,
2451041.160972222, A.D. 1998-Aug-15 15:51:48.0000,  5.003195877366056E+08, -2.130632463356996E+08, -2.985439811532730E+07,
2451042.160972222, A.D. 1998-Aug-16 15:51:48.0000,  5.007805622736896E+08, -2.117357505908391E+08, -2.992356227738991E+07,
2451043.160972222, A.D. 1998-Aug-17 15:51:48.0000,  5.012384765785428E+08, -2.104069500159802E+08, -2.999254192254783E+07,
2451044.160972222, A.D. 1998-Aug-18 15:51:48.0000,  5.016933263557358E+08, -2.090768521196765E+08, -3.006133652945442E+07,
2451045.160972222, A.D. 1998-Aug-19 15:51:48.0000,  5.021451073298917E+08, -2.077454644284455E+08, -3.012994557771222E+07,
2451046.160972222, A.D. 1998-Aug-20 15:51:48.0000,  5.025938152458029E+08, -2.064127944867459E+08, -3.019836854788640E+07,
2451047.160972222, A.D. 1998-Aug-21 15:51:48.0000,  5.030394458685562E+08, -2.050788498569515E+08, -3.026660492151901E+07,
2451048.160972222, A.D. 1998-Aug-22 15:51:48.0000,  5.034819949836677E+08, -2.037436381193241E+08, -3.033465418114378E+07,
2451049.160972222, A.D. 1998-Aug-23 15:51:48.0000,  5.039214583972287E+08, -2.024071668719791E+08, -3.040251581030153E+07,
2451050.160972222, A.D. 1998-Aug-24 15:51:48.0000,  5.043578319360628E+08, -2.010694437308432E+08, -3.047018929355621E+07,
2451051.160972222, A.D. 1998-Aug-25 15:51:48.0000,  5.047911114478942E+08, -1.997304763295999E+08, -3.053767411651061E+07,
2451052.160972222, A.D. 1998-Aug-26 15:51:48.0000,  5.052212928015266E+08, -1.983902723196186E+08, -3.060496976582210E+07,
2451053.160972222, A.D. 1998-Aug-27 15:51:48.0000,  5.056483718870292E+08, -1.970488393698632E+08, -3.067207572921731E+07,
2451054.160972222, A.D. 1998-Aug-28 15:51:48.0000,  5.060723446159267E+08, -1.957061851667753E+08, -3.073899149550504E+07,
2451055.160972222, A.D. 1998-Aug-29 15:51:48.0000,  5.064932069213877E+08, -1.943623174141283E+08, -3.080571655458693E+07,
2451056.160972222, A.D. 1998-Aug-30 15:51:48.0000,  5.069109547584028E+08, -1.930172438328513E+08, -3.087225039746457E+07,
2451057.160972222, A.D. 1998-Aug-31 15:51:48.0000,  5.073255841039439E+08, -1.916709721608201E+08, -3.093859251624220E+07,
2451058.160972222, A.D. 1998-Sep-01 15:51:48.0000,  5.077370909570928E+08, -1.903235101526225E+08, -3.100474240412488E+07,
2451059.160972222, A.D. 1998-Sep-02 15:51:48.0000,  5.081454713391330E+08, -1.889748655792995E+08, -3.107069955541108E+07,
2451060.160972222, A.D. 1998-Sep-03 15:51:48.0000,  5.085507212935905E+08, -1.876250462280782E+08, -3.113646346547994E+07,
2451061.160972222, A.D. 1998-Sep-04 15:51:48.0000,  5.089528368862236E+08, -1.862740599021084E+08, -3.120203363077436E+07,
2451062.160972222, A.D. 1998-Sep-05 15:51:48.0000,  5.093518142049608E+08, -1.849219144202180E+08, -3.126740954878094E+07,
2451063.160972222, A.D. 1998-Sep-06 15:51:48.0000,  5.097476493597924E+08, -1.835686176167052E+08, -3.133259071800849E+07,
2451064.160972222, A.D. 1998-Sep-07 15:51:48.0000,  5.101403384826261E+08, -1.822141773411795E+08, -3.139757663796753E+07,
2451065.160972222, A.D. 1998-Sep-08 15:51:48.0000,  5.105298777271250E+08, -1.808586014584617E+08, -3.146236680915296E+07,
2451066.160972222, A.D. 1998-Sep-09 15:51:48.0000,  5.109162632685457E+08, -1.795018978485435E+08, -3.152696073303157E+07,
2451067.160972222, A.D. 1998-Sep-10 15:51:48.0000,  5.112994913035927E+08, -1.781440744066037E+08, -3.159135791203592E+07,
2451068.160972222, A.D. 1998-Sep-11 15:51:48.0000,  5.116795580503057E+08, -1.767851390430711E+08, -3.165555784956487E+07,
2451069.160972222, A.D. 1998-Sep-12 15:51:48.0000,  5.120564597479883E+08, -1.754250996837220E+08, -3.171956004999102E+07,
2451070.160972222, A.D. 1998-Sep-13 15:51:48.0000,  5.124301926571836E+08, -1.740639642697958E+08, -3.178336401867393E+07,
2451071.160972222, A.D. 1998-Sep-14 15:51:48.0000,  5.128007530596974E+08, -1.727017407581149E+08, -3.184696926197793E+07,
2451072.160972222, A.D. 1998-Sep-15 15:51:48.0000,  5.131681372586631E+08, -1.713384371211953E+08, -3.191037528729328E+07,
2451073.160972222, A.D. 1998-Sep-16 15:51:48.0000,  5.135323415786403E+08, -1.699740613473435E+08, -3.197358160305940E+07,
2451074.160972222, A.D. 1998-Sep-17 15:51:48.0000,  5.138933623657424E+08, -1.686086214407287E+08, -3.203658771878850E+07,
2451075.160972222, A.D. 1998-Sep-18 15:51:48.0000,  5.142511959877807E+08, -1.672421254214295E+08, -3.209939314508902E+07,
2451076.160972222, A.D. 1998-Sep-19 15:51:48.0000,  5.146058388344191E+08, -1.658745813254572E+08, -3.216199739368799E+07,
2451077.160972222, A.D. 1998-Sep-20 15:51:48.0000,  5.149572873173348E+08, -1.645059972047541E+08, -3.222439997745209E+07,
2451078.160972222, A.D. 1998-Sep-21 15:51:48.0000,  5.153055378703758E+08, -1.631363811271710E+08, -3.228660041040670E+07,
2451079.160972222, A.D. 1998-Sep-22 15:51:48.0000,  5.156505869497172E+08, -1.617657411764278E+08, -3.234859820775352E+07,
2451080.160972222, A.D. 1998-Sep-23 15:51:48.0000,  5.159924310340093E+08, -1.603940854520585E+08, -3.241039288588617E+07,
2451081.160972222, A.D. 1998-Sep-24 15:51:48.0000,  5.163310666245192E+08, -1.590214220693459E+08, -3.247198396240469E+07,
2451082.160972222, A.D. 1998-Sep-25 15:51:48.0000,  5.166664902452638E+08, -1.576477591592466E+08, -3.253337095612800E+07,
2451083.160972222, A.D. 1998-Sep-26 15:51:48.0000,  5.169986984431356E+08, -1.562731048683109E+08, -3.259455338710598E+07,
2451084.160972222, A.D. 1998-Sep-27 15:51:48.0000,  5.173276877880205E+08, -1.548974673585972E+08, -3.265553077662988E+07,
2451085.160972222, A.D. 1998-Sep-28 15:51:48.0000,  5.176534548729091E+08, -1.535208548075846E+08, -3.271630264724229E+07,
2451086.160972222, A.D. 1998-Sep-29 15:51:48.0000,  5.179759963140015E+08, -1.521432754080823E+08, -3.277686852274643E+07,
2451087.160972222, A.D. 1998-Sep-30 15:51:48.0000,  5.182953087508065E+08, -1.507647373681400E+08, -3.283722792821474E+07,
2451088.160972222, A.D. 1998-Oct-01 15:51:48.0000,  5.186113888462365E+08, -1.493852489109564E+08, -3.289738038999740E+07,
2451089.160972222, A.D. 1998-Oct-02 15:51:48.0000,  5.189242332866983E+08, -1.480048182747888E+08, -3.295732543573017E+07,
2451090.160972222, A.D. 1998-Oct-03 15:51:48.0000,  5.192338387821800E+08, -1.466234537128629E+08, -3.301706259434234E+07,
2451091.160972222, A.D. 1998-Oct-04 15:51:48.0000,  5.195402020663350E+08, -1.452411634932832E+08, -3.307659139606426E+07,
2451092.160972222, A.D. 1998-Oct-05 15:51:48.0000,  5.198433198965639E+08, -1.438579558989440E+08, -3.313591137243505E+07,
2451093.160972222, A.D. 1998-Oct-06 15:51:48.0000,  5.201431890540946E+08, -1.424738392274415E+08, -3.319502205631001E+07,
2451094.160972222, A.D. 1998-Oct-07 15:51:48.0000,  5.204398063440586E+08, -1.410888217909862E+08, -3.325392298186791E+07,
2451095.160972222, A.D. 1998-Oct-08 15:51:48.0000,  5.207331685955688E+08, -1.397029119163167E+08, -3.331261368461872E+07,
2451096.160972222, A.D. 1998-Oct-09 15:51:48.0000,  5.210232726617942E+08, -1.383161179446127E+08, -3.337109370141081E+07,
2451097.160972222, A.D. 1998-Oct-10 15:51:48.0000,  5.213101154200333E+08, -1.369284482314104E+08, -3.342936257043847E+07,
2451098.160972222, A.D. 1998-Oct-11 15:51:48.0000,  5.215936937717878E+08, -1.355399111465173E+08, -3.348741983124930E+07,
2451099.160972222, A.D. 1998-Oct-12 15:51:48.0000,  5.218740046428345E+08, -1.341505150739270E+08, -3.354526502475195E+07,
2451100.160972222, A.D. 1998-Oct-13 15:51:48.0000,  5.221510449832972E+08, -1.327602684117360E+08, -3.360289769322329E+07,
2451101.160972222, A.D. 1998-Oct-14 15:51:48.0000,  5.224248117677172E+08, -1.313691795720586E+08, -3.366031738031622E+07,
2451102.160972222, A.D. 1998-Oct-15 15:51:48.0000,  5.226953019951247E+08, -1.299772569809445E+08, -3.371752363106722E+07,
2451103.160972222, A.D. 1998-Oct-16 15:51:48.0000,  5.229625126891077E+08, -1.285845090782940E+08, -3.377451599190395E+07,
2451104.160972222, A.D. 1998-Oct-17 15:51:48.0000,  5.232264408978819E+08, -1.271909443177755E+08, -3.383129401065291E+07,
2451105.160972222, A.D. 1998-Oct-18 15:51:48.0000,  5.234870836943600E+08, -1.257965711667417E+08, -3.388785723654721E+07,
2451106.160972222, A.D. 1998-Oct-19 15:51:48.0000,  5.237444381762199E+08, -1.244013981061469E+08, -3.394420522023427E+07,
2451107.160972222, A.D. 1998-Oct-20 15:51:48.0000,  5.239985014659735E+08, -1.230054336304632E+08, -3.400033751378354E+07,
2451108.160972222, A.D. 1998-Oct-21 15:51:48.0000,  5.242492707110336E+08, -1.216086862475977E+08, -3.405625367069445E+07,
2451109.160972222, A.D. 1998-Oct-22 15:51:48.0000,  5.244967430837824E+08, -1.202111644788094E+08, -3.411195324590411E+07,
2451110.160972222, A.D. 1998-Oct-23 15:51:48.0000,  5.247409157816378E+08, -1.188128768586261E+08, -3.416743579579528E+07,
2451111.160972222, A.D. 1998-Oct-24 15:51:48.0000,  5.249817860271205E+08, -1.174138319347612E+08, -3.422270087820428E+07,
2451112.160972222, A.D. 1998-Oct-25 15:51:48.0000,  5.252193510679197E+08, -1.160140382680309E+08, -3.427774805242891E+07,
2451113.160972222, A.D. 1998-Oct-26 15:51:48.0000,  5.254536081769599E+08, -1.146135044322709E+08, -3.433257687923646E+07,
2451114.160972222, A.D. 1998-Oct-27 15:51:48.0000,  5.256845546524652E+08, -1.132122390142544E+08, -3.438718692087176E+07,
2451115.160972222, A.D. 1998-Oct-28 15:51:48.0000,  5.259121878180255E+08, -1.118102506136085E+08, -3.444157774106529E+07,
2451116.160972222, A.D. 1998-Oct-29 15:51:48.0000,  5.261365050226606E+08, -1.104075478427326E+08, -3.449574890504125E+07,
2451117.160972222, A.D. 1998-Oct-30 15:51:48.0000,  5.263575036408849E+08, -1.090041393267160E+08, -3.454969997952592E+07,
2451118.160972222, A.D. 1998-Oct-31 15:51:48.0000,  5.265751810727715E+08, -1.076000337032561E+08, -3.460343053275573E+07,
2451119.160972222, A.D. 1998-Nov-01 15:51:48.0000,  5.267895347440159E+08, -1.061952396225775E+08, -3.465694013448589E+07,
2451120.160972222, A.D. 1998-Nov-02 15:51:48.0000,  5.270005621060002E+08, -1.047897657473513E+08, -3.471022835599863E+07,
2451121.160972222, A.D. 1998-Nov-03 15:51:48.0000,  5.272082606358560E+08, -1.033836207526149E+08, -3.476329477011192E+07,
2451122.160972222, A.D. 1998-Nov-04 15:51:48.0000,  5.274126278365288E+08, -1.019768133256937E+08, -3.481613895118827E+07,
2451123.160972222, A.D. 1998-Nov-05 15:51:48.0000,  5.276136612368416E+08, -1.005693521661221E+08, -3.486876047514347E+07,
2451124.160972222, A.D. 1998-Nov-06 15:51:48.0000,  5.278113583915593E+08, -9.916124598556742E+07, -3.492115891945586E+07,
2451125.160972222, A.D. 1998-Nov-07 15:51:48.0000,  5.280057168814532E+08, -9.775250350775391E+07, -3.497333386317562E+07,
2451126.160972222, A.D. 1998-Nov-08 15:51:48.0000,  5.281967343133675E+08, -9.634313346838866E+07, -3.502528488693437E+07,
2451127.160972222, A.D. 1998-Nov-09 15:51:48.0000,  5.283844083202868E+08, -9.493314461508910E+07, -3.507701157295524E+07,
2451128.160972222, A.D. 1998-Nov-10 15:51:48.0000,  5.285687365614047E+08, -9.352254570731208E+07, -3.512851350506305E+07,
2451129.160972222, A.D. 1998-Nov-11 15:51:48.0000,  5.287497167221963E+08, -9.211134551628453E+07, -3.517979026869529E+07,
2451130.160972222, A.D. 1998-Nov-12 15:51:48.0000,  5.289273465144930E+08, -9.069955282493609E+07, -3.523084145091321E+07,
2451131.160972222, A.D. 1998-Nov-13 15:51:48.0000,  5.291016236765610E+08, -8.928717642783292E+07, -3.528166664041381E+07,
2451132.160972222, A.D. 1998-Nov-14 15:51:48.0000,  5.292725459731861E+08, -8.787422513111261E+07, -3.533226542754218E+07,
2451133.160972222, A.D. 1998-Nov-15 15:51:48.0000,  5.294401111957639E+08, -8.646070775242035E+07, -3.538263740430477E+07,
2451134.160972222, A.D. 1998-Nov-16 15:51:48.0000,  5.296043171623967E+08, -8.504663312084314E+07, -3.543278216438320E+07,
2451135.160972222, A.D. 1998-Nov-17 15:51:48.0000,  5.297651617180001E+08, -8.363201007684395E+07, -3.548269930314875E+07,
2451136.160972222, A.D. 1998-Nov-18 15:51:48.0000,  5.299226427344177E+08, -8.221684747219151E+07, -3.553238841767763E+07,
2451137.160972222, A.D. 1998-Nov-19 15:51:48.0000,  5.300767581105482E+08, -8.080115416988432E+07, -3.558184910676679E+07,
2451138.160972222, A.D. 1998-Nov-20 15:51:48.0000,  5.302275057724819E+08, -7.938493904406621E+07, -3.563108097095004E+07,
2451139.160972222, A.D. 1998-Nov-21 15:51:48.0000,  5.303748836736486E+08, -7.796821097992858E+07, -3.568008361251418E+07,
2451140.160972222, A.D. 1998-Nov-22 15:51:48.0000,  5.305188897949753E+08, -7.655097887359709E+07, -3.572885663551483E+07,
2451141.160972222, A.D. 1998-Nov-23 15:51:48.0000,  5.306595221450530E+08, -7.513325163199660E+07, -3.577739964579140E+07,
2451142.160972222, A.D. 1998-Nov-24 15:51:48.0000,  5.307967787603014E+08, -7.371503817269079E+07, -3.582571225097995E+07,
2451143.160972222, A.D. 1998-Nov-25 15:51:48.0000,  5.309306577051392E+08, -7.229634742369282E+07, -3.587379406052400E+07,
2451144.160972222, A.D. 1998-Nov-26 15:51:48.0000,  5.310611570721371E+08, -7.087718832324447E+07, -3.592164468568148E+07,
2451145.160972222, A.D. 1998-Nov-27 15:51:48.0000,  5.311882749821540E+08, -6.945756981956406E+07, -3.596926373952769E+07,
2451146.160972222, A.D. 1998-Nov-28 15:51:48.0000,  5.313120095844425E+08, -6.803750087056604E+07, -3.601665083695301E+07,
2451147.160972222, A.D. 1998-Nov-29 15:51:48.0000,  5.314323590567139E+08, -6.661699044355944E+07, -3.606380559465539E+07,
2451148.160972222, A.D. 1998-Nov-30 15:51:48.0000,  5.315493216051549E+08, -6.519604751493669E+07, -3.611072763112757E+07,
2451149.160972222, A.D. 1998-Dec-01 15:51:48.0000,  5.316628954643923E+08, -6.377468106986609E+07, -3.615741656663984E+07,
2451150.160972222, A.D. 1998-Dec-02 15:51:48.0000,  5.317730788974038E+08, -6.235290010200486E+07, -3.620387202321996E+07,
2451151.160972222, A.D. 1998-Dec-03 15:51:48.0000,  5.318798701953836E+08, -6.093071361324818E+07, -3.625009362463136E+07,
2451152.160972222, A.D. 1998-Dec-04 15:51:48.0000,  5.319832676775715E+08, -5.950813061352810E+07, -3.629608099635269E+07,
2451153.160972222, A.D. 1998-Dec-05 15:51:48.0000,  5.320832696910665E+08, -5.808516012067069E+07, -3.634183376556037E+07,
2451154.160972222, A.D. 1998-Dec-06 15:51:48.0000,  5.321798746106378E+08, -5.666181116031268E+07, -3.638735156111601E+07,
2451155.160972222, A.D. 1998-Dec-07 15:51:48.0000,  5.322730808385541E+08, -5.523809276587567E+07, -3.643263401356024E+07,
2451156.160972222, A.D. 1998-Dec-08 15:51:48.0000,  5.323628868044446E+08, -5.381401397858591E+07, -3.647768075511324E+07,
2451157.160972222, A.D. 1998-Dec-09 15:51:48.0000,  5.324492909652030E+08, -5.238958384752691E+07, -3.652249141968194E+07,
2451158.160972222, A.D. 1998-Dec-10 15:51:48.0000,  5.325322918049368E+08, -5.096481142971104E+07, -3.656706564287297E+07,
2451159.160972222, A.D. 1998-Dec-11 15:51:48.0000,  5.326118878349634E+08, -4.953970579015449E+07, -3.661140306201038E+07,
2451160.160972222, A.D. 1998-Dec-12 15:51:48.0000,  5.326880775938484E+08, -4.811427600194383E+07, -3.665550331615629E+07,
2451161.160972222, A.D. 1998-Dec-13 15:51:48.0000,  5.327608596474763E+08, -4.668853114628559E+07, -3.669936604613367E+07,
2451162.160972222, A.D. 1998-Dec-14 15:51:48.0000,  5.328302325891490E+08, -4.526248031253328E+07, -3.674299089454941E+07,
2451163.160972222, A.D. 1998-Dec-15 15:51:48.0000,  5.328961950397015E+08, -4.383613259818937E+07, -3.678637750581731E+07,
2451164.160972222, A.D. 1998-Dec-16 15:51:48.0000,  5.329587456476265E+08, -4.240949710888180E+07, -3.682952552617970E+07,
2451165.160972222, A.D. 1998-Dec-17 15:51:48.0000,  5.330178830892044E+08, -4.098258295831689E+07, -3.687243460372769E+07,
2451166.160972222, A.D. 1998-Dec-18 15:51:48.0000,  5.330736060686305E+08, -3.955539926821133E+07, -3.691510438841970E+07,
2451167.160972222, A.D. 1998-Dec-19 15:51:48.0000,  5.331259133181390E+08, -3.812795516820692E+07, -3.695753453209802E+07,
2451168.160972222, A.D. 1998-Dec-20 15:51:48.0000,  5.331748035981197E+08, -3.670025979577094E+07, -3.699972468850391E+07,
2451169.160972222, A.D. 1998-Dec-21 15:51:48.0000,  5.332202756972265E+08, -3.527232229608454E+07, -3.704167451329084E+07,
2451170.160972222, A.D. 1998-Dec-22 15:51:48.0000,  5.332623284324786E+08, -3.384415182192355E+07, -3.708338366403645E+07,
2451171.160972222, A.D. 1998-Dec-23 15:51:48.0000,  5.333009606493520E+08, -3.241575753353274E+07, -3.712485180025334E+07,
2451172.160972222, A.D. 1998-Dec-24 15:51:48.0000,  5.333361712218636E+08, -3.098714859849559E+07, -3.716607858339877E+07,
2451173.160972222, A.D. 1998-Dec-25 15:51:48.0000,  5.333679590526489E+08, -2.955833419160155E+07, -3.720706367688344E+07,
2451174.160972222, A.D. 1998-Dec-26 15:51:48.0000,  5.333963230730317E+08, -2.812932349471153E+07, -3.724780674607981E+07,
2451175.160972222, A.D. 1998-Dec-27 15:51:48.0000,  5.334212622430888E+08, -2.670012569662267E+07, -3.728830745832960E+07,
2451176.160972222, A.D. 1998-Dec-28 15:51:48.0000,  5.334427755517089E+08, -2.527074999293291E+07, -3.732856548295107E+07,
2451177.160972222, A.D. 1998-Dec-29 15:51:48.0000,  5.334608620166479E+08, -2.384120558590589E+07, -3.736858049124583E+07,
2451178.160972222, A.D. 1998-Dec-30 15:51:48.0000,  5.334755206845793E+08, -2.241150168433640E+07, -3.740835215650545E+07,
2451179.160972222, A.D. 1998-Dec-31 15:51:48.0000,  5.334867506311418E+08, -2.098164750341647E+07, -3.744788015401784E+07,
2451180.160972222, A.D. 1999-Jan-01 15:51:48.0000,  5.334945509609839E+08, -1.955165226460242E+07, -3.748716416107352E+07,
2451181.160972222, A.D. 1999-Jan-02 15:51:48.0000,  5.334989208078062E+08, -1.812152519548275E+07, -3.752620385697171E+07,
2451182.160972222, A.D. 1999-Jan-03 15:51:48.0000,  5.334998593344005E+08, -1.669127552964687E+07, -3.756499892302641E+07,
2451183.160972222, A.D. 1999-Jan-04 15:51:48.0000,  5.334973657326885E+08, -1.526091250655461E+07, -3.760354904257236E+07,
2451184.160972222, A.D. 1999-Jan-05 15:51:48.0000,  5.334914392237575E+08, -1.383044537140665E+07, -3.764185390097099E+07,
2451185.160972222, A.D. 1999-Jan-06 15:51:48.0000,  5.334820790578955E+08, -1.239988337501551E+07, -3.767991318561634E+07,
2451186.160972222, A.D. 1999-Jan-07 15:51:48.0000,  5.334692845146243E+08, -1.096923577367741E+07, -3.771772658594098E+07,
2451187.160972222, A.D. 1999-Jan-08 15:51:48.0000,  5.334530549027318E+08, -9.538511829044461E+06, -3.775529379342175E+07,
2451188.160972222, A.D. 1999-Jan-09 15:51:48.0000,  5.334333895603030E+08, -8.107720807997634E+06, -3.779261450158577E+07,
2451189.160972222, A.D. 1999-Jan-10 15:51:48.0000,  5.334102878547503E+08, -6.676871982520076E+06, -3.782968840601614E+07,
2451190.160972222, A.D. 1999-Jan-11 15:51:48.0000,  5.333837491828424E+08, -5.245974629570946E+06, -3.786651520435792E+07,
2451191.160972222, A.D. 1999-Jan-12 15:51:48.0000,  5.333537729707321E+08, -3.815038030959547E+06, -3.790309459632382E+07,
2451192.160972222, A.D. 1999-Jan-13 15:51:48.0000,  5.333203586739842E+08, -2.384071473219879E+06, -3.793942628370004E+07,
2451193.160972222, A.D. 1999-Jan-14 15:51:48.0000,  5.332835057776016E+08, -9.530842474855147E+05, -3.797550997035211E+07,
2451194.160972222, A.D. 1999-Jan-15 15:51:48.0000,  5.332432137960508E+08,  4.779143506353144E+05, -3.801134536223064E+07,
2451195.160972222, A.D. 1999-Jan-16 15:51:48.0000,  5.331994822732868E+08,  1.908915021184105E+06, -3.804693216737706E+07,
2451196.160972222, A.D. 1999-Jan-17 15:51:48.0000,  5.331523107827771E+08,  3.339908459976584E+06, -3.808227009592946E+07,
2451197.160972222, A.D. 1999-Jan-18 15:51:48.0000,  5.331016989275249E+08,  4.770885358726533E+06, -3.811735886012823E+07,
2451198.160972222, A.D. 1999-Jan-19 15:51:48.0000,  5.330476463400910E+08,  6.201836405169534E+06, -3.815219817432188E+07,
2451199.160972222, A.D. 1999-Jan-20 15:51:48.0000,  5.329901526826162E+08,  7.632752283186356E+06, -3.818678775497272E+07,
2451200.160972222, A.D. 1999-Jan-21 15:51:48.0000,  5.329292176468413E+08,  9.063623672926009E+06, -3.822112732066254E+07,
2451201.160972222, A.D. 1999-Jan-22 15:51:48.0000,  5.328648409541277E+08,  1.049444125092840E+07, -3.825521659209839E+07,
2451202.160972222, A.D. 1999-Jan-23 15:51:48.0000,  5.327970223554761E+08,  1.192519569024664E+07, -3.828905529211816E+07,
2451203.160972222, A.D. 1999-Jan-24 15:51:48.0000,  5.327257616315455E+08,  1.335587766056877E+07, -3.832264314569642E+07,
2451204.160972222, A.D. 1999-Jan-25 15:51:48.0000,  5.326510585926702E+08,  1.478647782833905E+07, -3.835597987994999E+07,
2451205.160972222, A.D. 1999-Jan-26 15:51:48.0000,  5.325729130788778E+08,  1.621698685687860E+07, -3.838906522414376E+07,
2451206.160972222, A.D. 1999-Jan-27 15:51:48.0000,  5.324913249599045E+08,  1.764739540650531E+07, -3.842189890969637E+07,
2451207.160972222, A.D. 1999-Jan-28 15:51:48.0000,  5.324062941352115E+08,  1.907769413465294E+07, -3.845448067018606E+07,
2451208.160972222, A.D. 1999-Jan-29 15:51:48.0000,  5.323178205340002E+08,  2.050787369598937E+07, -3.848681024135643E+07,
2451209.160972222, A.D. 1999-Jan-30 15:51:48.0000,  5.322259041152263E+08,  2.193792474253369E+07, -3.851888736112246E+07,
2451210.160972222, A.D. 1999-Jan-31 15:51:48.0000,  5.321305448676150E+08,  2.336783792377217E+07, -3.855071176957643E+07,
2451211.160972222, A.D. 1999-Feb-01 15:51:48.0000,  5.320317428096746E+08,  2.479760388677287E+07, -3.858228320899407E+07,
2451212.160972222, A.D. 1999-Feb-02 15:51:48.0000,  5.319294979897115E+08,  2.622721327629872E+07, -3.861360142384090E+07,
2451213.160972222, A.D. 1999-Feb-03 15:51:48.0000,  5.318238104858443E+08,  2.765665673491929E+07, -3.864466616077861E+07,
2451214.160972222, A.D. 1999-Feb-04 15:51:48.0000,  5.317146804060195E+08,  2.908592490311984E+07, -3.867547716867193E+07,
2451215.160972222, A.D. 1999-Feb-05 15:51:48.0000,  5.316021078880281E+08,  3.051500841940955E+07, -3.870603419859545E+07,
2451216.160972222, A.D. 1999-Feb-06 15:51:48.0000,  5.314860930995232E+08,  3.194389792042699E+07, -3.873633700384103E+07,
2451217.160972222, A.D. 1999-Feb-07 15:51:48.0000,  5.313666362380406E+08,  3.337258404104380E+07, -3.876638533992556E+07,
2451218.160972222, A.D. 1999-Feb-08 15:51:48.0000,  5.312437375310219E+08,  3.480105741446634E+07, -3.879617896459904E+07,
2451219.160972222, A.D. 1999-Feb-09 15:51:48.0000,  5.311173972358413E+08,  3.622930867233524E+07, -3.882571763785335E+07,
2451220.160972222, A.D. 1999-Feb-10 15:51:48.0000,  5.309876156398376E+08,  3.765732844482380E+07, -3.885500112193152E+07,
2451221.160972222, A.D. 1999-Feb-11 15:51:48.0000,  5.308543930603517E+08,  3.908510736073536E+07, -3.888402918133758E+07,
2451222.160972222, A.D. 1999-Feb-12 15:51:48.0000,  5.307177298447707E+08,  4.051263604760049E+07, -3.891280158284715E+07,
2451223.160972222, A.D. 1999-Feb-13 15:51:48.0000,  5.305776263705822E+08,  4.193990513177598E+07, -3.894131809551871E+07,
2451224.160972222, A.D. 1999-Feb-14 15:51:48.0000,  5.304340830454344E+08,  4.336690523854645E+07, -3.896957849070538E+07,
2451225.160972222, A.D. 1999-Feb-15 15:51:48.0000,  5.302871003072100E+08,  4.479362699223191E+07, -3.899758254206727E+07,
2451226.160972222, A.D. 1999-Feb-16 15:51:48.0000,  5.301366786241090E+08,  4.622006101630381E+07, -3.902533002558413E+07,
2451227.160972222, A.D. 1999-Feb-17 15:51:48.0000,  5.299828184947430E+08,  4.764619793351254E+07, -3.905282071956813E+07,
2451228.160972222, A.D. 1999-Feb-18 15:51:48.0000,  5.298255204482375E+08,  4.907202836603269E+07, -3.908005440467583E+07,
2451229.160972222, A.D. 1999-Feb-19 15:51:48.0000,  5.296647850443432E+08,  5.049754293562759E+07, -3.910703086391954E+07,
2451230.160972222, A.D. 1999-Feb-20 15:51:48.0000,  5.295006128735492E+08,  5.192273226383975E+07, -3.913374988267662E+07,
2451231.160972222, A.D. 1999-Feb-21 15:51:48.0000,  5.293330045571931E+08,  5.334758697221004E+07, -3.916021124869625E+07,
2451232.160972222, A.D. 1999-Feb-22 15:51:48.0000,  5.291619607475598E+08,  5.477209768252674E+07, -3.918641475210278E+07,
2451233.160972222, A.D. 1999-Feb-23 15:51:48.0000,  5.289874821279617E+08,  5.619625501710823E+07, -3.921236018539441E+07,
2451234.160972222, A.D. 1999-Feb-24 15:51:48.0000,  5.288095694127854E+08,  5.762004959910951E+07, -3.923804734343711E+07,
2451235.160972222, A.D. 1999-Feb-25 15:51:48.0000,  5.286282233475012E+08,  5.904347205285203E+07, -3.926347602345306E+07,
2451236.160972222, A.D. 1999-Feb-26 15:51:48.0000,  5.284434447086177E+08,  6.046651300416138E+07, -3.928864602500363E+07,
2451237.160972222, A.D. 1999-Feb-27 15:51:48.0000,  5.282552343035927E+08,  6.188916308069961E+07, -3.931355714996831E+07,
2451238.160972222, A.D. 1999-Feb-28 15:51:48.0000,  5.280635929706823E+08,  6.331141291227722E+07, -3.933820920252032E+07,
2451239.160972222, A.D. 1999-Mar-01 15:51:48.0000,  5.278685215787490E+08,  6.473325313112778E+07, -3.936260198910086E+07,
2451240.160972222, A.D. 1999-Mar-02 15:51:48.0000,  5.276700210270332E+08,  6.615467437213156E+07, -3.938673531839464E+07,
2451241.160972222, A.D. 1999-Mar-03 15:51:48.0000,  5.274680922449075E+08,  6.757566727298017E+07, -3.941060900130831E+07,
2451242.160972222, A.D. 1999-Mar-04 15:51:48.0000,  5.272627361916311E+08,  6.899622247428122E+07, -3.943422285095413E+07,
2451243.160972222, A.D. 1999-Mar-05 15:51:48.0000,  5.270539538561226E+08,  7.041633061960642E+07, -3.945757668263958E+07,
2451244.160972222, A.D. 1999-Mar-06 15:51:48.0000,  5.268417462567641E+08,  7.183598235549276E+07, -3.948067031386396E+07,
2451245.160972222, A.D. 1999-Mar-07 15:51:48.0000,  5.266261144412476E+08,  7.325516833141044E+07, -3.950350356432149E+07,
2451246.160972222, A.D. 1999-Mar-08 15:51:48.0000,  5.264070594864685E+08,  7.467387919971228E+07, -3.952607625591014E+07,
2451247.160972222, A.D. 1999-Mar-09 15:51:48.0000,  5.261845824984643E+08,  7.609210561558025E+07, -3.954838821274505E+07,
2451248.160972222, A.D. 1999-Mar-10 15:51:48.0000,  5.259586846123956E+08,  7.750983823698011E+07, -3.957043926117497E+07,
2451249.160972222, A.D. 1999-Mar-11 15:51:48.0000,  5.257293669925591E+08,  7.892706772463077E+07, -3.959222922980054E+07,
2451250.160972222, A.D. 1999-Mar-12 15:51:48.0000,  5.254966308324287E+08,  8.034378474199826E+07, -3.961375794949306E+07,
2451251.160972222, A.D. 1999-Mar-13 15:51:48.0000,  5.252604773547118E+08,  8.175997995531331E+07, -3.963502525341276E+07,
2451252.160972222, A.D. 1999-Mar-14 15:51:48.0000,  5.250209078114159E+08,  8.317564403361359E+07, -3.965603097702603E+07,
2451253.160972222, A.D. 1999-Mar-15 15:51:48.0000,  5.247779234839195E+08,  8.459076764880896E+07, -3.967677495812099E+07,
2451254.160972222, A.D. 1999-Mar-16 15:51:48.0000,  5.245315256830403E+08,  8.600534147576699E+07, -3.969725703682138E+07,
2451255.160972222, A.D. 1999-Mar-17 15:51:48.0000,  5.242817157490993E+08,  8.741935619241534E+07, -3.971747705559847E+07,
2451256.160972222, A.D. 1999-Mar-18 15:51:48.0000,  5.240284950519785E+08,  8.883280247985798E+07, -3.973743485928140E+07,
2451257.160972222, A.D. 1999-Mar-19 15:51:48.0000,  5.237718649911698E+08,  9.024567102250184E+07, -3.975713029506572E+07,
2451258.160972222, A.D. 1999-Mar-20 15:51:48.0000,  5.235118269958161E+08,  9.165795250819123E+07, -3.977656321252067E+07,
2451259.160972222, A.D. 1999-Mar-21 15:51:48.0000,  5.232483825247438E+08,  9.306963762834811E+07, -3.979573346359505E+07,
2451260.160972222, A.D. 1999-Mar-22 15:51:48.0000,  5.229815330664873E+08,  9.448071707811584E+07, -3.981464090262220E+07,
2451261.160972222, A.D. 1999-Mar-23 15:51:48.0000,  5.227112801393057E+08,  9.589118155650502E+07, -3.983328538632397E+07,
2451262.160972222, A.D. 1999-Mar-24 15:51:48.0000,  5.224376252911943E+08,  9.730102176654042E+07, -3.985166677381413E+07,
2451263.160972222, A.D. 1999-Mar-25 15:51:48.0000,  5.221605700998887E+08,  9.871022841540822E+07, -3.986978492660107E+07,
2451264.160972222, A.D. 1999-Mar-26 15:51:48.0000,  5.218801161728641E+08,  1.001187922146026E+08, -3.988763970859011E+07,
2451265.160972222, A.D. 1999-Mar-27 15:51:48.0000,  5.215962651473311E+08,  1.015267038800715E+08, -3.990523098608542E+07,
2451266.160972222, A.D. 1999-Mar-28 15:51:48.0000,  5.213090186902261E+08,  1.029339541323615E+08, -3.992255862779174E+07,
2451267.160972222, A.D. 1999-Mar-29 15:51:48.0000,  5.210183784981993E+08,  1.043405336967608E+08, -3.993962250481569E+07,
2451268.160972222, A.D. 1999-Mar-30 15:51:48.0000,  5.207243462976000E+08,  1.057464333034412E+08, -3.995642249066713E+07,
2451269.160972222, A.D. 1999-Mar-31 15:51:48.0000,  5.204269238444581E+08,  1.071516436875990E+08, -3.997295846126020E+07,
2451270.160972222, A.D. 1999-Apr-01 15:51:48.0000,  5.201261129244652E+08,  1.085561555895931E+08, -3.998923029491441E+07,
2451271.160972222, A.D. 1999-Apr-02 15:51:48.0000,  5.198219153529525E+08,  1.099599597550835E+08, -4.000523787235548E+07,
2451272.160972222, A.D. 1999-Apr-03 15:51:48.0000,  5.195143329748676E+08,  1.113630469351668E+08, -4.002098107671626E+07,
2451273.160972222, A.D. 1999-Apr-04 15:51:48.0000,  5.192033676647496E+08,  1.127654078865115E+08, -4.003645979353756E+07,
2451274.160972222, A.D. 1999-Apr-05 15:51:48.0000,  5.188890213267032E+08,  1.141670333714914E+08, -4.005167391076887E+07,
2451275.160972222, A.D. 1999-Apr-06 15:51:48.0000,  5.185712958943719E+08,  1.155679141583182E+08, -4.006662331876915E+07,
2451276.160972222, A.D. 1999-Apr-07 15:51:48.0000,  5.182501933309092E+08,  1.169680410211729E+08, -4.008130791030745E+07,
2451277.160972222, A.D. 1999-Apr-08 15:51:48.0000,  5.179257156289499E+08,  1.183674047403359E+08, -4.009572758056366E+07,
2451278.160972222, A.D. 1999-Apr-09 15:51:48.0000,  5.175978648105800E+08,  1.197659961023161E+08, -4.010988222712912E+07,
2451279.160972222, A.D. 1999-Apr-10 15:51:48.0000,  5.172666429273057E+08,  1.211638058999799E+08, -4.012377175000723E+07,
2451280.160972222, A.D. 1999-Apr-11 15:51:48.0000,  5.169320520600222E+08,  1.225608249326775E+08, -4.013739605161404E+07,
2451281.160972222, A.D. 1999-Apr-12 15:51:48.0000,  5.165940943189808E+08,  1.239570440063705E+08, -4.015075503677888E+07,
2451282.160972222, A.D. 1999-Apr-13 15:51:48.0000,  5.162527718437565E+08,  1.253524539337564E+08, -4.016384861274479E+07,
2451283.160972222, A.D. 1999-Apr-14 15:51:48.0000,  5.159080868032138E+08,  1.267470455343940E+08, -4.017667668916911E+07,
2451284.160972222, A.D. 1999-Apr-15 15:51:48.0000,  5.155600413954728E+08,  1.281408096348272E+08, -4.018923917812395E+07,
2451285.160972222, A.D. 1999-Apr-16 15:51:48.0000,  5.152086378478734E+08,  1.295337370687078E+08, -4.020153599409667E+07,
2451286.160972222, A.D. 1999-Apr-17 15:51:48.0000,  5.148538784169407E+08,  1.309258186769177E+08, -4.021356705399027E+07,
2451287.160972222, A.D. 1999-Apr-18 15:51:48.0000,  5.144957653883476E+08,  1.323170453076904E+08, -4.022533227712390E+07,
2451288.160972222, A.D. 1999-Apr-19 15:51:48.0000,  5.141343010768787E+08,  1.337074078167312E+08, -4.023683158523320E+07,
2451289.160972222, A.D. 1999-Apr-20 15:51:48.0000,  5.137694878263927E+08,  1.350968970673369E+08, -4.024806490247074E+07,
2451290.160972222, A.D. 1999-Apr-21 15:51:48.0000,  5.134013280097837E+08,  1.364855039305138E+08, -4.025903215540630E+07,
2451291.160972222, A.D. 1999-Apr-22 15:51:48.0000,  5.130298240289434E+08,  1.378732192850960E+08, -4.026973327302741E+07,
2451292.160972222, A.D. 1999-Apr-23 15:51:48.0000,  5.126549783147213E+08,  1.392600340178609E+08, -4.028016818673953E+07,
2451293.160972222, A.D. 1999-Apr-24 15:51:48.0000,  5.122767933268856E+08,  1.406459390236453E+08, -4.029033683036668E+07,
2451294.160972222, A.D. 1999-Apr-25 15:51:48.0000,  5.118952715540822E+08,  1.420309252054588E+08, -4.030023914015161E+07,
2451295.160972222, A.D. 1999-Apr-26 15:51:48.0000,  5.115104155137951E+08,  1.434149834745966E+08, -4.030987505475643E+07,
2451296.160972222, A.D. 1999-Apr-27 15:51:48.0000,  5.111222277523052E+08,  1.447981047507508E+08, -4.031924451526307E+07,
2451297.160972222, A.D. 1999-Apr-28 15:51:48.0000,  5.107307108446490E+08,  1.461802799621202E+08, -4.032834746517382E+07,
2451298.160972222, A.D. 1999-Apr-29 15:51:48.0000,  5.103358673945780E+08,  1.475615000455178E+08, -4.033718385041205E+07,
2451299.160972222, A.D. 1999-Apr-30 15:51:48.0000,  5.099377000345176E+08,  1.489417559464772E+08, -4.034575361932303E+07,
2451300.160972222, A.D. 1999-May-01 15:51:48.0000,  5.095362114255263E+08,  1.503210386193566E+08, -4.035405672267483E+07,
2451301.160972222, A.D. 1999-May-02 15:51:48.0000,  5.091314042572557E+08,  1.516993390274404E+08, -4.036209311365953E+07,
2451302.160972222, A.D. 1999-May-03 15:51:48.0000,  5.087232812479117E+08,  1.530766481430397E+08, -4.036986274789463E+07,
2451303.160972222, A.D. 1999-May-04 15:51:48.0000,  5.083118451442165E+08,  1.544529569475883E+08, -4.037736558342459E+07,
2451304.160972222, A.D. 1999-May-05 15:51:48.0000,  5.078970987213728E+08,  1.558282564317381E+08, -4.038460158072308E+07,
2451305.160972222, A.D. 1999-May-06 15:51:48.0000,  5.074790447830307E+08,  1.572025375954513E+08, -4.039157070269519E+07,
2451306.160972222, A.D. 1999-May-07 15:51:48.0000,  5.070576861612577E+08,  1.585757914480895E+08, -4.039827291468042E+07,
2451307.160972222, A.D. 1999-May-08 15:51:48.0000,  5.066330257165120E+08,  1.599480090085013E+08, -4.040470818445608E+07,
2451308.160972222, A.D. 1999-May-09 15:51:48.0000,  5.062050663376230E+08,  1.613191813051083E+08, -4.041087648224127E+07,
2451309.160972222, A.D. 1999-May-10 15:51:48.0000,  5.057738109417749E+08,  1.626892993759883E+08, -4.041677778070152E+07,
2451310.160972222, A.D. 1999-May-11 15:51:48.0000,  5.053392624745005E+08,  1.640583542689590E+08, -4.042241205495405E+07,
2451311.160972222, A.D. 1999-May-12 15:51:48.0000,  5.049014239096823E+08,  1.654263370416633E+08, -4.042777928257388E+07,
2451312.160972222, A.D. 1999-May-13 15:51:48.0000,  5.044602982495629E+08,  1.667932387616563E+08, -4.043287944360022E+07,
2451313.160972222, A.D. 1999-May-14 15:51:48.0000,  5.040158885247661E+08,  1.681590505064984E+08, -4.043771252054372E+07,
2451314.160972222, A.D. 1999-May-15 15:51:48.0000,  5.035681977943322E+08,  1.695237633638554E+08, -4.044227849839403E+07,
2451315.160972222, A.D. 1999-May-16 15:51:48.0000,  5.031172291457573E+08,  1.708873684316118E+08, -4.044657736462675E+07,
2451316.160972222, A.D. 1999-May-17 15:51:48.0000,  5.026629856950489E+08,  1.722498568179996E+08, -4.045060910921083E+07,
2451317.160972222, A.D. 1999-May-18 15:51:48.0000,  5.022054705867866E+08,  1.736112196417469E+08, -4.045437372461431E+07,
2451318.160972222, A.D. 1999-May-19 15:51:48.0000,  5.017446869941851E+08,  1.749714480322528E+08, -4.045787120580845E+07,
2451319.160972222, A.D. 1999-May-20 15:51:48.0000,  5.012806381191539E+08,  1.763305331297896E+08, -4.046110155026923E+07,
2451320.160972222, A.D. 1999-May-21 15:51:48.0000,  5.008133271923480E+08,  1.776884660857358E+08, -4.046406475797518E+07,
2451321.160972222, A.D. 1999-May-22 15:51:48.0000,  5.003427574731967E+08,  1.790452380628402E+08, -4.046676083140114E+07,
2451322.160972222, A.D. 1999-May-23 15:51:48.0000,  4.998689322499024E+08,  1.804008402355124E+08, -4.046918977550659E+07,
2451323.160972222, A.D. 1999-May-24 15:51:48.0000,  4.993918548393972E+08,  1.817552637901331E+08, -4.047135159771879E+07,
2451324.160972222, A.D. 1999-May-25 15:51:48.0000,  4.989115285872526E+08,  1.831084999253729E+08, -4.047324630791052E+07,
2451325.160972222, A.D. 1999-May-26 15:51:48.0000,  4.984279568675353E+08,  1.844605398525055E+08, -4.047487391837372E+07,
2451326.160972222, A.D. 1999-May-27 15:51:48.0000,  4.979411430826113E+08,  1.858113747956982E+08, -4.047623444378999E+07,
2451327.160972222, A.D. 1999-May-28 15:51:48.0000,  4.974510906629032E+08,  1.871609959922652E+08, -4.047732790119968E+07,
2451328.160972222, A.D. 1999-May-29 15:51:48.0000,  4.969578030666144E+08,  1.885093946928692E+08, -4.047815430997236E+07,
2451329.160972222, A.D. 1999-May-30 15:51:48.0000,  4.964612837794374E+08,  1.898565621616636E+08, -4.047871369178038E+07,
2451330.160972222, A.D. 1999-May-31 15:51:48.0000,  4.959615363142604E+08,  1.912024896763754E+08, -4.047900607057757E+07,
2451331.160972222, A.D. 1999-Jun-01 15:51:48.0000,  4.954585642108953E+08,  1.925471685283287E+08, -4.047903147258404E+07,
2451332.160972222, A.D. 1999-Jun-02 15:51:48.0000,  4.949523710358365E+08,  1.938905900224242E+08, -4.047878992627794E+07,
2451333.160972222, A.D. 1999-Jun-03 15:51:48.0000,  4.944429603820638E+08,  1.952327454770847E+08, -4.047828146239370E+07,
2451334.160972222, A.D. 1999-Jun-04 15:51:48.0000,  4.939303358688911E+08,  1.965736262241828E+08, -4.047750611392604E+07,
2451335.160972222, A.D. 1999-Jun-05 15:51:48.0000,  4.934145011418617E+08,  1.979132236089647E+08, -4.047646391613846E+07,
2451336.160972222, A.D. 1999-Jun-06 15:51:48.0000,  4.928954598726846E+08,  1.992515289899825E+08, -4.047515490657483E+07,
2451337.160972222, A.D. 1999-Jun-07 15:51:48.0000,  4.923732157592058E+08,  2.005885337390430E+08, -4.047357912507264E+07,
2451338.160972222, A.D. 1999-Jun-08 15:51:48.0000,  4.918477725254027E+08,  2.019242292411790E+08, -4.047173661377689E+07,
2451339.160972222, A.D. 1999-Jun-09 15:51:48.0000,  4.913191339213989E+08,  2.032586068946444E+08, -4.046962741715340E+07,
2451340.160972222, A.D. 1999-Jun-10 15:51:48.0000,  4.907873037234865E+08,  2.045916581109341E+08, -4.046725158200093E+07,
2451341.160972222, A.D. 1999-Jun-11 15:51:48.0000,  4.902522857341521E+08,  2.059233743148269E+08, -4.046460915746202E+07,
2451342.160972222, A.D. 1999-Jun-12 15:51:48.0000,  4.897140837821025E+08,  2.072537469444479E+08, -4.046170019503166E+07,
2451343.160972222, A.D. 1999-Jun-13 15:51:48.0000,  4.891727017222854E+08,  2.085827674513479E+08, -4.045852474856446E+07,
2451344.160972222, A.D. 1999-Jun-14 15:51:48.0000,  4.886281434359033E+08,  2.099104273005954E+08, -4.045508287427994E+07,
2451345.160972222, A.D. 1999-Jun-15 15:51:48.0000,  4.880804128304194E+08,  2.112367179708803E+08, -4.045137463076625E+07,
2451346.160972222, A.D. 1999-Jun-16 15:51:48.0000,  4.875295138395560E+08,  2.125616309546240E+08, -4.044740007898244E+07,
2451347.160972222, A.D. 1999-Jun-17 15:51:48.0000,  4.869754504232839E+08,  2.138851577580953E+08, -4.044315928225969E+07,
2451348.160972222, A.D. 1999-Jun-18 15:51:48.0000,  4.864182265678046E+08,  2.152072899015298E+08, -4.043865230630121E+07,
2451349.160972222, A.D. 1999-Jun-19 15:51:48.0000,  4.858578462855252E+08,  2.165280189192514E+08, -4.043387921918148E+07,
2451350.160972222, A.D. 1999-Jun-20 15:51:48.0000,  4.852943136150268E+08,  2.178473363597941E+08, -4.042884009134492E+07,
2451351.160972222, A.D. 1999-Jun-21 15:51:48.0000,  4.847276326210276E+08,  2.191652337860245E+08, -4.042353499560365E+07,
2451352.160972222, A.D. 1999-Jun-22 15:51:48.0000,  4.841578073943403E+08,  2.204817027752633E+08, -4.041796400713518E+07,
2451353.160972222, A.D. 1999-Jun-23 15:51:48.0000,  4.835848420518262E+08,  2.217967349194060E+08, -4.041212720347948E+07,
2451354.160972222, A.D. 1999-Jun-24 15:51:48.0000,  4.830087407363444E+08,  2.231103218250419E+08, -4.040602466453602E+07,
2451355.160972222, A.D. 1999-Jun-25 15:51:48.0000,  4.824295076166993E+08,  2.244224551135724E+08, -4.039965647256032E+07,
2451356.160972222, A.D. 1999-Jun-26 15:51:48.0000,  4.818471468875836E+08,  2.257331264213270E+08, -4.039302271216059E+07,
2451357.160972222, A.D. 1999-Jun-27 15:51:48.0000,  4.812616627695206E+08,  2.270423273996782E+08, -4.038612347029412E+07,
2451358.160972222, A.D. 1999-Jun-28 15:51:48.0000,  4.806730595088032E+08,  2.283500497151545E+08, -4.037895883626366E+07,
2451359.160972222, A.D. 1999-Jun-29 15:51:48.0000,  4.800813413774323E+08,  2.296562850495525E+08, -4.037152890171370E+07,
2451360.160972222, A.D. 1999-Jun-30 15:51:48.0000,  4.794865126730528E+08,  2.309610251000465E+08, -4.036383376062652E+07,
2451361.160972222, A.D. 1999-Jul-01 15:51:48.0000,  4.788885777188885E+08,  2.322642615792980E+08, -4.035587350931861E+07,
2451362.160972222, A.D. 1999-Jul-02 15:51:48.0000,  4.782875408636763E+08,  2.335659862155625E+08, -4.034764824643663E+07,
2451363.160972222, A.D. 1999-Jul-03 15:51:48.0000,  4.776834064815990E+08,  2.348661907527964E+08, -4.033915807295368E+07,
2451364.160972222, A.D. 1999-Jul-04 15:51:48.0000,  4.770761789722170E+08,  2.361648669507609E+08, -4.033040309216524E+07,
2451365.160972222, A.D. 1999-Jul-05 15:51:48.0000,  4.764658627603997E+08,  2.374620065851272E+08, -4.032138340968549E+07,
2451366.160972222, A.D. 1999-Jul-06 15:51:48.0000,  4.758524622962555E+08,  2.387576014475780E+08, -4.031209913344311E+07,
2451367.160972222, A.D. 1999-Jul-07 15:51:48.0000,  4.752359820550615E+08,  2.400516433459100E+08, -4.030255037367759E+07,
2451368.160972222, A.D. 1999-Jul-08 15:51:48.0000,  4.746164265371928E+08,  2.413441241041340E+08, -4.029273724293513E+07,
2451369.160972222, A.D. 1999-Jul-09 15:51:48.0000,  4.739938002680498E+08,  2.426350355625747E+08, -4.028265985606474E+07,
2451370.160972222, A.D. 1999-Jul-10 15:51:48.0000,  4.733681077979870E+08,  2.439243695779697E+08, -4.027231833021428E+07,
2451371.160972222, A.D. 1999-Jul-11 15:51:48.0000,  4.727393537022391E+08,  2.452121180235667E+08, -4.026171278482640E+07,
2451372.160972222, A.D. 1999-Jul-12 15:51:48.0000,  4.721075425808479E+08,  2.464982727892206E+08, -4.025084334163459E+07,
2451373.160972222, A.D. 1999-Jul-13 15:51:48.0000,  4.714726790585880E+08,  2.477828257814896E+08, -4.023971012465923E+07,
2451374.160972222, A.D. 1999-Jul-14 15:51:48.0000,  4.708347677848919E+08,  2.490657689237297E+08, -4.022831326020346E+07,
2451375.160972222, A.D. 1999-Jul-15 15:51:48.0000,  4.701938134337748E+08,  2.503470941561886E+08, -4.021665287684919E+07,
2451376.160972222, A.D. 1999-Jul-16 15:51:48.0000,  4.695498207037588E+08,  2.516267934360994E+08, -4.020472910545313E+07,
2451377.160972222, A.D. 1999-Jul-17 15:51:48.0000,  4.689027943177962E+08,  2.529048587377715E+08, -4.019254207914269E+07,
2451378.160972222, A.D. 1999-Jul-18 15:51:48.0000,  4.682527390231929E+08,  2.541812820526827E+08, -4.018009193331190E+07,
2451379.160972222, A.D. 1999-Jul-19 15:51:48.0000,  4.675996595915303E+08,  2.554560553895677E+08, -4.016737880561757E+07,
2451380.160972222, A.D. 1999-Jul-20 15:51:48.0000,  4.669435608185874E+08,  2.567291707745078E+08, -4.015440283597503E+07,
2451381.160972222, A.D. 1999-Jul-21 15:51:48.0000,  4.662844475242632E+08,  2.580006202510176E+08, -4.014116416655441E+07,
2451382.160972222, A.D. 1999-Jul-22 15:51:48.0000,  4.656223245524964E+08,  2.592703958801313E+08, -4.012766294177647E+07,
2451383.160972222, A.D. 1999-Jul-23 15:51:48.0000,  4.649571967711869E+08,  2.605384897404869E+08, -4.011389930830883E+07,
2451384.160972222, A.D. 1999-Jul-24 15:51:48.0000,  4.642890690721161E+08,  2.618048939284098E+08, -4.009987341506210E+07,
2451385.160972222, A.D. 1999-Jul-25 15:51:48.0000,  4.636179463708671E+08,  2.630696005579937E+08, -4.008558541318619E+07,
2451386.160972222, A.D. 1999-Jul-26 15:51:48.0000,  4.629438336067450E+08,  2.643326017611798E+08, -4.007103545606659E+07,
2451387.160972222, A.D. 1999-Jul-27 15:51:48.0000,  4.622667357426969E+08,  2.655938896878352E+08, -4.005622369932096E+07,
2451388.160972222, A.D. 1999-Jul-28 15:51:48.0000,  4.615866577652329E+08,  2.668534565058274E+08, -4.004115030079578E+07,
2451389.160972222, A.D. 1999-Jul-29 15:51:48.0000,  4.609036046843473E+08,  2.681112944010982E+08, -4.002581542056314E+07,
2451390.160972222, A.D. 1999-Jul-30 15:51:48.0000,  4.602175815334405E+08,  2.693673955777336E+08, -4.001021922091800E+07,
2451391.160972222, A.D. 1999-Jul-31 15:51:48.0000,  4.595285933692432E+08,  2.706217522580327E+08, -3.999436186637559E+07,
2451392.160972222, A.D. 1999-Aug-01 15:51:48.0000,  4.588366452717416E+08,  2.718743566825729E+08, -3.997824352366915E+07,
2451393.160972222, A.D. 1999-Aug-02 15:51:48.0000,  4.581417423441052E+08,  2.731252011102728E+08, -3.996186436174823E+07,
2451394.160972222, A.D. 1999-Aug-03 15:51:48.0000,  4.574438897126189E+08,  2.743742778184522E+08, -3.994522455177721E+07,
2451395.160972222, A.D. 1999-Aug-04 15:51:48.0000,  4.567430925266172E+08,  2.756215791028904E+08, -3.992832426713470E+07,
2451396.160972222, A.D. 1999-Aug-05 15:51:48.0000,  4.560393559584257E+08,  2.768670972778824E+08, -3.991116368341321E+07,
2451397.160972222, A.D. 1999-Aug-06 15:51:48.0000,  4.553326852033077E+08,  2.781108246762915E+08, -3.989374297841968E+07,
2451398.160972222, A.D. 1999-Aug-07 15:51:48.0000,  4.546230854794180E+08,  2.793527536496050E+08, -3.987606233217673E+07,
2451399.160972222, A.D. 1999-Aug-08 15:51:48.0000,  4.539105620277658E+08,  2.805928765679879E+08, -3.985812192692433E+07,
2451400.160972222, A.D. 1999-Aug-09 15:51:48.0000,  4.531951201121870E+08,  2.818311858203411E+08, -3.983992194712242E+07,
2451401.160972222, A.D. 1999-Aug-10 15:51:48.0000,  4.524767650193269E+08,  2.830676738143618E+08, -3.982146257945369E+07,
2451402.160972222, A.D. 1999-Aug-11 15:51:48.0000,  4.517555020586364E+08,  2.843023329766210E+08, -3.980274401282723E+07,
2451403.160972222, A.D. 1999-Aug-12 15:51:48.0000,  4.510313365623735E+08,  2.855351557526357E+08, -3.978376643838139E+07,
2451404.160972222, A.D. 1999-Aug-13 15:51:48.0000,  4.503042738856204E+08,  2.867661346069752E+08, -3.976453004948698E+07,
2451405.160972222, A.D. 1999-Aug-14 15:51:48.0000,  4.495743194063048E+08,  2.879952620233774E+08, -3.974503504174897E+07,
2451406.160972222, A.D. 1999-Aug-15 15:51:48.0000,  4.488414785252251E+08,  2.892225305048935E+08, -3.972528161300635E+07,
2451407.160972222, A.D. 1999-Aug-16 15:51:48.0000,  4.481057566660712E+08,  2.904479325740596E+08, -3.970526996332972E+07,
2451408.160972222, A.D. 1999-Aug-17 15:51:48.0000,  4.473671592754352E+08,  2.916714607730998E+08, -3.968500029501484E+07,
2451409.160972222, A.D. 1999-Aug-18 15:51:48.0000,  4.466256918228018E+08,  2.928931076641592E+08, -3.966447281257215E+07,
2451410.160972222, A.D. 1999-Aug-19 15:51:48.0000,  4.458813598005052E+08,  2.941128658295628E+08, -3.964368772271112E+07,
2451411.160972222, A.D. 1999-Aug-20 15:51:48.0000,  4.451341687236485E+08,  2.953307278720951E+08, -3.962264523431902E+07,
2451412.160972222, A.D. 1999-Aug-21 15:51:48.0000,  4.443841241299719E+08,  2.965466864152870E+08, -3.960134555843499E+07,
2451413.160972222, A.D. 1999-Aug-22 15:51:48.0000,  4.436312315796676E+08,  2.977607341036946E+08, -3.957978890821905E+07,
2451414.160972222, A.D. 1999-Aug-23 15:51:48.0000,  4.428754966551441E+08,  2.989728636031581E+08, -3.955797549891891E+07,
2451415.160972222, A.D. 1999-Aug-24 15:51:48.0000,  4.421169249607445E+08,  3.001830676010199E+08, -3.953590554783507E+07,
2451416.160972222, A.D. 1999-Aug-25 15:51:48.0000,  4.413555221224310E+08,  3.013913388062922E+08, -3.951357927428755E+07,
2451417.160972222, A.D. 1999-Aug-26 15:51:48.0000,  4.405912937874527E+08,  3.025976699497643E+08, -3.949099689958537E+07,
2451418.160972222, A.D. 1999-Aug-27 15:51:48.0000,  4.398242456240161E+08,  3.038020537840486E+08, -3.946815864700192E+07,
2451419.160972222, A.D. 1999-Aug-28 15:51:48.0000,  4.390543833209738E+08,  3.050044830835721E+08, -3.944506474175581E+07,
2451420.160972222, A.D. 1999-Aug-29 15:51:48.0000,  4.382817125875472E+08,  3.062049506445189E+08, -3.942171541099904E+07,
2451421.160972222, A.D. 1999-Aug-30 15:51:48.0000,  4.375062391530907E+08,  3.074034492847421E+08, -3.939811088381167E+07,
2451422.160972222, A.D. 1999-Aug-31 15:51:48.0000,  4.367279687669038E+08,  3.085999718436558E+08, -3.937425139120188E+07,
2451423.160972222, A.D. 1999-Sep-01 15:51:48.0000,  4.359469071980894E+08,  3.097945111821260E+08, -3.935013716611129E+07,
2451424.160972222, A.D. 1999-Sep-02 15:51:48.0000,  4.351630602354537E+08,  3.109870601823686E+08, -3.932576844342218E+07,
2451425.160972222, A.D. 1999-Sep-03 15:51:48.0000,  4.343764336874371E+08,  3.121776117478638E+08, -3.930114545996755E+07,
2451426.160972222, A.D. 1999-Sep-04 15:51:48.0000,  4.335870333820746E+08,  3.133661588032922E+08, -3.927626845454079E+07,
2451427.160972222, A.D. 1999-Sep-05 15:51:48.0000,  4.327948651669701E+08,  3.145526942944974E+08, -3.925113766790564E+07,
2451428.160972222, A.D. 1999-Sep-06 15:51:48.0000,  4.319999349092813E+08,  3.157372111884705E+08, -3.922575334280434E+07,
2451429.160972222, A.D. 1999-Sep-07 15:51:48.0000,  4.312022484957087E+08,  3.169197024733574E+08, -3.920011572396450E+07,
2451430.160972222, A.D. 1999-Sep-08 15:51:48.0000,  4.304018118324816E+08,  3.181001611584867E+08, -3.917422505810454E+07,
2451431.160972222, A.D. 1999-Sep-09 15:51:48.0000,  4.295986308453418E+08,  3.192785802744130E+08, -3.914808159393673E+07,
2451432.160972222, A.D. 1999-Sep-10 15:51:48.0000,  4.287927114795188E+08,  3.204549528729738E+08, -3.912168558216897E+07,
2451433.160972222, A.D. 1999-Sep-11 15:51:48.0000,  4.279840596996978E+08,  3.216292720273557E+08, -3.909503727550468E+07,
2451434.160972222, A.D. 1999-Sep-12 15:51:48.0000,  4.271726814899804E+08,  3.228015308321694E+08, -3.906813692864168E+07,
2451435.160972222, A.D. 1999-Sep-13 15:51:48.0000,  4.263585828538359E+08,  3.239717224035273E+08, -3.904098479826938E+07,
2451436.160972222, A.D. 1999-Sep-14 15:51:48.0000,  4.255417698140457E+08,  3.251398398791273E+08, -3.901358114306559E+07,
2451437.160972222, A.D. 1999-Sep-15 15:51:48.0000,  4.247222484126409E+08,  3.263058764183356E+08, -3.898592622369175E+07,
2451438.160972222, A.D. 1999-Sep-16 15:51:48.0000,  4.239000247108327E+08,  3.274698252022716E+08, -3.895802030278832E+07,
2451439.160972222, A.D. 1999-Sep-17 15:51:48.0000,  4.230751047889387E+08,  3.286316794338923E+08, -3.892986364496884E+07,
2451440.160972222, A.D. 1999-Sep-18 15:51:48.0000,  4.222474947463027E+08,  3.297914323380753E+08, -3.890145651681420E+07,
2451441.160972222, A.D. 1999-Sep-19 15:51:48.0000,  4.214172007012113E+08,  3.309490771617013E+08, -3.887279918686616E+07,
2451442.160972222, A.D. 1999-Sep-20 15:51:48.0000,  4.205842287908074E+08,  3.321046071737348E+08, -3.884389192562100E+07,
2451443.160972222, A.D. 1999-Sep-21 15:51:48.0000,  4.197485851709989E+08,  3.332580156653023E+08, -3.881473500552256E+07,
2451444.160972222, A.D. 1999-Sep-22 15:51:48.0000,  4.189102760163671E+08,  3.344092959497703E+08, -3.878532870095555E+07,
2451445.160972222, A.D. 1999-Sep-23 15:51:48.0000,  4.180693075200707E+08,  3.355584413628199E+08, -3.875567328823829E+07,
2451446.160972222, A.D. 1999-Sep-24 15:51:48.0000,  4.172256858937492E+08,  3.367054452625203E+08, -3.872576904561603E+07,
2451447.160972222, A.D. 1999-Sep-25 15:51:48.0000,  4.163794173674250E+08,  3.378503010294009E+08, -3.869561625325362E+07,
2451448.160972222, A.D. 1999-Sep-26 15:51:48.0000,  4.155305081894026E+08,  3.389930020665212E+08, -3.866521519322836E+07,
2451449.160972222, A.D. 1999-Sep-27 15:51:48.0000,  4.146789646261685E+08,  3.401335417995384E+08, -3.863456614952296E+07,
2451450.160972222, A.D. 1999-Sep-28 15:51:48.0000,  4.138247929622884E+08,  3.412719136767749E+08, -3.860366940801834E+07,
2451451.160972222, A.D. 1999-Sep-29 15:51:48.0000,  4.129679995003048E+08,  3.424081111692828E+08, -3.857252525648639E+07,
2451452.160972222, A.D. 1999-Sep-30 15:51:48.0000,  4.121085905606335E+08,  3.435421277709081E+08, -3.854113398458299E+07,
2451453.160972222, A.D. 1999-Oct-01 15:51:48.0000,  4.112465724814585E+08,  3.446739569983525E+08, -3.850949588384070E+07,
2451454.160972222, A.D. 1999-Oct-02 15:51:48.0000,  4.103819516186280E+08,  3.458035923912344E+08, -3.847761124766156E+07,
2451455.160972222, A.D. 1999-Oct-03 15:51:48.0000,  4.095147343455479E+08,  3.469310275121485E+08, -3.844548037131013E+07,
2451456.160972222, A.D. 1999-Oct-04 15:51:48.0000,  4.086449270530763E+08,  3.480562559467241E+08, -3.841310355190615E+07,
2451457.160972222, A.D. 1999-Oct-05 15:51:48.0000,  4.077725361494169E+08,  3.491792713036819E+08, -3.838048108841762E+07,
2451458.160972222, A.D. 1999-Oct-06 15:51:48.0000,  4.068975680600116E+08,  3.503000672148895E+08, -3.834761328165343E+07,
2451459.160972222, A.D. 1999-Oct-07 15:51:48.0000,  4.060200292274338E+08,  3.514186373354172E+08, -3.831450043425642E+07,
2451460.160972222, A.D. 1999-Oct-08 15:51:48.0000,  4.051399261112798E+08,  3.525349753435894E+08, -3.828114285069618E+07,
2451461.160972222, A.D. 1999-Oct-09 15:51:48.0000,  4.042572651880606E+08,  3.536490749410384E+08, -3.824754083726186E+07,
2451462.160972222, A.D. 1999-Oct-10 15:51:48.0000,  4.033720529510935E+08,  3.547609298527544E+08, -3.821369470205536E+07,
2451463.160972222, A.D. 1999-Oct-11 15:51:48.0000,  4.024842959103931E+08,  3.558705338271354E+08, -3.817960475498399E+07,
2451464.160972222, A.D. 1999-Oct-12 15:51:48.0000,  4.015940005925611E+08,  3.569778806360356E+08, -3.814527130775332E+07,
2451465.160972222, A.D. 1999-Oct-13 15:51:48.0000,  4.007011735406776E+08,  3.580829640748126E+08, -3.811069467386049E+07,
2451466.160972222, A.D. 1999-Oct-14 15:51:48.0000,  3.998058213141897E+08,  3.591857779623732E+08, -3.807587516858687E+07,
2451467.160972222, A.D. 1999-Oct-15 15:51:48.0000,  3.989079504888021E+08,  3.602863161412175E+08, -3.804081310899110E+07,
2451468.160972222, A.D. 1999-Oct-16 15:51:48.0000,  3.980075676563655E+08,  3.613845724774822E+08, -3.800550881390224E+07,
2451469.160972222, A.D. 1999-Oct-17 15:51:48.0000,  3.971046794247662E+08,  3.624805408609819E+08, -3.796996260391280E+07,
2451470.160972222, A.D. 1999-Oct-18 15:51:48.0000,  3.961992924178144E+08,  3.635742152052489E+08, -3.793417480137184E+07,
2451471.160972222, A.D. 1999-Oct-19 15:51:48.0000,  3.952914132751330E+08,  3.646655894475710E+08, -3.789814573037824E+07,
2451472.160972222, A.D. 1999-Oct-20 15:51:48.0000,  3.943810486520462E+08,  3.657546575490285E+08, -3.786187571677394E+07,
2451473.160972222, A.D. 1999-Oct-21 15:51:48.0000,  3.934682052194678E+08,  3.668414134945275E+08, -3.782536508813745E+07,
2451474.160972222, A.D. 1999-Oct-22 15:51:48.0000,  3.925528896637907E+08,  3.679258512928330E+08, -3.778861417377718E+07,
2451475.160972222, A.D. 1999-Oct-23 15:51:48.0000,  3.916351086867754E+08,  3.690079649765983E+08, -3.775162330472545E+07,
2451476.160972222, A.D. 1999-Oct-24 15:51:48.0000,  3.907148690054403E+08,  3.700877486023928E+08, -3.771439281373213E+07,
2451477.160972222, A.D. 1999-Oct-25 15:51:48.0000,  3.897921773519520E+08,  3.711651962507270E+08, -3.767692303525887E+07,
2451478.160972222, A.D. 1999-Oct-26 15:51:48.0000,  3.888670404735174E+08,  3.722403020260748E+08, -3.763921430547349E+07,
2451479.160972222, A.D. 1999-Oct-27 15:51:48.0000,  3.879394651322779E+08,  3.733130600568932E+08, -3.760126696224470E+07,
2451480.160972222, A.D. 1999-Oct-28 15:51:48.0000,  3.870094581052040E+08,  3.743834644956385E+08, -3.756308134513727E+07,
2451481.160972222, A.D. 1999-Oct-29 15:51:48.0000,  3.860770261839949E+08,  3.754515095187807E+08, -3.752465779540743E+07,
2451482.160972222, A.D. 1999-Oct-30 15:51:48.0000,  3.851421761749806E+08,  3.765171893268132E+08, -3.748599665599909E+07,
2451483.160972222, A.D. 1999-Oct-31 15:51:48.0000,  3.842049148990279E+08,  3.775804981442623E+08, -3.744709827154034E+07,
2451484.160972222, A.D. 1999-Nov-01 15:51:48.0000,  3.832652491914533E+08,  3.786414302196923E+08, -3.740796298834082E+07,
2451485.160972222, A.D. 1999-Nov-02 15:51:48.0000,  3.823231859019411E+08,  3.796999798257096E+08, -3.736859115438944E+07,
2451486.160972222, A.D. 1999-Nov-03 15:51:48.0000,  3.813787318944701E+08,  3.807561412589665E+08, -3.732898311935320E+07,
2451487.160972222, A.D. 1999-Nov-04 15:51:48.0000,  3.804318940472487E+08,  3.818099088401652E+08, -3.728913923457655E+07,
2451488.160972222, A.D. 1999-Nov-05 15:51:48.0000,  3.794826792526605E+08,  3.828612769140646E+08, -3.724905985308111E+07,
2451489.160972222, A.D. 1999-Nov-06 15:51:48.0000,  3.785310944172205E+08,  3.839102398494923E+08, -3.720874532956648E+07,
2451490.160972222, A.D. 1999-Nov-07 15:51:48.0000,  3.775771464615435E+08,  3.849567920393633E+08, -3.716819602041115E+07,
2451491.160972222, A.D. 1999-Nov-08 15:51:48.0000,  3.766208423203223E+08,  3.860009279007123E+08, -3.712741228367306E+07,
2451492.160972222, A.D. 1999-Nov-09 15:51:48.0000,  3.756621889423172E+08,  3.870426418747407E+08, -3.708639447909041E+07,
2451493.160972222, A.D. 1999-Nov-10 15:51:48.0000,  3.747011932903529E+08,  3.880819284268842E+08, -3.704514296808077E+07,
2451494.160972222, A.D. 1999-Nov-11 15:51:48.0000,  3.737378623413178E+08,  3.891187820469048E+08, -3.700365811373897E+07,
2451495.160972222, A.D. 1999-Nov-12 15:51:48.0000,  3.727722030861599E+08,  3.901531972490125E+08, -3.696194028083174E+07,
2451496.160972222, A.D. 1999-Nov-13 15:51:48.0000,  3.718042225298737E+08,  3.911851685720146E+08, -3.691998983578931E+07,
2451497.160972222, A.D. 1999-Nov-14 15:51:48.0000,  3.708339276914642E+08,  3.922146905794978E+08, -3.687780714669248E+07,
2451498.160972222, A.D. 1999-Nov-15 15:51:48.0000,  3.698613256038820E+08,  3.932417578600343E+08, -3.683539258325450E+07,
2451499.160972222, A.D. 1999-Nov-16 15:51:48.0000,  3.688864233139149E+08,  3.942663650274082E+08, -3.679274651679754E+07,
2451500.160972222, A.D. 1999-Nov-17 15:51:48.0000,  3.679092278820328E+08,  3.952885067208486E+08, -3.674986932022433E+07,
2451501.160972222, A.D. 1999-Nov-18 15:51:48.0000,  3.669297463821808E+08,  3.963081776052533E+08, -3.670676136798535E+07,
2451502.160972222, A.D. 1999-Nov-19 15:51:48.0000,  3.659479859015174E+08,  3.973253723713944E+08, -3.666342303604308E+07,
2451503.160972222, A.D. 1999-Nov-20 15:51:48.0000,  3.649639535401117E+08,  3.983400857360789E+08, -3.661985470183523E+07,
2451504.160972222, A.D. 1999-Nov-21 15:51:48.0000,  3.639776564106043E+08,  3.993523124422598E+08, -3.657605674423935E+07,
2451505.160972222, A.D. 1999-Nov-22 15:51:48.0000,  3.629891016378576E+08,  4.003620472590877E+08, -3.653202954354088E+07,
2451506.160972222, A.D. 1999-Nov-23 15:51:48.0000,  3.619982963586033E+08,  4.013692849818997E+08, -3.648777348140624E+07,
2451507.160972222, A.D. 1999-Nov-24 15:51:48.0000,  3.610052477211138E+08,  4.023740204321527E+08, -3.644328894086209E+07,
2451508.160972222, A.D. 1999-Nov-25 15:51:48.0000,  3.600099628849057E+08,  4.033762484573107E+08, -3.639857630628210E+07,
2451509.160972222, A.D. 1999-Nov-26 15:51:48.0000,  3.590124490204878E+08,  4.043759639306988E+08, -3.635363596337940E+07,
2451510.160972222, A.D. 1999-Nov-27 15:51:48.0000,  3.580127133091562E+08,  4.053731617513409E+08, -3.630846829920566E+07,
2451511.160972222, A.D. 1999-Nov-28 15:51:48.0000,  3.570107629428356E+08,  4.063678368437930E+08, -3.626307370215389E+07,
2451512.160972222, A.D. 1999-Nov-29 15:51:48.0000,  3.560066051239620E+08,  4.073599841579856E+08, -3.621745256196475E+07,
2451513.160972222, A.D. 1999-Nov-30 15:51:48.0000,  3.550002470654004E+08,  4.083495986690830E+08, -3.617160526973431E+07,
2451514.160972222, A.D. 1999-Dec-01 15:51:48.0000,  3.539916959903866E+08,  4.093366753773643E+08, -3.612553221792245E+07,
2451515.160972222, A.D. 1999-Dec-02 15:51:48.0000,  3.529809591324875E+08,  4.103212093081282E+08, -3.607923380036074E+07,
2451516.160972222, A.D. 1999-Dec-03 15:51:48.0000,  3.519680437355707E+08,  4.113031955116224E+08, -3.603271041225915E+07,
2451517.160972222, A.D. 1999-Dec-04 15:51:48.0000,  3.509529570537779E+08,  4.122826290629953E+08, -3.598596245021124E+07,
2451518.160972222, A.D. 1999-Dec-05 15:51:48.0000,  3.499357063514976E+08,  4.132595050622670E+08, -3.593899031219788E+07,
2451519.160972222, A.D. 1999-Dec-06 15:51:48.0000,  3.489162989033336E+08,  4.142338186343156E+08, -3.589179439758867E+07,
2451520.160972222, A.D. 1999-Dec-07 15:51:48.0000,  3.478947419940677E+08,  4.152055649288777E+08, -3.584437510714242E+07,
2451521.160972222, A.D. 1999-Dec-08 15:51:48.0000,  3.468710429186139E+08,  4.161747391205577E+08, -3.579673284300523E+07,
2451522.160972222, A.D. 1999-Dec-09 15:51:48.0000,  3.458452089819666E+08,  4.171413364088446E+08, -3.574886800870785E+07,
2451523.160972222, A.D. 1999-Dec-10 15:51:48.0000,  3.448172474991410E+08,  4.181053520181344E+08, -3.570078100916193E+07,
2451524.160972222, A.D. 1999-Dec-11 15:51:48.0000,  3.437871657951045E+08,  4.190667811977540E+08, -3.565247225065486E+07,
2451525.160972222, A.D. 1999-Dec-12 15:51:48.0000,  3.427549712047049E+08,  4.200256192219879E+08, -3.560394214084394E+07,
2451526.160972222, A.D. 1999-Dec-13 15:51:48.0000,  3.417206710725896E+08,  4.209818613901053E+08, -3.555519108875038E+07,
2451527.160972222, A.D. 1999-Dec-14 15:51:48.0000,  3.406842727531226E+08,  4.219355030263864E+08, -3.550621950475208E+07,
2451528.160972222, A.D. 1999-Dec-15 15:51:48.0000,  3.396457836102951E+08,  4.228865394801484E+08, -3.545702780057673E+07,
2451529.160972222, A.D. 1999-Dec-16 15:51:48.0000,  3.386052110176336E+08,  4.238349661257697E+08, -3.540761638929422E+07,
2451530.160972222, A.D. 1999-Dec-17 15:51:48.0000,  3.375625623581054E+08,  4.247807783627123E+08, -3.535798568530861E+07,
2451531.160972222, A.D. 1999-Dec-18 15:51:48.0000,  3.365178450240201E+08,  4.257239716155437E+08, -3.530813610435070E+07,
2451532.160972222, A.D. 1999-Dec-19 15:51:48.0000,  3.354710664169307E+08,  4.266645413339559E+08, -3.525806806346987E+07,
2451533.160972222, A.D. 1999-Dec-20 15:51:48.0000,  3.344222339475317E+08,  4.276024829927827E+08, -3.520778198102604E+07,
2451534.160972222, A.D. 1999-Dec-21 15:51:48.0000,  3.333713550355572E+08,  4.285377920920159E+08, -3.515727827668151E+07,
2451535.160972222, A.D. 1999-Dec-22 15:51:48.0000,  3.323184371096769E+08,  4.294704641568190E+08, -3.510655737139316E+07,
2451536.160972222, A.D. 1999-Dec-23 15:51:48.0000,  3.312634876073921E+08,  4.304004947375395E+08, -3.505561968740402E+07,
2451537.160972222, A.D. 1999-Dec-24 15:51:48.0000,  3.302065139749305E+08,  4.313278794097202E+08, -3.500446564823547E+07,
2451538.160972222, A.D. 1999-Dec-25 15:51:48.0000,  3.291475236671411E+08,  4.322526137741074E+08, -3.495309567867908E+07,
2451539.160972222, A.D. 1999-Dec-26 15:51:48.0000,  3.280865241473883E+08,  4.331746934566597E+08, -3.490151020478868E+07,
2451540.160972222, A.D. 1999-Dec-27 15:51:48.0000,  3.270235228874463E+08,  4.340941141085539E+08, -3.484970965387240E+07,
2451541.160972222, A.D. 1999-Dec-28 15:51:48.0000,  3.259585273673929E+08,  4.350108714061902E+08, -3.479769445448457E+07,
2451542.160972222, A.D. 1999-Dec-29 15:51:48.0000,  3.248915450755038E+08,  4.359249610511959E+08, -3.474546503641821E+07,
2451543.160972222, A.D. 1999-Dec-30 15:51:48.0000,  3.238225835081463E+08,  4.368363787704277E+08, -3.469302183069666E+07,
