JDTDB,Calendar Date (TDB),X,Y,Z,
2450823.859803241, A.D. 1998-Jan-10 08:38:07.0000,  3.660121109278665E+08, -2.966995884015633E+08,  4.759356884450014E+07,
2450824.859803241, A.D. 1998-Jan-11 08:38:07.0000,  3.669231727873023E+08, -2.953999396261588E+08,  4.754793367622700E+07,
2450825.859803241, A.D. 1998-Jan-12 08:38:07.0000,  3.678308178817462E+08, -2.940975351257411E+08,  4.750185258489425E+07,
2450826.859803241, A.D. 1998-Jan-13 08:38:07.0000,  3.687350353395615E+08, -2.927923851375161E+08,  4.745532568312774E+07,
2450827.859803241, A.D. 1998-Jan-14 08:38:07.0000,  3.696358143261659E+08, -2.914844999551480E+08,  4.740835309057799E+07,
2450828.859803241, A.D. 1998-Jan-15 08:38:07.0000,  3.705331440444131E+08, -2.901738899285913E+08,  4.736093493393445E+07,
2450829.859803241, A.D. 1998-Jan-16 08:38:07.0000,  3.714270137349722E+08, -2.888605654639210E+08,  4.731307134693976E+07,
2450830.859803241, A.D. 1998-Jan-17 08:38:07.0000,  3.723174126767054E+08, -2.875445370231615E+08,  4.726476247040354E+07,
2450831.859803241, A.D. 1998-Jan-18 08:38:07.0000,  3.732043301870434E+08, -2.862258151241133E+08,  4.721600845221606E+07,
2450832.859803241, A.D. 1998-Jan-19 08:38:07.0000,  3.740877556223603E+08, -2.849044103401773E+08,  4.716680944736145E+07,
2450833.859803241, A.D. 1998-Jan-20 08:38:07.0000,  3.749676783783458E+08, -2.835803333001779E+08,  4.711716561793055E+07,
2450834.859803241, A.D. 1998-Jan-21 08:38:07.0000,  3.758440878903769E+08, -2.822535946881834E+08,  4.706707713313375E+07,
2450835.859803241, A.D. 1998-Jan-22 08:38:07.0000,  3.767169736338885E+08, -2.809242052433247E+08,  4.701654416931304E+07,
2450836.859803241, A.D. 1998-Jan-23 08:38:07.0000,  3.775863251247417E+08, -2.795921757596115E+08,  4.696556690995399E+07,
2450837.859803241, A.D. 1998-Jan-24 08:38:07.0000,  3.784521319195934E+08, -2.782575170857463E+08,  4.691414554569735E+07,
2450838.859803241, A.D. 1998-Jan-25 08:38:07.0000,  3.793143836162617E+08, -2.769202401249365E+08,  4.686228027435030E+07,
2450839.859803241, A.D. 1998-Jan-26 08:38:07.0000,  3.801730698540933E+08, -2.755803558347028E+08,  4.680997130089714E+07,
2450840.859803241, A.D. 1998-Jan-27 08:38:07.0000,  3.810281803143271E+08, -2.742378752266874E+08,  4.675721883750997E+07,
2450841.859803241, A.D. 1998-Jan-28 08:38:07.0000,  3.818797047204594E+08, -2.728928093664578E+08,  4.670402310355870E+07,
2450842.859803241, A.D. 1998-Jan-29 08:38:07.0000,  3.827276328386059E+08, -2.715451693733088E+08,  4.665038432562090E+07,
2450843.859803241, A.D. 1998-Jan-30 08:38:07.0000,  3.835719544778640E+08, -2.701949664200625E+08,  4.659630273749109E+07,
2450844.859803241, A.D. 1998-Jan-31 08:38:07.0000,  3.844126594906734E+08, -2.688422117328653E+08,  4.654177858018985E+07,
2450845.859803241, A.D. 1998-Feb-01 08:38:07.0000,  3.852497377731760E+08, -2.674869165909826E+08,  4.648681210197249E+07,
2450846.859803241, A.D. 1998-Feb-02 08:38:07.0000,  3.860831792655743E+08, -2.661290923265907E+08,  4.643140355833727E+07,
2450847.859803241, A.D. 1998-Feb-03 08:38:07.0000,  3.869129739524887E+08, -2.647687503245672E+08,  4.637555321203336E+07,
2450848.859803241, A.D. 1998-Feb-04 08:38:07.0000,  3.877391118633146E+08, -2.634059020222778E+08,  4.631926133306824E+07,
2450849.859803241, A.D. 1998-Feb-05 08:38:07.0000,  3.885615830725764E+08, -2.620405589093613E+08,  4.626252819871502E+07,
2450850.859803241, A.D. 1998-Feb-06 08:38:07.0000,  3.893803777002828E+08, -2.606727325275128E+08,  4.620535409351901E+07,
2450851.859803241, A.D. 1998-Feb-07 08:38:07.0000,  3.901954859122782E+08, -2.593024344702633E+08,  4.614773930930407E+07,
2450852.859803241, A.D. 1998-Feb-08 08:38:07.0000,  3.910068979205960E+08, -2.579296763827587E+08,  4.608968414517859E+07,
2450853.859803241, A.D. 1998-Feb-09 08:38:07.0000,  3.918146039838074E+08, -2.565544699615351E+08,  4.603118890754089E+07,
2450854.859803241, A.D. 1998-Feb-10 08:38:07.0000,  3.926185944073716E+08, -2.551768269542935E+08,  4.597225391008429E+07,
2450855.859803241, A.D. 1998-Feb-11 08:38:07.0000,  3.934188595439839E+08, -2.537967591596714E+08,  4.591287947380174E+07,
2450856.859803241, A.D. 1998-Feb-12 08:38:07.0000,  3.942153897939224E+08, -2.524142784270136E+08,  4.585306592698979E+07,
2450857.859803241, A.D. 1998-Feb-13 08:38:07.0000,  3.950081756053950E+08, -2.510293966561406E+08,  4.579281360525233E+07,
2450858.859803241, A.D. 1998-Feb-14 08:38:07.0000,  3.957972074748837E+08, -2.496421257971160E+08,  4.573212285150360E+07,
2450859.859803241, A.D. 1998-Feb-15 08:38:07.0000,  3.965824759474899E+08, -2.482524778500122E+08,  4.567099401597071E+07,
2450860.859803241, A.D. 1998-Feb-16 08:38:07.0000,  3.973639716172783E+08, -2.468604648646749E+08,  4.560942745619554E+07,
2450861.859803241, A.D. 1998-Feb-17 08:38:07.0000,  3.981416851276211E+08, -2.454660989404870E+08,  4.554742353703603E+07,
2450862.859803241, A.D. 1998-Feb-18 08:38:07.0000,  3.989156071715419E+08, -2.440693922261308E+08,  4.548498263066681E+07,
2450863.859803241, A.D. 1998-Feb-19 08:38:07.0000,  3.996857284920602E+08, -2.426703569193508E+08,  4.542210511657890E+07,
2450864.859803241, A.D. 1998-Feb-20 08:38:07.0000,  4.004520398825377E+08, -2.412690052667138E+08,  4.535879138157901E+07,
2450865.859803241, A.D. 1998-Feb-21 08:38:07.0000,  4.012145321870260E+08, -2.398653495633696E+08,  4.529504181978749E+07,
2450866.859803241, A.D. 1998-Feb-22 08:38:07.0000,  4.019731963006161E+08, -2.384594021528111E+08,  4.523085683263575E+07,
2450867.859803241, A.D. 1998-Feb-23 08:38:07.0000,  4.027280231697930E+08, -2.370511754266320E+08,  4.516623682886250E+07,
2450868.859803241, A.D. 1998-Feb-24 08:38:07.0000,  4.034790037927917E+08, -2.356406818242844E+08,  4.510118222450869E+07,
2450869.859803241, A.D. 1998-Feb-25 08:38:07.0000,  4.042261292199636E+08, -2.342279338328325E+08,  4.503569344291222E+07,
2450870.859803241, A.D. 1998-Feb-26 08:38:07.0000,  4.049693905541451E+08, -2.328129439867039E+08,  4.496977091470047E+07,
2450871.859803241, A.D. 1998-Feb-27 08:38:07.0000,  4.057087789510359E+08, -2.313957248674356E+08,  4.490341507778253E+07,
2450872.859803241, A.D. 1998-Feb-28 08:38:07.0000,  4.064442856195866E+08, -2.299762891034122E+08,  4.483662637733985E+07,
2450873.859803241, A.D. 1998-Mar-01 08:38:07.0000,  4.071759018223945E+08, -2.285546493695945E+08,  4.476940526581667E+07,
2450874.859803241, A.D. 1998-Mar-02 08:38:07.0000,  4.079036188761113E+08, -2.271308183872350E+08,  4.470175220290927E+07,
2450875.859803241, A.D. 1998-Mar-03 08:38:07.0000,  4.086274281518574E+08, -2.257048089235761E+08,  4.463366765555539E+07,
2450876.859803241, A.D. 1998-Mar-04 08:38:07.0000,  4.093473210756445E+08, -2.242766337915258E+08,  4.456515209792379E+07,
2450877.859803241, A.D. 1998-Mar-05 08:38:07.0000,  4.100632891288020E+08, -2.228463058493086E+08,  4.449620601140492E+07,
2450878.859803241, A.D. 1998-Mar-06 08:38:07.0000,  4.107753238484018E+08, -2.214138380000857E+08,  4.442682988460334E+07,
2450879.859803241, A.D. 1998-Mar-07 08:38:07.0000,  4.114834168276741E+08, -2.199792431915420E+08,  4.435702421333285E+07,
2450880.859803241, A.D. 1998-Mar-08 08:38:07.0000,  4.121875597164062E+08, -2.185425344154392E+08,  4.428678950061518E+07,
2450881.859803241, A.D. 1998-Mar-09 08:38:07.0000,  4.128877442213130E+08, -2.171037247071374E+08,  4.421612625668311E+07,
2450882.859803241, A.D. 1998-Mar-10 08:38:07.0000,  4.135839621063706E+08, -2.156628271450896E+08,  4.414503499898838E+07,
2450883.859803241, A.D. 1998-Mar-11 08:38:07.0000,  4.142762051931028E+08, -2.142198548503184E+08,  4.407351625221456E+07,
2450884.859803241, A.D. 1998-Mar-12 08:38:07.0000,  4.149644653608119E+08, -2.127748209858905E+08,  4.400157054829440E+07,
2450885.859803241, A.D. 1998-Mar-13 08:38:07.0000,  4.156487345467582E+08, -2.113277387564017E+08,  4.392919842643028E+07,
2450886.859803241, A.D. 1998-Mar-14 08:38:07.0000,  4.163290047462858E+08, -2.098786214074893E+08,  4.385640043311650E+07,
2450887.859803241, A.D. 1998-Mar-15 08:38:07.0000,  4.170052680129079E+08, -2.084274822253885E+08,  4.378317712216111E+07,
2450888.859803241, A.D. 1998-Mar-16 08:38:07.0000,  4.176775164583640E+08, -2.069743345365413E+08,  4.370952905470464E+07,
2450889.859803241, A.D. 1998-Mar-17 08:38:07.0000,  4.183457422526695E+08, -2.055191917072640E+08,  4.363545679923481E+07,
2450890.859803241, A.D. 1998-Mar-18 08:38:07.0000,  4.190099376241732E+08, -2.040620671434706E+08,  4.356096093159427E+07,
2450891.859803241, A.D. 1998-Mar-19 08:38:07.0000,  4.196700948596405E+08, -2.026029742904449E+08,  4.348604203498191E+07,
2450892.859803241, A.D. 1998-Mar-20 08:38:07.0000,  4.203262063043729E+08, -2.011419266326495E+08,  4.341070069994631E+07,
2450893.859803241, A.D. 1998-Mar-21 08:38:07.0000,  4.209782643623704E+08, -1.996789376935569E+08,  4.333493752437332E+07,
2450894.859803241, A.D. 1998-Mar-22 08:38:07.0000,  4.216262614965410E+08, -1.982140210354881E+08,  4.325875311346741E+07,
2450895.859803241, A.D. 1998-Mar-23 08:38:07.0000,  4.222701902289501E+08, -1.967471902594431E+08,  4.318214807972939E+07,
2450896.859803241, A.D. 1998-Mar-24 08:38:07.0000,  4.229100431411062E+08, -1.952784590049182E+08,  4.310512304293098E+07,
2450897.859803241, A.D. 1998-Mar-25 08:38:07.0000,  4.235458128742733E+08, -1.938078409496991E+08,  4.302767863008811E+07,
2450898.859803241, A.D. 1998-Mar-26 08:38:07.0000,  4.241774921298031E+08, -1.923353498096271E+08,  4.294981547543385E+07,
2450899.859803241, A.D. 1998-Mar-27 08:38:07.0000,  4.248050736694776E+08, -1.908609993383382E+08,  4.287153422039170E+07,
2450900.859803241, A.D. 1998-Mar-28 08:38:07.0000,  4.254285503158548E+08, -1.893848033269766E+08,  4.279283551354980E+07,
2450901.859803241, A.D. 1998-Mar-29 08:38:07.0000,  4.260479149526146E+08, -1.879067756038828E+08,  4.271372001063647E+07,
2450902.859803241, A.D. 1998-Mar-30 08:38:07.0000,  4.266631605248980E+08, -1.864269300342624E+08,  4.263418837449722E+07,
2450903.859803241, A.D. 1998-Mar-31 08:38:07.0000,  4.272742800396385E+08, -1.849452805198357E+08,  4.255424127507289E+07,
2450904.859803241, A.D. 1998-Apr-01 08:38:07.0000,  4.278812665658846E+08, -1.834618409984747E+08,  4.247387938937926E+07,
2450905.859803241, A.D. 1998-Apr-02 08:38:07.0000,  4.284841132351105E+08, -1.819766254438275E+08,  4.239310340148751E+07,
2450906.859803241, A.D. 1998-Apr-03 08:38:07.0000,  4.290828132415175E+08, -1.804896478649344E+08,  4.231191400250582E+07,
2450907.859803241, A.D. 1998-Apr-04 08:38:07.0000,  4.296773598423247E+08, -1.790009223058365E+08,  4.223031189056138E+07,
2450908.859803241, A.D. 1998-Apr-05 08:38:07.0000,  4.302677463580492E+08, -1.775104628451803E+08,  4.214829777078293E+07,
2450909.859803241, A.D. 1998-Apr-06 08:38:07.0000,  4.308539661727784E+08, -1.760182835958176E+08,  4.206587235528407E+07,
2450910.859803241, A.D. 1998-Apr-07 08:38:07.0000,  4.314360127344332E+08, -1.745243987044025E+08,  4.198303636314599E+07,
2450911.859803241, A.D. 1998-Apr-08 08:38:07.0000,  4.320138795550231E+08, -1.730288223509873E+08,  4.189979052040102E+07,
2450912.859803241, A.D. 1998-Apr-09 08:38:07.0000,  4.325875602108954E+08, -1.715315687486151E+08,  4.181613556001563E+07,
2450913.859803241, A.D. 1998-Apr-10 08:38:07.0000,  4.331570483429766E+08, -1.700326521429137E+08,  4.173207222187361E+07,
2450914.859803241, A.D. 1998-Apr-11 08:38:07.0000,  4.337223376570089E+08, -1.685320868116856E+08,  4.164760125275886E+07,
2450915.859803241, A.D. 1998-Apr-12 08:38:07.0000,  4.342834219237806E+08, -1.670298870644993E+08,  4.156272340633808E+07,
2450916.859803241, A.D. 1998-Apr-13 08:38:07.0000,  4.348402949793521E+08, -1.655260672422791E+08,  4.147743944314310E+07,
2450917.859803241, A.D. 1998-Apr-14 08:38:07.0000,  4.353929507252762E+08, -1.640206417168946E+08,  4.139175013055302E+07,
2450918.859803241, A.D. 1998-Apr-15 08:38:07.0000,  4.359413831288151E+08, -1.625136248907485E+08,  4.130565624277581E+07,
2450919.859803241, A.D. 1998-Apr-16 08:38:07.0000,  4.364855862231523E+08, -1.610050311963646E+08,  4.121915856082967E+07,
2450920.859803241, A.D. 1998-Apr-17 08:38:07.0000,  4.370255541076012E+08, -1.594948750959751E+08,  4.113225787252411E+07,
2450921.859803241, A.D. 1998-Apr-18 08:38:07.0000,  4.375612809478087E+08, -1.579831710811064E+08,  4.104495497244043E+07,
2450922.859803241, A.D. 1998-Apr-19 08:38:07.0000,  4.380927609759566E+08, -1.564699336721646E+08,  4.095725066191217E+07,
2450923.859803241, A.D. 1998-Apr-20 08:38:07.0000,  4.386199884909579E+08, -1.549551774180198E+08,  4.086914574900468E+07,
2450924.859803241, A.D. 1998-Apr-21 08:38:07.0000,  4.391429578586508E+08, -1.534389168955903E+08,  4.078064104849474E+07,
2450925.859803241, A.D. 1998-Apr-22 08:38:07.0000,  4.396616635119877E+08, -1.519211667094244E+08,  4.069173738184971E+07,
2450926.859803241, A.D. 1998-Apr-23 08:38:07.0000,  4.401760999512221E+08, -1.504019414912829E+08,  4.060243557720597E+07,
2450927.859803241, A.D. 1998-Apr-24 08:38:07.0000,  4.406862617440909E+08, -1.488812558997193E+08,  4.051273646934745E+07,
2450928.859803241, A.D. 1998-Apr-25 08:38:07.0000,  4.411921435259949E+08, -1.473591246196603E+08,  4.042264089968341E+07,
2450929.859803241, A.D. 1998-Apr-26 08:38:07.0000,  4.416937400001733E+08, -1.458355623619842E+08,  4.033214971622615E+07,
2450930.859803241, A.D. 1998-Apr-27 08:38:07.0000,  4.421910459378771E+08, -1.443105838630988E+08,  4.024126377356786E+07,
2450931.859803241, A.D. 1998-Apr-28 08:38:07.0000,  4.426840561785377E+08, -1.427842038845187E+08,  4.014998393285775E+07,
2450932.859803241, A.D. 1998-Apr-29 08:38:07.0000,  4.431727656299333E+08, -1.412564372124413E+08,  4.005831106177823E+07,
2450933.859803241, A.D. 1998-Apr-30 08:38:07.0000,  4.436571692683499E+08, -1.397272986573223E+08,  3.996624603452104E+07,
2450934.859803241, A.D. 1998-May-01 08:38:07.0000,  4.441372621387411E+08, -1.381968030534495E+08,  3.987378973176284E+07,
2450935.859803241, A.D. 1998-May-02 08:38:07.0000,  4.446130393548822E+08, -1.366649652585174E+08,  3.978094304064056E+07,
2450936.859803241, A.D. 1998-May-03 08:38:07.0000,  4.450844960995235E+08, -1.351318001531993E+08,  3.968770685472626E+07,
2450937.859803241, A.D. 1998-May-04 08:38:07.0000,  4.455516276245366E+08, -1.335973226407204E+08,  3.959408207400175E+07,
2450938.859803241, A.D. 1998-May-05 08:38:07.0000,  4.460144292510610E+08, -1.320615476464290E+08,  3.950006960483266E+07,
2450939.859803241, A.D. 1998-May-06 08:38:07.0000,  4.464728963696444E+08, -1.305244901173684E+08,  3.940567035994227E+07,
2450940.859803241, A.D. 1998-May-07 08:38:07.0000,  4.469270244403806E+08, -1.289861650218474E+08,  3.931088525838482E+07,
2450941.859803241, A.D. 1998-May-08 08:38:07.0000,  4.473768089930442E+08, -1.274465873490113E+08,  3.921571522551866E+07,
2450942.859803241, A.D. 1998-May-09 08:38:07.0000,  4.478222456272215E+08, -1.259057721084128E+08,  3.912016119297872E+07,
2450943.859803241, A.D. 1998-May-10 08:38:07.0000,  4.482633300124380E+08, -1.243637343295822E+08,  3.902422409864866E+07,
2450944.859803241, A.D. 1998-May-11 08:38:07.0000,  4.487000578882833E+08, -1.228204890615986E+08,  3.892790488663277E+07,
2450945.859803241, A.D. 1998-May-12 08:38:07.0000,  4.491324250645317E+08, -1.212760513726611E+08,  3.883120450722708E+07,
2450946.859803241, A.D. 1998-May-13 08:38:07.0000,  4.495604274212607E+08, -1.197304363496605E+08,  3.873412391689023E+07,
2450947.859803241, A.D. 1998-May-14 08:38:07.0000,  4.499840609089667E+08, -1.181836590977518E+08,  3.863666407821385E+07,
2450948.859803241, A.D. 1998-May-15 08:38:07.0000,  4.504033215486773E+08, -1.166357347399276E+08,  3.853882595989223E+07,
2450949.859803241, A.D. 1998-May-16 08:38:07.0000,  4.508182054320624E+08, -1.150866784165927E+08,  3.844061053669161E+07,
2450950.859803241, A.D. 1998-May-17 08:38:07.0000,  4.512287087215423E+08, -1.135365052851397E+08,  3.834201878941872E+07,
2450951.859803241, A.D. 1998-May-18 08:38:07.0000,  4.516348276503949E+08, -1.119852305195262E+08,  3.824305170488869E+07,
2450952.859803241, A.D. 1998-May-19 08:38:07.0000,  4.520365585228623E+08, -1.104328693098533E+08,  3.814371027589227E+07,
2450953.859803241, A.D. 1998-May-20 08:38:07.0000,  4.524338977142563E+08, -1.088794368619464E+08,  3.804399550116225E+07,
2450954.859803241, A.D. 1998-May-21 08:38:07.0000,  4.528268416710652E+08, -1.073249483969357E+08,  3.794390838533897E+07,
2450955.859803241, A.D. 1998-May-22 08:38:07.0000,  4.532153869110617E+08, -1.057694191508414E+08,  3.784344993893509E+07,
2450956.859803241, A.D. 1998-May-23 08:38:07.0000,  4.535995300234138E+08, -1.042128643741537E+08,  3.774262117829920E+07,
2450957.859803241, A.D. 1998-May-24 08:38:07.0000,  4.539792676687980E+08, -1.026552993314193E+08,  3.764142312557859E+07,
2450958.859803241, A.D. 1998-May-25 08:38:07.0000,  4.543545965795191E+08, -1.010967393008224E+08,  3.753985680868100E+07,
2450959.859803241, A.D. 1998-May-26 08:38:07.0000,  4.547255135596352E+08, -9.953719957376474E+07,  3.743792326123521E+07,
2450960.859803241, A.D. 1998-May-27 08:38:07.0000,  4.550920154850886E+08, -9.797669545444052E+07,  3.733562352255104E+07,
2450961.859803241, A.D. 1998-May-28 08:38:07.0000,  4.554540993038471E+08, -9.641524225940329E+07,  3.723295863757831E+07,
2450962.859803241, A.D. 1998-May-29 08:38:07.0000,  4.558117620360505E+08, -9.485285531712243E+07,  3.712992965686555E+07,
2450963.859803241, A.D. 1998-May-30 08:38:07.0000,  4.561650007741648E+08, -9.328954996752439E+07,  3.702653763651853E+07,
2450964.859803241, A.D. 1998-May-31 08:38:07.0000,  4.565138126831430E+08, -9.172534156151532E+07,  3.692278363815925E+07,
2450965.859803241, A.D. 1998-Jun-01 08:38:07.0000,  4.568581950005867E+08, -9.016024546047942E+07,  3.681866872888614E+07,
2450966.859803241, A.D. 1998-Jun-02 08:38:07.0000,  4.571981450369037E+08, -8.859427703574978E+07,  3.671419398123609E+07,
2450967.859803241, A.D. 1998-Jun-03 08:38:07.0000,  4.575336601754557E+08, -8.702745166804913E+07,  3.660936047314952E+07,
2450968.859803241, A.D. 1998-Jun-04 08:38:07.0000,  4.578647378726870E+08, -8.545978474689910E+07,  3.650416928793899E+07,
2450969.859803241, A.D. 1998-Jun-05 08:38:07.0000,  4.581913756582227E+08, -8.389129167000002E+07,  3.639862151426239E+07,
2450970.859803241, A.D. 1998-Jun-06 08:38:07.0000,  4.585135711349276E+08, -8.232198784258702E+07,  3.629271824610126E+07,
2450971.859803241, A.D. 1998-Jun-07 08:38:07.0000,  4.588313219789154E+08, -8.075188867677233E+07,  3.618646058274404E+07,
2450972.859803241, A.D. 1998-Jun-08 08:38:07.0000,  4.591446259395037E+08, -7.918100959088656E+07,  3.607984962877386E+07,
2450973.859803241, A.D. 1998-Jun-09 08:38:07.0000,  4.594534808391130E+08, -7.760936600883493E+07,  3.597288649405975E+07,
2450974.859803241, A.D. 1998-Jun-10 08:38:07.0000,  4.597578845731120E+08, -7.603697335948467E+07,  3.586557229374959E+07,
2450975.859803241, A.D. 1998-Jun-11 08:38:07.0000,  4.600578351096203E+08, -7.446384707609817E+07,  3.575790814826269E+07,
2450976.859803241, A.D. 1998-Jun-12 08:38:07.0000,  4.603533304892843E+08, -7.289000259582265E+07,  3.564989518327973E+07,
2450977.859803241, A.D. 1998-Jun-13 08:38:07.0000,  4.606443688250427E+08, -7.131545535924041E+07,  3.554153452972802E+07,
2450978.859803241, A.D. 1998-Jun-14 08:38:07.0000,  4.609309483018994E+08, -6.974022080997849E+07,  3.543282732376090E+07,
2450979.859803241, A.D. 1998-Jun-15 08:38:07.0000,  4.612130671767212E+08, -6.816431439436992E+07,  3.532377470672987E+07,
2450980.859803241, A.D. 1998-Jun-16 08:38:07.0000,  4.614907237780705E+08, -6.658775156115296E+07,  3.521437782515007E+07,
2450981.859803241, A.D. 1998-Jun-17 08:38:07.0000,  4.617639165060824E+08, -6.501054776119551E+07,  3.510463783065902E+07,
2450982.859803241, A.D. 1998-Jun-18 08:38:07.0000,  4.620326438323826E+08, -6.343271844722921E+07,  3.499455587997033E+07,
2450983.859803241, A.D. 1998-Jun-19 08:38:07.0000,  4.622969043000479E+08, -6.185427907357968E+07,  3.488413313482324E+07,
2450984.859803241, A.D. 1998-Jun-20 08:38:07.0000,  4.625566965236005E+08, -6.027524509588344E+07,  3.477337076192972E+07,
2450985.859803241, A.D. 1998-Jun-21 08:38:07.0000,  4.628120191890268E+08, -5.869563197078506E+07,  3.466226993292043E+07,
2450986.859803241, A.D. 1998-Jun-22 08:38:07.0000,  4.630628710538155E+08, -5.711545515561052E+07,  3.455083182429033E+07,
2450987.859803241, A.D. 1998-Jun-23 08:38:07.0000,  4.633092509470041E+08, -5.553473010801613E+07,  3.443905761734499E+07,
2450988.859803241, A.D. 1998-Jun-24 08:38:07.0000,  4.635511577692282E+08, -5.395347228561394E+07,  3.432694849814819E+07,
2450989.859803241, A.D. 1998-Jun-25 08:38:07.0000,  4.637885904927685E+08, -5.237169714557621E+07,  3.421450565747087E+07,
2450990.859803241, A.D. 1998-Jun-26 08:38:07.0000,  4.640215481615920E+08, -5.078942014422239E+07,  3.410173029074175E+07,
2450991.859803241, A.D. 1998-Jun-27 08:38:07.0000,  4.642500298913820E+08, -4.920665673659180E+07,  3.398862359799941E+07,
2450992.859803241, A.D. 1998-Jun-28 08:38:07.0000,  4.644740348695602E+08, -4.762342237600446E+07,  3.387518678384591E+07,
2450993.859803241, A.D. 1998-Jun-29 08:38:07.0000,  4.646935623552951E+08, -4.603973251361404E+07,  3.376142105740172E+07,
2450994.859803241, A.D. 1998-Jun-30 08:38:07.0000,  4.649086116795008E+08, -4.445560259795522E+07,  3.364732763226157E+07,
2450995.859803241, A.D. 1998-Jul-01 08:38:07.0000,  4.651191822448234E+08, -4.287104807448687E+07,  3.353290772645140E+07,
2450996.859803241, A.D. 1998-Jul-02 08:38:07.0000,  4.653252735256185E+08, -4.128608438513348E+07,  3.341816256238592E+07,
2450997.859803241, A.D. 1998-Jul-03 08:38:07.0000,  4.655268850679165E+08, -3.970072696782571E+07,  3.330309336682674E+07,
2450998.859803241, A.D. 1998-Jul-04 08:38:07.0000,  4.657240164893815E+08, -3.811499125604128E+07,  3.318770137084100E+07,
2450999.859803241, A.D. 1998-Jul-05 08:38:07.0000,  4.659166674792594E+08, -3.652889267834680E+07,  3.307198780976017E+07,
2451000.859803241, A.D. 1998-Jul-06 08:38:07.0000,  4.661048377983206E+08, -3.494244665794119E+07,  3.295595392313913E+07,
2451001.859803241, A.D. 1998-Jul-07 08:38:07.0000,  4.662885272787938E+08, -3.335566861220077E+07,  3.283960095471541E+07,
2451002.859803241, A.D. 1998-Jul-08 08:38:07.0000,  4.664677358242946E+08, -3.176857395222671E+07,  3.272293015236840E+07,
2451003.859803241, A.D. 1998-Jul-09 08:38:07.0000,  4.666424634097474E+08, -3.018117808239457E+07,  3.260594276807863E+07,
2451004.859803241, A.D. 1998-Jul-10 08:38:07.0000,  4.668127100813029E+08, -2.859349639990635E+07,  3.248864005788694E+07,
2451005.859803241, A.D. 1998-Jul-11 08:38:07.0000,  4.669784759562487E+08, -2.700554429434475E+07,  3.237102328185375E+07,
2451006.859803241, A.D. 1998-Jul-12 08:38:07.0000,  4.671397612229169E+08, -2.541733714723000E+07,  3.225309370401802E+07,
2451007.859803241, A.D. 1998-Jul-13 08:38:07.0000,  4.672965661405861E+08, -2.382889033157889E+07,  3.213485259235634E+07,
2451008.859803241, A.D. 1998-Jul-14 08:38:07.0000,  4.674488910393794E+08, -2.224021921146632E+07,  3.201630121874175E+07,
2451009.859803241, A.D. 1998-Jul-15 08:38:07.0000,  4.675967363201581E+08, -2.065133914158917E+07,  3.189744085890247E+07,
2451010.859803241, A.D. 1998-Jul-16 08:38:07.0000,  4.677401024544118E+08, -1.906226546683221E+07,  3.177827279238067E+07,
2451011.859803241, A.D. 1998-Jul-17 08:38:07.0000,  4.678789899841440E+08, -1.747301352183663E+07,  3.165879830249085E+07,
2451012.859803241, A.D. 1998-Jul-18 08:38:07.0000,  4.680133995217550E+08, -1.588359863057049E+07,  3.153901867627833E+07,
2451013.859803241, A.D. 1998-Jul-19 08:38:07.0000,  4.681433317499197E+08, -1.429403610590160E+07,  3.141893520447754E+07,
2451014.859803241, A.D. 1998-Jul-20 08:38:07.0000,  4.682687874214634E+08, -1.270434124917237E+07,  3.129854918147014E+07,
2451015.859803241, A.D. 1998-Jul-21 08:38:07.0000,  4.683897673592326E+08, -1.111452934977702E+07,  3.117786190524311E+07,
2451016.859803241, A.D. 1998-Jul-22 08:38:07.0000,  4.685062724559639E+08, -9.524615684740836E+06,  3.105687467734674E+07,
2451017.859803241, A.D. 1998-Jul-23 08:38:07.0000,  4.686183036741475E+08, -7.934615518301629E+06,  3.093558880285237E+07,
2451018.859803241, A.D. 1998-Jul-24 08:38:07.0000,  4.687258620458899E+08, -6.344544101493366E+06,  3.081400559031025E+07,
2451019.859803241, A.D. 1998-Jul-25 08:38:07.0000,  4.688289486727706E+08, -4.754416671731969E+06,  3.069212635170710E+07,
2451020.859803241, A.D. 1998-Jul-26 08:38:07.0000,  4.689275647256975E+08, -3.164248452403383E+06,  3.056995240242369E+07,
2451021.859803241, A.D. 1998-Jul-27 08:38:07.0000,  4.690217114447578E+08, -1.574054652453827E+06,  3.044748506119229E+07,
2451022.859803241, A.D. 1998-Jul-28 08:38:07.0000,  4.691113901390663E+08,  1.614953401764110E+04,  3.032472565005403E+07,
2451023.859803241, A.D. 1998-Jul-29 08:38:07.0000,  4.691966021866105E+08,  1.606348928164249E+06,  3.020167549431614E+07,
2451024.859803241, A.D. 1998-Jul-30 08:38:07.0000,  4.692773490340917E+08,  3.196528366794208E+06,  3.007833592250917E+07,
2451025.859803241, A.D. 1998-Jul-31 08:38:07.0000,  4.693536321967641E+08,  4.786672702771053E+06,  2.995470826634407E+07,
2451026.859803241, A.D. 1998-Aug-01 08:38:07.0000,  4.694254532582697E+08,  6.376766805411302E+06,  2.983079386066916E+07,
2451027.859803241, A.D. 1998-Aug-02 08:38:07.0000,  4.694928138704714E+08,  7.966795560879656E+06,  2.970659404342703E+07,
2451028.859803241, A.D. 1998-Aug-03 08:38:07.0000,  4.695557157532813E+08,  9.556743872581411E+06,  2.958211015561135E+07,
2451029.859803241, A.D. 1998-Aug-04 08:38:07.0000,  4.696141606944876E+08,  1.114659666155208E+07,  2.945734354122358E+07,
2451030.859803241, A.D. 1998-Aug-05 08:38:07.0000,  4.696681505495785E+08,  1.273633886684406E+07,  2.933229554722947E+07,
2451031.859803241, A.D. 1998-Aug-06 08:38:07.0000,  4.697176872415618E+08,  1.432595544591027E+07,  2.920696752351558E+07,
2451032.859803241, A.D. 1998-Aug-07 08:38:07.0000,  4.697627727607836E+08,  1.591543137498456E+07,  2.908136082284552E+07,
2451033.859803241, A.D. 1998-Aug-08 08:38:07.0000,  4.698034091647434E+08,  1.750475164945870E+07,  2.895547680081612E+07,
2451034.859803241, A.D. 1998-Aug-09 08:38:07.0000,  4.698395985779081E+08,  1.909390128425599E+07,  2.882931681581335E+07,
2451035.859803241, A.D. 1998-Aug-10 08:38:07.0000,  4.698713431915214E+08,  2.068286531420098E+07,  2.870288222896811E+07,
2451036.859803241, A.D. 1998-Aug-11 08:38:07.0000,  4.698986452634143E+08,  2.227162879438544E+07,  2.857617440411162E+07,
2451037.859803241, A.D. 1998-Aug-12 08:38:07.0000,  4.699215071178122E+08,  2.386017680053025E+07,  2.844919470773077E+07,
2451038.859803241, A.D. 1998-Aug-13 08:38:07.0000,  4.699399311451414E+08,  2.544849442934306E+07,  2.832194450892290E+07,
2451039.859803241, A.D. 1998-Aug-14 08:38:07.0000,  4.699539198018350E+08,  2.703656679887160E+07,  2.819442517935035E+07,
2451040.859803241, A.D. 1998-Aug-15 08:38:07.0000,  4.699634756101391E+08,  2.862437904885260E+07,  2.806663809319454E+07,
2451041.859803241, A.D. 1998-Aug-16 08:38:07.0000,  4.699686011579192E+08,  3.021191634105635E+07,  2.793858462710957E+07,
2451042.859803241, A.D. 1998-Aug-17 08:38:07.0000,  4.699692990984684E+08,  3.179916385962665E+07,  2.781026616017530E+07,
2451043.859803241, A.D. 1998-Aug-18 08:38:07.0000,  4.699655721503183E+08,  3.338610681141717E+07,  2.768168407384974E+07,
2451044.859803241, A.D. 1998-Aug-19 08:38:07.0000,  4.699574230970528E+08,  3.497273042632393E+07,  2.755283975192081E+07,
2451045.859803241, A.D. 1998-Aug-20 08:38:07.0000,  4.699448547871275E+08,  3.655901995761502E+07,  2.742373458045750E+07,
2451046.859803241, A.D. 1998-Aug-21 08:38:07.0000,  4.699278701336946E+08,  3.814496068225924E+07,  2.729436994776025E+07,
2451047.859803241, A.D. 1998-Aug-22 08:38:07.0000,  4.699064721144364E+08,  3.973053790125212E+07,  2.716474724431049E+07,
2451048.859803241, A.D. 1998-Aug-23 08:38:07.0000,  4.698806637714033E+08,  4.131573693994961E+07,  2.703486786271998E+07,
2451049.859803241, A.D. 1998-Aug-24 08:38:07.0000,  4.698504482108642E+08,  4.290054314840075E+07,  2.690473319767930E+07,
2451050.859803241, A.D. 1998-Aug-25 08:38:07.0000,  4.698158286031658E+08,  4.448494190169181E+07,  2.677434464590640E+07,
2451051.859803241, A.D. 1998-Aug-26 08:38:07.0000,  4.697768081825987E+08,  4.606891860030179E+07,  2.664370360609540E+07,
2451052.859803241, A.D. 1998-Aug-27 08:38:07.0000,  4.697333902472708E+08,  4.765245867047480E+07,  2.651281147886603E+07,
2451053.859803241, A.D. 1998-Aug-28 08:38:07.0000,  4.696855781589832E+08,  4.923554756461326E+07,  2.638166966671461E+07,
2451054.859803241, A.D. 1998-Aug-29 08:38:07.0000,  4.696333753431051E+08,  5.081817076169662E+07,  2.625027957396745E+07,
2451055.859803241, A.D. 1998-Aug-30 08:38:07.0000,  4.695767852884378E+08,  5.240031376772733E+07,  2.611864260673712E+07,
2451056.859803241, A.D. 1998-Aug-31 08:38:07.0000,  4.695158115470613E+08,  5.398196211620583E+07,  2.598676017288297E+07,
2451057.859803241, A.D. 1998-Sep-01 08:38:07.0000,  4.694504577341516E+08,  5.556310136863220E+07,  2.585463368197661E+07,
2451058.859803241, A.D. 1998-Sep-02 08:38:07.0000,  4.693807275277609E+08,  5.714371711502814E+07,  2.572226454527232E+07,
2451059.859803241, A.D. 1998-Sep-03 08:38:07.0000,  4.693066246685488E+08,  5.872379497447166E+07,  2.558965417568321E+07,
2451060.859803241, A.D. 1998-Sep-04 08:38:07.0000,  4.692281529594597E+08,  6.030332059562710E+07,  2.545680398776194E+07,
2451061.859803241, A.D. 1998-Sep-05 08:38:07.0000,  4.691453162653471E+08,  6.188227965725937E+07,  2.532371539768520E+07,
2451062.859803241, A.D. 1998-Sep-06 08:38:07.0000,  4.690581185125456E+08,  6.346065786871362E+07,  2.519038982324003E+07,
2451063.859803241, A.D. 1998-Sep-07 08:38:07.0000,  4.689665636884040E+08,  6.503844097034577E+07,  2.505682868381015E+07,
2451064.859803241, A.D. 1998-Sep-08 08:38:07.0000,  4.688706558407902E+08,  6.661561473389417E+07,  2.492303340035984E+07,
2451065.859803241, A.D. 1998-Sep-09 08:38:07.0000,  4.687703990775907E+08,  6.819216496278775E+07,  2.478900539541339E+07,
2451066.859803241, A.D. 1998-Sep-10 08:38:07.0000,  4.686657975662208E+08,  6.976807749239355E+07,  2.465474609302876E+07,
2451067.859803241, A.D. 1998-Sep-11 08:38:07.0000,  4.685568555331590E+08,  7.134333819021073E+07,  2.452025691876465E+07,
2451068.859803241, A.D. 1998-Sep-12 08:38:07.0000,  4.684435772635210E+08,  7.291793295602311E+07,  2.438553929964080E+07,
2451069.859803241, A.D. 1998-Sep-13 08:38:07.0000,  4.683259671006770E+08,  7.449184772202541E+07,  2.425059466409218E+07,
2451070.859803241, A.D. 1998-Sep-14 08:38:07.0000,  4.682040294459161E+08,  7.606506845293874E+07,  2.411542444191822E+07,
2451071.859803241, A.D. 1998-Sep-15 08:38:07.0000,  4.680777687581516E+08,  7.763758114612792E+07,  2.398003006422853E+07,
2451072.859803241, A.D. 1998-Sep-16 08:38:07.0000,  4.679471895536625E+08,  7.920937183172892E+07,  2.384441296338621E+07,
2451073.859803241, A.D. 1998-Sep-17 08:38:07.0000,  4.678122964058618E+08,  8.078042657279427E+07,  2.370857457295033E+07,
2451074.859803241, A.D. 1998-Sep-18 08:38:07.0000,  4.676730939450868E+08,  8.235073146546207E+07,  2.357251632761874E+07,
2451075.859803241, A.D. 1998-Sep-19 08:38:07.0000,  4.675295868583966E+08,  8.392027263914512E+07,  2.343623966317155E+07,
2451076.859803241, A.D. 1998-Sep-20 08:38:07.0000,  4.673817798893774E+08,  8.548903625674208E+07,  2.329974601641615E+07,
2451077.859803241, A.D. 1998-Sep-21 08:38:07.0000,  4.672296778379458E+08,  8.705700851486737E+07,  2.316303682513420E+07,
2451078.859803241, A.D. 1998-Sep-22 08:38:07.0000,  4.670732855601477E+08,  8.862417564409654E+07,  2.302611352803020E+07,
2451079.859803241, A.D. 1998-Sep-23 08:38:07.0000,  4.669126079679506E+08,  9.019052390922415E+07,  2.288897756468209E+07,
2451080.859803241, A.D. 1998-Sep-24 08:38:07.0000,  4.667476500290264E+08,  9.175603960953031E+07,  2.275163037549341E+07,
2451081.859803241, A.D. 1998-Sep-25 08:38:07.0000,  4.665784167665263E+08,  9.332070907905391E+07,  2.261407340164723E+07,
2451082.859803241, A.D. 1998-Sep-26 08:38:07.0000,  4.664049132588454E+08,  9.488451868686976E+07,  2.247630808506118E+07,
2451083.859803241, A.D. 1998-Sep-27 08:38:07.0000,  4.662271446393788E+08,  9.644745483736689E+07,  2.233833586834380E+07,
2451084.859803241, A.D. 1998-Sep-28 08:38:07.0000,  4.660451160962695E+08,  9.800950397052756E+07,  2.220015819475185E+07,
2451085.859803241, A.D. 1998-Sep-29 08:38:07.0000,  4.658588328721485E+08,  9.957065256220479E+07,  2.206177650814843E+07,
2451086.859803241, A.D. 1998-Sep-30 08:38:07.0000,  4.656683002638683E+08,  1.011308871243983E+08,  2.192319225296173E+07,
2451087.859803241, A.D. 1998-Oct-01 08:38:07.0000,  4.654735236222297E+08,  1.026901942055269E+08,  2.178440687414446E+07,
2451088.859803241, A.D. 1998-Oct-02 08:38:07.0000,  4.652745083517041E+08,  1.042485603906985E+08,  2.164542181713362E+07,
2451089.859803241, A.D. 1998-Oct-03 08:38:07.0000,  4.650712599101499E+08,  1.058059723019760E+08,  2.150623852781066E+07,
2451090.859803241, A.D. 1998-Oct-04 08:38:07.0000,  4.648637838085263E+08,  1.073624165986394E+08,  2.136685845246202E+07,
2451091.859803241, A.D. 1998-Oct-05 08:38:07.0000,  4.646520856106023E+08,  1.089178799774446E+08,  2.122728303773990E+07,
2451092.859803241, A.D. 1998-Oct-06 08:38:07.0000,  4.644361709326622E+08,  1.104723491728774E+08,  2.108751373062322E+07,
2451093.859803241, A.D. 1998-Oct-07 08:38:07.0000,  4.642160454432095E+08,  1.120258109574042E+08,  2.094755197837878E+07,
2451094.859803241, A.D. 1998-Oct-08 08:38:07.0000,  4.639917148626679E+08,  1.135782521417188E+08,  2.080739922852261E+07,
2451095.859803241, A.D. 1998-Oct-09 08:38:07.0000,  4.637631849630789E+08,  1.151296595749846E+08,  2.066705692878151E+07,
2451096.859803241, A.D. 1998-Oct-10 08:38:07.0000,  4.635304615677994E+08,  1.166800201450744E+08,  2.052652652705457E+07,
2451097.859803241, A.D. 1998-Oct-11 08:38:07.0000,  4.632935505511961E+08,  1.182293207788047E+08,  2.038580947137503E+07,
2451098.859803241, A.D. 1998-Oct-12 08:38:07.0000,  4.630524578383383E+08,  1.197775484421680E+08,  2.024490720987210E+07,
2451099.859803241, A.D. 1998-Oct-13 08:38:07.0000,  4.628071894046905E+08,  1.213246901405607E+08,  2.010382119073299E+07,
2451100.859803241, A.D. 1998-Oct-14 08:38:07.0000,  4.625577512758017E+08,  1.228707329190072E+08,  1.996255286216505E+07,
2451101.859803241, A.D. 1998-Oct-15 08:38:07.0000,  4.623041495269951E+08,  1.244156638623811E+08,  1.982110367235805E+07,
2451102.859803241, A.D. 1998-Oct-16 08:38:07.0000,  4.620463902830560E+08,  1.259594700956233E+08,  1.967947506944645E+07,
2451103.859803241, A.D. 1998-Oct-17 08:38:07.0000,  4.617844797179183E+08,  1.275021387839556E+08,  1.953766850147203E+07,
2451104.859803241, A.D. 1998-Oct-18 08:38:07.0000,  4.615184240543501E+08,  1.290436571330920E+08,  1.939568541634645E+07,
2451105.859803241, A.D. 1998-Oct-19 08:38:07.0000,  4.612482295636392E+08,  1.305840123894463E+08,  1.925352726181401E+07,
2451106.859803241, A.D. 1998-Oct-20 08:38:07.0000,  4.609739025652756E+08,  1.321231918403364E+08,  1.911119548541456E+07,
2451107.859803241, A.D. 1998-Oct-21 08:38:07.0000,  4.606954494266354E+08,  1.336611828141857E+08,  1.896869153444653E+07,
2451108.859803241, A.D. 1998-Oct-22 08:38:07.0000,  4.604128765626624E+08,  1.351979726807210E+08,  1.882601685593005E+07,
2451109.859803241, A.D. 1998-Oct-23 08:38:07.0000,  4.601261904355491E+08,  1.367335488511670E+08,  1.868317289657029E+07,
2451110.859803241, A.D. 1998-Oct-24 08:38:07.0000,  4.598353975544168E+08,  1.382678987784378E+08,  1.854016110272083E+07,
2451111.859803241, A.D. 1998-Oct-25 08:38:07.0000,  4.595405044749957E+08,  1.398010099573252E+08,  1.839698292034729E+07,
2451112.859803241, A.D. 1998-Oct-26 08:38:07.0000,  4.592415177993031E+08,  1.413328699246841E+08,  1.825363979499103E+07,
2451113.859803241, A.D. 1998-Oct-27 08:38:07.0000,  4.589384441753219E+08,  1.428634662596133E+08,  1.811013317173293E+07,
2451114.859803241, A.D. 1998-Oct-28 08:38:07.0000,  4.586312902966772E+08,  1.443927865836342E+08,  1.796646449515738E+07,
2451115.859803241, A.D. 1998-Oct-29 08:38:07.0000,  4.583200629023139E+08,  1.459208185608662E+08,  1.782263520931639E+07,
2451116.859803241, A.D. 1998-Oct-30 08:38:07.0000,  4.580047687761722E+08,  1.474475498981974E+08,  1.767864675769380E+07,
2451117.859803241, A.D. 1998-Oct-31 08:38:07.0000,  4.576854147468634E+08,  1.489729683454526E+08,  1.753450058316959E+07,
2451118.859803241, A.D. 1998-Nov-01 08:38:07.0000,  4.573620076873453E+08,  1.504970616955583E+08,  1.739019812798424E+07,
2451119.859803241, A.D. 1998-Nov-02 08:38:07.0000,  4.570345545145967E+08,  1.520198177847024E+08,  1.724574083370335E+07,
2451120.859803241, A.D. 1998-Nov-03 08:38:07.0000,  4.567030621892919E+08,  1.535412244924912E+08,  1.710113014118212E+07,
2451121.859803241, A.D. 1998-Nov-04 08:38:07.0000,  4.563675377154759E+08,  1.550612697421024E+08,  1.695636749052998E+07,
2451122.859803241, A.D. 1998-Nov-05 08:38:07.0000,  4.560279881402379E+08,  1.565799415004334E+08,  1.681145432107533E+07,
2451123.859803241, A.D. 1998-Nov-06 08:38:07.0000,  4.556844205533872E+08,  1.580972277782460E+08,  1.666639207133007E+07,
2451124.859803241, A.D. 1998-Nov-07 08:38:07.0000,  4.553368420871284E+08,  1.596131166303060E+08,  1.652118217895430E+07,
2451125.859803241, A.D. 1998-Nov-08 08:38:07.0000,  4.549852599157372E+08,  1.611275961555191E+08,  1.637582608072077E+07,
2451126.859803241, A.D. 1998-Nov-09 08:38:07.0000,  4.546296812552391E+08,  1.626406544970613E+08,  1.623032521247938E+07,
2451127.859803241, A.D. 1998-Nov-10 08:38:07.0000,  4.542701133630887E+08,  1.641522798425054E+08,  1.608468100912132E+07,
2451128.859803241, A.D. 1998-Nov-11 08:38:07.0000,  4.539065635378510E+08,  1.656624604239417E+08,  1.593889490454318E+07,
2451129.859803241, A.D. 1998-Nov-12 08:38:07.0000,  4.535390391188874E+08,  1.671711845180950E+08,  1.579296833161058E+07,
2451130.859803241, A.D. 1998-Nov-13 08:38:07.0000,  4.531675474860446E+08,  1.686784404464355E+08,  1.564690272212158E+07,
2451131.859803241, A.D. 1998-Nov-14 08:38:07.0000,  4.527920960593486E+08,  1.701842165752882E+08,  1.550069950676969E+07,
2451132.859803241, A.D. 1998-Nov-15 08:38:07.0000,  4.524126922987045E+08,  1.716885013159337E+08,  1.535436011510631E+07,
2451133.859803241, A.D. 1998-Nov-16 08:38:07.0000,  4.520293437036044E+08,  1.731912831247111E+08,  1.520788597550269E+07,
2451134.859803241, A.D. 1998-Nov-17 08:38:07.0000,  4.516420578128422E+08,  1.746925505031158E+08,  1.506127851511139E+07,
2451135.859803241, A.D. 1998-Nov-18 08:38:07.0000,  4.512508422042400E+08,  1.761922919978984E+08,  1.491453915982737E+07,
2451136.859803241, A.D. 1998-Nov-19 08:38:07.0000,  4.508557044943827E+08,  1.776904962011654E+08,  1.476766933424854E+07,
2451137.859803241, A.D. 1998-Nov-20 08:38:07.0000,  4.504566523383663E+08,  1.791871517504845E+08,  1.462067046163607E+07,
2451138.859803241, A.D. 1998-Nov-21 08:38:07.0000,  4.500536934295560E+08,  1.806822473289983E+08,  1.447354396387471E+07,
2451139.859803241, A.D. 1998-Nov-22 08:38:07.0000,  4.496468354993548E+08,  1.821757716655507E+08,  1.432629126143382E+07,
2451140.859803241, A.D. 1998-Nov-23 08:38:07.0000,  4.492360863169830E+08,  1.836677135348288E+08,  1.417891377332893E+07,
2451141.859803241, A.D. 1998-Nov-24 08:38:07.0000,  4.488214536892604E+08,  1.851580617575272E+08,  1.403141291708530E+07,
2451142.859803241, A.D. 1998-Nov-25 08:38:07.0000,  4.484029454603896E+08,  1.866468052005367E+08,  1.388379010870381E+07,
2451143.859803241, A.D. 1998-Nov-26 08:38:07.0000,  4.479805695117313E+08,  1.881339327771611E+08,  1.373604676263051E+07,
2451144.859803241, A.D. 1998-Nov-27 08:38:07.0000,  4.475543337615643E+08,  1.896194334473623E+08,  1.358818429172980E+07,
2451145.859803241, A.D. 1998-Nov-28 08:38:07.0000,  4.471242461648179E+08,  1.911032962180325E+08,  1.344020410726334E+07,
2451146.859803241, A.D. 1998-Nov-29 08:38:07.0000,  4.466903147127680E+08,  1.925855101432868E+08,  1.329210761887395E+07,
2451147.859803241, A.D. 1998-Nov-30 08:38:07.0000,  4.462525474326874E+08,  1.940660643247662E+08,  1.314389623457541E+07,
2451148.859803241, A.D. 1998-Dec-01 08:38:07.0000,  4.458109523874446E+08,  1.955449479119387E+08,  1.299557136074682E+07,
2451149.859803241, A.D. 1998-Dec-02 08:38:07.0000,  4.453655376750510E+08,  1.970221501023820E+08,  1.284713440213093E+07,
2451150.859803241, A.D. 1998-Dec-03 08:38:07.0000,  4.449163114281585E+08,  1.984976601420313E+08,  1.269858676183447E+07,
2451151.859803241, A.D. 1998-Dec-04 08:38:07.0000,  4.444632818135194E+08,  1.999714673253789E+08,  1.254992984132865E+07,
2451152.859803241, A.D. 1998-Dec-05 08:38:07.0000,  4.440064570314239E+08,  2.014435609956138E+08,  1.240116504044686E+07,
2451153.859803241, A.D. 1998-Dec-06 08:38:07.0000,  4.435458453151332E+08,  2.029139305446994E+08,  1.225229375737864E+07,
2451154.859803241, A.D. 1998-Dec-07 08:38:07.0000,  4.430814549303236E+08,  2.043825654133888E+08,  1.210331738865757E+07,
2451155.859803241, A.D. 1998-Dec-08 08:38:07.0000,  4.426132941745616E+08,  2.058494550911883E+08,  1.195423732914291E+07,
2451156.859803241, A.D. 1998-Dec-09 08:38:07.0000,  4.421413713768184E+08,  2.073145891162806E+08,  1.180505497199433E+07,
2451157.859803241, A.D. 1998-Dec-10 08:38:07.0000,  4.416656948970312E+08,  2.087779570754223E+08,  1.165577170864116E+07,
2451158.859803241, A.D. 1998-Dec-11 08:38:07.0000,  4.411862731257128E+08,  2.102395486038308E+08,  1.150638892874655E+07,
2451159.859803241, A.D. 1998-Dec-12 08:38:07.0000,  4.407031144836038E+08,  2.116993533850726E+08,  1.135690802016822E+07,
2451160.859803241, A.D. 1998-Dec-13 08:38:07.0000,  4.402162274213639E+08,  2.131573611509655E+08,  1.120733036891748E+07,
2451161.859803241, A.D. 1998-Dec-14 08:38:07.0000,  4.397256204192926E+08,  2.146135616814972E+08,  1.105765735911700E+07,
2451162.859803241, A.D. 1998-Dec-15 08:38:07.0000,  4.392313019870694E+08,  2.160679448047671E+08,  1.090789037295932E+07,
2451163.859803241, A.D. 1998-Dec-16 08:38:07.0000,  4.387332806635093E+08,  2.175205003969499E+08,  1.075803079066631E+07,
2451164.859803241, A.D. 1998-Dec-17 08:38:07.0000,  4.382315650163230E+08,  2.189712183822817E+08,  1.060807999045029E+07,
2451165.859803241, A.D. 1998-Dec-18 08:38:07.0000,  4.377261636418788E+08,  2.204200887330644E+08,  1.045803934847696E+07,
2451166.859803241, A.D. 1998-Dec-19 08:38:07.0000,  4.372170851649630E+08,  2.218671014696864E+08,  1.030791023883048E+07,
2451167.859803241, A.D. 1998-Dec-20 08:38:07.0000,  4.367043382385328E+08,  2.233122466606554E+08,  1.015769403348023E+07,
2451168.859803241, A.D. 1998-Dec-21 08:38:07.0000,  4.361879315434656E+08,  2.247555144226414E+08,  1.000739210224982E+07,
2451169.859803241, A.D. 1998-Dec-22 08:38:07.0000,  4.356678737882982E+08,  2.261968949205254E+08,  9.857005812787235E+06,
2451170.859803241, A.D. 1998-Dec-23 08:38:07.0000,  4.351441737089612E+08,  2.276363783674535E+08,  9.706536530537084E+06,
2451171.859803241, A.D. 1998-Dec-24 08:38:07.0000,  4.346168400685046E+08,  2.290739550248918E+08,  9.555985618713498E+06,
2451172.859803241, A.D. 1998-Dec-25 08:38:07.0000,  4.340858816568180E+08,  2.305096152026830E+08,  9.405354438274562E+06,
2451173.859803241, A.D. 1998-Dec-26 08:38:07.0000,  4.335513072903452E+08,  2.319433492591022E+08,  9.254644347897440E+06,
2451174.859803241, A.D. 1998-Dec-27 08:38:07.0000,  4.330131258117930E+08,  2.333751476009102E+08,  9.103856703954399E+06,
2451175.859803241, A.D. 1998-Dec-28 08:38:07.0000,  4.324713460898373E+08,  2.348050006834060E+08,  8.952992860489458E+06,
2451176.859803241, A.D. 1998-Dec-29 08:38:07.0000,  4.319259770188238E+08,  2.362328990104750E+08,  8.802054169195622E+06,
2451177.859803241, A.D. 1998-Dec-30 08:38:07.0000,  4.313770275184678E+08,  2.376588331346359E+08,  8.651041979392514E+06,
2451178.859803241, A.D. 1998-Dec-31 08:38:07.0000,  4.308245065335507E+08,  2.390827936570828E+08,  8.499957638004526E+06,
2451179.859803241, A.D. 1999-Jan-01 08:38:07.0000,  4.302684230336142E+08,  2.405047712277251E+08,  8.348802489539221E+06,
2451180.859803241, A.D. 1999-Jan-02 08:38:07.0000,  4.297087860126550E+08,  2.419247565452237E+08,  8.197577876066193E+06,
2451181.859803241, A.D. 1999-Jan-03 08:38:07.0000,  4.291456044888161E+08,  2.433427403570234E+08,  8.046285137196094E+06,
2451182.859803241, A.D. 1999-Jan-04 08:38:07.0000,  4.285788875040798E+08,  2.447587134593830E+08,  7.894925610059828E+06,
2451183.859803241, A.D. 1999-Jan-05 08:38:07.0000,  4.280086441239583E+08,  2.461726666974014E+08,  7.743500629288301E+06,
2451184.859803241, A.D. 1999-Jan-06 08:38:07.0000,  4.274348834371856E+08,  2.475845909650408E+08,  7.592011526992127E+06,
2451185.859803241, A.D. 1999-Jan-07 08:38:07.0000,  4.268576145554085E+08,  2.489944772051470E+08,  7.440459632741526E+06,
2451186.859803241, A.D. 1999-Jan-08 08:38:07.0000,  4.262768466128782E+08,  2.504023164094662E+08,  7.288846273546591E+06,
2451187.859803241, A.D. 1999-Jan-09 08:38:07.0000,  4.256925887661421E+08,  2.518080996186595E+08,  7.137172773837879E+06,
2451188.859803241, A.D. 1999-Jan-10 08:38:07.0000,  4.251048501937354E+08,  2.532118179223143E+08,  6.985440455446661E+06,
2451189.859803241, A.D. 1999-Jan-11 08:38:07.0000,  4.245136400958744E+08,  2.546134624589532E+08,  6.833650637585968E+06,
2451190.859803241, A.D. 1999-Jan-12 08:38:07.0000,  4.239189676941493E+08,  2.560130244160393E+08,  6.681804636831611E+06,
2451191.859803241, A.D. 1999-Jan-13 08:38:07.0000,  4.233208422312175E+08,  2.574104950299801E+08,  6.529903767103255E+06,
2451192.859803241, A.D. 1999-Jan-14 08:38:07.0000,  4.227192729704986E+08,  2.588058655861281E+08,  6.377949339645818E+06,
2451193.859803241, A.D. 1999-Jan-15 08:38:07.0000,  4.221142691958689E+08,  2.601991274187790E+08,  6.225942663011134E+06,
2451194.859803241, A.D. 1999-Jan-16 08:38:07.0000,  4.215058402113577E+08,  2.615902719111674E+08,  6.073885043039709E+06,
2451195.859803241, A.D. 1999-Jan-17 08:38:07.0000,  4.208939953408430E+08,  2.629792904954597E+08,  5.921777782842696E+06,
2451196.859803241, A.D. 1999-Jan-18 08:38:07.0000,  4.202787439277489E+08,  2.643661746527454E+08,  5.769622182783946E+06,
2451197.859803241, A.D. 1999-Jan-19 08:38:07.0000,  4.196600953347446E+08,  2.657509159130249E+08,  5.617419540462539E+06,
2451198.859803241, A.D. 1999-Jan-20 08:38:07.0000,  4.190380589434415E+08,  2.671335058551956E+08,  5.465171150695309E+06,
2451199.859803241, A.D. 1999-Jan-21 08:38:07.0000,  4.184126441540941E+08,  2.685139361070354E+08,  5.312878305499420E+06,
2451200.859803241, A.D. 1999-Jan-22 08:38:07.0000,  4.177838603853000E+08,  2.698921983451831E+08,  5.160542294075415E+06,
2451201.859803241, A.D. 1999-Jan-23 08:38:07.0000,  4.171517170737011E+08,  2.712682842951173E+08,  5.008164402790338E+06,
2451202.859803241, A.D. 1999-Jan-24 08:38:07.0000,  4.165162236736859E+08,  2.726421857311320E+08,  4.855745915160879E+06,
2451203.859803241, A.D. 1999-Jan-25 08:38:07.0000,  4.158773896570926E+08,  2.740138944763104E+08,  4.703288111836955E+06,
2451204.859803241, A.D. 1999-Jan-26 08:38:07.0000,  4.152352245129127E+08,  2.753834024024949E+08,  4.550792270585150E+06,
2451205.859803241, A.D. 1999-Jan-27 08:38:07.0000,  4.145897377469971E+08,  2.767507014302554E+08,  4.398259666272596E+06,
2451206.859803241, A.D. 1999-Jan-28 08:38:07.0000,  4.139409388817611E+08,  2.781157835288547E+08,  4.245691570850790E+06,
2451207.859803241, A.D. 1999-Jan-29 08:38:07.0000,  4.132888374558918E+08,  2.794786407162105E+08,  4.093089253339529E+06,
2451208.859803241, A.D. 1999-Jan-30 08:38:07.0000,  4.126334430240571E+08,  2.808392650588552E+08,  3.940453979811043E+06,
2451209.859803241, A.D. 1999-Jan-31 08:38:07.0000,  4.119747651566152E+08,  2.821976486718916E+08,  3.787787013374165E+06,
2451210.859803241, A.D. 1999-Feb-01 08:38:07.0000,  4.113128134393259E+08,  2.835537837189463E+08,  3.635089614158601E+06,
2451211.859803241, A.D. 1999-Feb-02 08:38:07.0000,  4.106475974730640E+08,  2.849076624121192E+08,  3.482363039298981E+06,
2451212.859803241, A.D. 1999-Feb-03 08:38:07.0000,  4.099791268735344E+08,  2.862592770119299E+08,  3.329608542919248E+06,
2451213.859803241, A.D. 1999-Feb-04 08:38:07.0000,  4.093074112709896E+08,  2.876086198272598E+08,  3.176827376116782E+06,
2451214.859803241, A.D. 1999-Feb-05 08:38:07.0000,  4.086324603099495E+08,  2.889556832152917E+08,  3.024020786946326E+06,
2451215.859803241, A.D. 1999-Feb-06 08:38:07.0000,  4.079542836489255E+08,  2.903004595814435E+08,  2.871190020403996E+06,
2451216.859803241, A.D. 1999-Feb-07 08:38:07.0000,  4.072728909601474E+08,  2.916429413793005E+08,  2.718336318410933E+06,
2451217.859803241, A.D. 1999-Feb-08 08:38:07.0000,  4.065882919292953E+08,  2.929831211105415E+08,  2.565460919796512E+06,
2451218.859803241, A.D. 1999-Feb-09 08:38:07.0000,  4.059004962552362E+08,  2.943209913248630E+08,  2.412565060281724E+06,
2451219.859803241, A.D. 1999-Feb-10 08:38:07.0000,  4.052095136497681E+08,  2.956565446198989E+08,  2.259649972461358E+06,
2451220.859803241, A.D. 1999-Feb-11 08:38:07.0000,  4.045153538373702E+08,  2.969897736411380E+08,  2.106716885786623E+06,
2451221.859803241, A.D. 1999-Feb-12 08:38:07.0000,  4.038180265549619E+08,  2.983206710818391E+08,  1.953767026546523E+06,
2451222.859803241, A.D. 1999-Feb-13 08:38:07.0000,  4.031175415516728E+08,  2.996492296829448E+08,  1.800801617848948E+06,
2451223.859803241, A.D. 1999-Feb-14 08:38:07.0000,  4.024139085886205E+08,  3.009754422329990E+08,  1.647821879601687E+06,
2451224.859803241, A.D. 1999-Feb-15 08:38:07.0000,  4.017071374387044E+08,  3.022993015680619E+08,  1.494829028492287E+06,
2451225.859803241, A.D. 1999-Feb-16 08:38:07.0000,  4.009972378864084E+08,  3.036208005716367E+08,  1.341824277968273E+06,
2451226.859803241, A.D. 1999-Feb-17 08:38:07.0000,  4.002842197276190E+08,  3.049399321746023E+08,  1.188808838217184E+06,
2451227.859803241, A.D. 1999-Feb-18 08:38:07.0000,  3.995680927694525E+08,  3.062566893551608E+08,  1.035783916147009E+06,
2451228.859803241, A.D. 1999-Feb-19 08:38:07.0000,  3.988488668300949E+08,  3.075710651388015E+08,  8.827507153678089E+05,
2451229.859803241, A.D. 1999-Feb-20 08:38:07.0000,  3.981265517386461E+08,  3.088830525982892E+08,  7.297104361747354E+05,
2451230.859803241, A.D. 1999-Feb-21 08:38:07.0000,  3.974011573349652E+08,  3.101926448536760E+08,  5.766642755337656E+05,
2451231.859803241, A.D. 1999-Feb-22 08:38:07.0000,  3.966726934695101E+08,  3.114998350723445E+08,  4.236134270706773E+05,
2451232.859803241, A.D. 1999-Feb-23 08:38:07.0000,  3.959411700031610E+08,  3.128046164690793E+08,  2.705590810645819E+05,
2451233.859803241, A.D. 1999-Feb-24 08:38:07.0000,  3.952065968070176E+08,  3.141069823061664E+08,  1.175024244458079E+05,
2451234.859803241, A.D. 1999-Feb-25 08:38:07.0000,  3.944689837621619E+08,  3.154069258935128E+08, -3.555535919982195E+04,
2451235.859803241, A.D. 1999-Feb-26 08:38:07.0000,  3.937283407593749E+08,  3.167044405887809E+08, -1.886130896219313E+05,
2451236.859803241, A.D. 1999-Feb-27 08:38:07.0000,  3.929846776988029E+08,  3.179995197975166E+08, -3.416695898914039E+05,
2451237.859803241, A.D. 1999-Feb-28 08:38:07.0000,  3.922380044895730E+08,  3.192921569732618E+08, -4.947236863824576E+05,
2451238.859803241, A.D. 1999-Mar-01 08:38:07.0000,  3.914883310493610E+08,  3.205823456176345E+08, -6.477742087528706E+05,
2451239.859803241, A.D. 1999-Mar-02 08:38:07.0000,  3.907356673039232E+08,  3.218700792803574E+08, -8.008199899242818E+05,
2451240.859803241, A.D. 1999-Mar-03 08:38:07.0000,  3.899800231866062E+08,  3.231553515592307E+08, -9.538598660649061E+05,
2451241.859803241, A.D. 1999-Mar-04 08:38:07.0000,  3.892214086378536E+08,  3.244381561000410E+08, -1.106892676576570E+06,
2451242.859803241, A.D. 1999-Mar-05 08:38:07.0000,  3.884598336047276E+08,  3.257184865964126E+08, -1.259917264087647E+06,
2451243.859803241, A.D. 1999-Mar-06 08:38:07.0000,  3.876953080404609E+08,  3.269963367896055E+08, -1.412932474452585E+06,
2451244.859803241, A.D. 1999-Mar-07 08:38:07.0000,  3.869278419040496E+08,  3.282717004682760E+08, -1.565937156757519E+06,
2451245.859803241, A.D. 1999-Mar-08 08:38:07.0000,  3.861574451598940E+08,  3.295445714682122E+08, -1.718930163332626E+06,
2451246.859803241, A.D. 1999-Mar-09 08:38:07.0000,  3.853841277774886E+08,  3.308149436720614E+08, -1.871910349768639E+06,
2451247.859803241, A.D. 1999-Mar-10 08:38:07.0000,  3.846078997311565E+08,  3.320828110090611E+08, -2.024876574937016E+06,
2451248.859803241, A.D. 1999-Mar-11 08:38:07.0000,  3.838287709998218E+08,  3.333481674547824E+08, -2.177827701012135E+06,
2451249.859803241, A.D. 1999-Mar-12 08:38:07.0000,  3.830467515668128E+08,  3.346110070308935E+08, -2.330762593494207E+06,
2451250.859803241, A.D. 1999-Mar-13 08:38:07.0000,  3.822618514196864E+08,  3.358713238049467E+08, -2.483680121231809E+06,
2451251.859803241, A.D. 1999-Mar-14 08:38:07.0000,  3.814740805500665E+08,  3.371291118901896E+08, -2.636579156443536E+06,
2451252.859803241, A.D. 1999-Mar-15 08:38:07.0000,  3.806834489534898E+08,  3.383843654453973E+08, -2.789458574737951E+06,
2451253.859803241, A.D. 1999-Mar-16 08:38:07.0000,  3.798899666292526E+08,  3.396370786747255E+08, -2.942317255131602E+06,
2451254.859803241, A.D. 1999-Mar-17 08:38:07.0000,  3.790936435802566E+08,  3.408872458275816E+08, -3.095154080065235E+06,
2451255.859803241, A.D. 1999-Mar-18 08:38:07.0000,  3.782944898128509E+08,  3.421348611985072E+08, -3.247967935418144E+06,
2451256.859803241, A.D. 1999-Mar-19 08:38:07.0000,  3.774925153366665E+08,  3.433799191270726E+08, -3.400757710520491E+06,
2451257.859803241, A.D. 1999-Mar-20 08:38:07.0000,  3.766877301644462E+08,  3.446224139977790E+08, -3.553522298164278E+06,
2451258.859803241, A.D. 1999-Mar-21 08:38:07.0000,  3.758801443118671E+08,  3.458623402399646E+08, -3.706260594612837E+06,
2451259.859803241, A.D. 1999-Mar-22 08:38:07.0000,  3.750697677973571E+08,  3.470996923277160E+08, -3.858971499609157E+06,
2451260.859803241, A.D. 1999-Mar-23 08:38:07.0000,  3.742566106419066E+08,  3.483344647797789E+08, -4.011653916383013E+06,
2451261.859803241, A.D. 1999-Mar-24 08:38:07.0000,  3.734406828688735E+08,  3.495666521594718E+08, -4.164306751657397E+06,
2451262.859803241, A.D. 1999-Mar-25 08:38:07.0000,  3.726219945037867E+08,  3.507962490745964E+08, -4.316928915654138E+06,
2451263.859803241, A.D. 1999-Mar-26 08:38:07.0000,  3.718005555741444E+08,  3.520232501773493E+08, -4.469519322099149E+06,
2451264.859803241, A.D. 1999-Mar-27 08:38:07.0000,  3.709763761092094E+08,  3.532476501642306E+08, -4.622076888226718E+06,
2451265.859803241, A.D. 1999-Mar-28 08:38:07.0000,  3.701494661398050E+08,  3.544694437759513E+08, -4.774600534784064E+06,
2451266.859803241, A.D. 1999-Mar-29 08:38:07.0000,  3.693198356981053E+08,  3.556886257973380E+08, -4.927089186034739E+06,
2451267.859803241, A.D. 1999-Mar-30 08:38:07.0000,  3.684874948174284E+08,  3.569051910572366E+08, -5.079541769762501E+06,
2451268.859803241, A.D. 1999-Mar-31 08:38:07.0000,  3.676524535320266E+08,  3.581191344284118E+08, -5.231957217274547E+06,
2451269.859803241, A.D. 1999-Apr-01 08:38:07.0000,  3.668147218768773E+08,  3.593304508274464E+08, -5.384334463404536E+06,
2451270.859803241, A.D. 1999-Apr-02 08:38:07.0000,  3.659743098874733E+08,  3.605391352146368E+08, -5.536672446515560E+06,
2451271.859803241, A.D. 1999-Apr-03 08:38:07.0000,  3.651312275996143E+08,  3.617451825938882E+08, -5.688970108502954E+06,
2451272.859803241, A.D. 1999-Apr-04 08:38:07.0000,  3.642854850491983E+08,  3.629485880126055E+08, -5.841226394796789E+06,
2451273.859803241, A.D. 1999-Apr-05 08:38:07.0000,  3.634370922720140E+08,  3.641493465615844E+08, -5.993440254364356E+06,
2451274.859803241, A.D. 1999-Apr-06 08:38:07.0000,  3.625860593035334E+08,  3.653474533748992E+08, -6.145610639712721E+06,
2451275.859803241, A.D. 1999-Apr-07 08:38:07.0000,  3.617323961787062E+08,  3.665429036297896E+08, -6.297736506890729E+06,
2451276.859803241, A.D. 1999-Apr-08 08:38:07.0000,  3.608761129317549E+08,  3.677356925465449E+08, -6.449816815491021E+06,
2451277.859803241, A.D. 1999-Apr-09 08:38:07.0000,  3.600172195959706E+08,  3.689258153883882E+08, -6.601850528652504E+06,
2451278.859803241, A.D. 1999-Apr-10 08:38:07.0000,  3.591557262035107E+08,  3.701132674613568E+08, -6.753836613061488E+06,
2451279.859803241, A.D. 1999-Apr-11 08:38:07.0000,  3.582916427851975E+08,  3.712980441141829E+08, -6.905774038954362E+06,
2451280.859803241, A.D. 1999-Apr-12 08:38:07.0000,  3.574249793703177E+08,  3.724801407381725E+08, -7.057661780118361E+06,
2451281.859803241, A.D. 1999-Apr-13 08:38:07.0000,  3.565557459864235E+08,  3.736595527670811E+08, -7.209498813893825E+06,
2451282.859803241, A.D. 1999-Apr-14 08:38:07.0000,  3.556839526591356E+08,  3.748362756769917E+08, -7.361284121175349E+06,
2451283.859803241, A.D. 1999-Apr-15 08:38:07.0000,  3.548096094119462E+08,  3.760103049861869E+08, -7.513016686412945E+06,
2451284.859803241, A.D. 1999-Apr-16 08:38:07.0000,  3.539327262660248E+08,  3.771816362550238E+08, -7.664695497613847E+06,
2451285.859803241, A.D. 1999-Apr-17 08:38:07.0000,  3.530533132400239E+08,  3.783502650858043E+08, -7.816319546343133E+06,
2451286.859803241, A.D. 1999-Apr-18 08:38:07.0000,  3.521713803498875E+08,  3.795161871226469E+08, -7.967887827725008E+06,
2451287.859803241, A.D. 1999-Apr-19 08:38:07.0000,  3.512869376086601E+08,  3.806793980513543E+08, -8.119399340443805E+06,
2451288.859803241, A.D. 1999-Apr-20 08:38:07.0000,  3.503999950262970E+08,  3.818398935992823E+08, -8.270853086744681E+06,
2451289.859803241, A.D. 1999-Apr-21 08:38:07.0000,  3.495105626094766E+08,  3.829976695352058E+08, -8.422248072434694E+06,
2451290.859803241, A.D. 1999-Apr-22 08:38:07.0000,  3.486186503614131E+08,  3.841527216691836E+08, -8.573583306883126E+06,
2451291.859803241, A.D. 1999-Apr-23 08:38:07.0000,  3.477242682816727E+08,  3.853050458524224E+08, -8.724857803022549E+06,
2451292.859803241, A.D. 1999-Apr-24 08:38:07.0000,  3.468274263659887E+08,  3.864546379771382E+08, -8.876070577349067E+06,
2451293.859803241, A.D. 1999-Apr-25 08:38:07.0000,  3.459281346060792E+08,  3.876014939764176E+08, -9.027220649923161E+06,
2451294.859803241, A.D. 1999-Apr-26 08:38:07.0000,  3.450264029894676E+08,  3.887456098240761E+08, -9.178307044369787E+06,
2451295.859803241, A.D. 1999-Apr-27 08:38:07.0000,  3.441222414993021E+08,  3.898869815345154E+08, -9.329328787879348E+06,
2451296.859803241, A.D. 1999-Apr-28 08:38:07.0000,  3.432156601141798E+08,  3.910256051625791E+08, -9.480284911207825E+06,
2451297.859803241, A.D. 1999-Apr-29 08:38:07.0000,  3.423066688079702E+08,  3.921614768034052E+08, -9.631174448677421E+06,
2451298.859803241, A.D. 1999-Apr-30 08:38:07.0000,  3.413952775496423E+08,  3.932945925922784E+08, -9.781996438177019E+06,
2451299.859803241, A.D. 1999-May-01 08:38:07.0000,  3.404814963030933E+08,  3.944249487044788E+08, -9.932749921163231E+06,
2451300.859803241, A.D. 1999-May-02 08:38:07.0000,  3.395653350269797E+08,  3.955525413551285E+08, -1.008343394266057E+07,
2451301.859803241, A.D. 1999-May-03 08:38:07.0000,  3.386468036745515E+08,  3.966773667990360E+08, -1.023404755126280E+07,
2451302.859803241, A.D. 1999-May-04 08:38:07.0000,  3.377259121934893E+08,  3.977994213305383E+08, -1.038458979913396E+07,
2451303.859803241, A.D. 1999-May-05 08:38:07.0000,  3.368026705257451E+08,  3.989187012833395E+08, -1.053505974200985E+07,
2451304.859803241, A.D. 1999-May-06 08:38:07.0000,  3.358770886073874E+08,  4.000352030303475E+08, -1.068545643919969E+07,
2451305.859803241, A.D. 1999-May-07 08:38:07.0000,  3.349491763684511E+08,  4.011489229835076E+08, -1.083577895358813E+07,
2451306.859803241, A.D. 1999-May-08 08:38:07.0000,  3.340189437327939E+08,  4.022598575936334E+08, -1.098602635163823E+07,
2451307.859803241, A.D. 1999-May-09 08:38:07.0000,  3.330864006179575E+08,  4.033680033502364E+08, -1.113619770339406E+07,
2451308.859803241, A.D. 1999-May-10 08:38:07.0000,  3.321515569350392E+08,  4.044733567813527E+08, -1.128629208248457E+07,
2451309.859803241, A.D. 1999-May-11 08:38:07.0000,  3.312144225885698E+08,  4.055759144533706E+08, -1.143630856612810E+07,
2451310.859803241, A.D. 1999-May-12 08:38:07.0000,  3.302750074764035E+08,  4.066756729708567E+08, -1.158624623513681E+07,
2451311.859803241, A.D. 1999-May-13 08:38:07.0000,  3.293333214896180E+08,  4.077726289763855E+08, -1.173610417392248E+07,
2451312.859803241, A.D. 1999-May-14 08:38:07.0000,  3.283893745124278E+08,  4.088667791503730E+08, -1.188588147050244E+07,
2451313.859803241, A.D. 1999-May-15 08:38:07.0000,  3.274431764221083E+08,  4.099581202109182E+08, -1.203557721650580E+07,
2451314.859803241, A.D. 1999-May-16 08:38:07.0000,  3.264947370889366E+08,  4.110466489136529E+08, -1.218519050717980E+07,
2451315.859803241, A.D. 1999-May-17 08:38:07.0000,  3.255440663761403E+08,  4.121323620516096E+08, -1.233472044139600E+07,
2451316.859803241, A.D. 1999-May-18 08:38:07.0000,  3.245911741398591E+08,  4.132152564551063E+08, -1.248416612165534E+07,
2451317.859803241, A.D. 1999-May-19 08:38:07.0000,  3.236360702291116E+08,  4.142953289916550E+08, -1.263352665409157E+07,
2451318.859803241, A.D. 1999-May-20 08:38:07.0000,  3.226787644857637E+08,  4.153725765659012E+08, -1.278280114847237E+07,
2451319.859803241, A.D. 1999-May-21 08:38:07.0000,  3.217192667444893E+08,  4.164469961195862E+08, -1.293198871819723E+07,
2451320.859803241, A.D. 1999-May-22 08:38:07.0000,  3.207575868327172E+08,  4.175185846315479E+08, -1.308108848029113E+07,
2451321.859803241, A.D. 1999-May-23 08:38:07.0000,  3.197937345705517E+08,  4.185873391177466E+08, -1.323009955539304E+07,
2451322.859803241, A.D. 1999-May-24 08:38:07.0000,  3.188277197706555E+08,  4.196532566313131E+08, -1.337902106773925E+07,
2451323.859803241, A.D. 1999-May-25 08:38:07.0000,  3.178595522380909E+08,  4.207163342626109E+08, -1.352785214514175E+07,
2451324.859803241, A.D. 1999-May-26 08:38:07.0000,  3.168892417701069E+08,  4.217765691392939E+08, -1.367659191896051E+07,
2451325.859803241, A.D. 1999-May-27 08:38:07.0000,  3.159167981558785E+08,  4.228339584263507E+08, -1.382523952407399E+07,
2451326.859803241, A.D. 1999-May-28 08:38:07.0000,  3.149422311761984E+08,  4.238884993261135E+08, -1.397379409884652E+07,
2451327.859803241, A.D. 1999-May-29 08:38:07.0000,  3.139655506031306E+08,  4.249401890782206E+08, -1.412225478509670E+07,
2451328.859803241, A.D. 1999-May-30 08:38:07.0000,  3.129867661996462E+08,  4.259890249595209E+08, -1.427062072806805E+07,
2451329.859803241, A.D. 1999-May-31 08:38:07.0000,  3.120058877192563E+08,  4.270350042839178E+08, -1.441889107640427E+07,
2451330.859803241, A.D. 1999-Jun-01 08:38:07.0000,  3.110229249056566E+08,  4.280781244021550E+08, -1.456706498213044E+07,
2451331.859803241, A.D. 1999-Jun-02 08:38:07.0000,  3.100378874924076E+08,  4.291183827015518E+08, -1.471514160064083E+07,
2451332.859803241, A.D. 1999-Jun-03 08:38:07.0000,  3.090507852026534E+08,  4.301557766057028E+08, -1.486312009069380E+07,
2451333.859803241, A.D. 1999-Jun-04 08:38:07.0000,  3.080616277488906E+08,  4.311903035741534E+08, -1.501099961441162E+07,
2451334.859803241, A.D. 1999-Jun-05 08:38:07.0000,  3.070704248327839E+08,  4.322219611020700E+08, -1.515877933728671E+07,
2451335.859803241, A.D. 1999-Jun-06 08:38:07.0000,  3.060771861450276E+08,  4.332507467199130E+08, -1.530645842818996E+07,
2451336.859803241, A.D. 1999-Jun-07 08:38:07.0000,  3.050819213652455E+08,  4.342766579931266E+08, -1.545403605938187E+07,
2451337.859803241, A.D. 1999-Jun-08 08:38:07.0000,  3.040846401619194E+08,  4.352996925218492E+08, -1.560151140652439E+07,
2451338.859803241, A.D. 1999-Jun-09 08:38:07.0000,  3.030853521923400E+08,  4.363198479406471E+08, -1.574888364869243E+07,
2451339.859803241, A.D. 1999-Jun-10 08:38:07.0000,  3.020840671025715E+08,  4.373371219182747E+08, -1.589615196838439E+07,
2451340.859803241, A.D. 1999-Jun-11 08:38:07.0000,  3.010807945274232E+08,  4.383515121574571E+08, -1.604331555153146E+07,
2451341.859803241, A.D. 1999-Jun-12 08:38:07.0000,  3.000755440904211E+08,  4.393630163946958E+08, -1.619037358750471E+07,
2451342.859803241, A.D. 1999-Jun-13 08:38:07.0000,  2.990683254037801E+08,  4.403716324000896E+08, -1.633732526912060E+07,
2451343.859803241, A.D. 1999-Jun-14 08:38:07.0000,  2.980591480683706E+08,  4.413773579771725E+08, -1.648416979264486E+07,
2451344.859803241, A.D. 1999-Jun-15 08:38:07.0000,  2.970480216736788E+08,  4.423801909627622E+08, -1.663090635779426E+07,
2451345.859803241, A.D. 1999-Jun-16 08:38:07.0000,  2.960349557977613E+08,  4.433801292268182E+08, -1.677753416773733E+07,
2451346.859803241, A.D. 1999-Jun-17 08:38:07.0000,  2.950199600071929E+08,  4.443771706723051E+08, -1.692405242909354E+07,
2451347.859803241, A.D. 1999-Jun-18 08:38:07.0000,  2.940030438570079E+08,  4.453713132350609E+08, -1.707046035193124E+07,
2451348.859803241, A.D. 1999-Jun-19 08:38:07.0000,  2.929842168906362E+08,  4.463625548836680E+08, -1.721675714976519E+07,
2451349.859803241, A.D. 1999-Jun-20 08:38:07.0000,  2.919634886398343E+08,  4.473508936193267E+08, -1.736294203955275E+07,
2451350.859803241, A.D. 1999-Jun-21 08:38:07.0000,  2.909408686246120E+08,  4.483363274757273E+08, -1.750901424168962E+07,
2451351.859803241, A.D. 1999-Jun-22 08:38:07.0000,  2.899163663531553E+08,  4.493188545189245E+08, -1.765497298000547E+07,
2451352.859803241, A.D. 1999-Jun-23 08:38:07.0000,  2.888899913217469E+08,  4.502984728472099E+08, -1.780081748175868E+07,
2451353.859803241, A.D. 1999-Jun-24 08:38:07.0000,  2.878617530146847E+08,  4.512751805909836E+08, -1.794654697763085E+07,
2451354.859803241, A.D. 1999-Jun-25 08:38:07.0000,  2.868316609041974E+08,  4.522489759126266E+08, -1.809216070172143E+07,
2451355.859803241, A.D. 1999-Jun-26 08:38:07.0000,  2.857997244503602E+08,  4.532198570063698E+08, -1.823765789154175E+07,
2451356.859803241, A.D. 1999-Jun-27 08:38:07.0000,  2.847659531010089E+08,  4.541878220981642E+08, -1.838303778800905E+07,
2451357.859803241, A.D. 1999-Jun-28 08:38:07.0000,  2.837303562916535E+08,  4.551528694455481E+08, -1.852829963544044E+07,
2451358.859803241, A.D. 1999-Jun-29 08:38:07.0000,  2.826929434453921E+08,  4.561149973375145E+08, -1.867344268154675E+07,
2451359.859803241, A.D. 1999-Jun-30 08:38:07.0000,  2.816537239728243E+08,  4.570742040943770E+08, -1.881846617742622E+07,
2451360.859803241, A.D. 1999-Jul-01 08:38:07.0000,  2.806127072719649E+08,  4.580304880676357E+08, -1.896336937755826E+07,
2451361.859803241, A.D. 1999-Jul-02 08:38:07.0000,  2.795699027281583E+08,  4.589838476398402E+08, -1.910815153979707E+07,
2451362.859803241, A.D. 1999-Jul-03 08:38:07.0000,  2.785253197139932E+08,  4.599342812244547E+08, -1.925281192536524E+07,
2451363.859803241, A.D. 1999-Jul-04 08:38:07.0000,  2.774789675892175E+08,  4.608817872657197E+08, -1.939734979884717E+07,
2451364.859803241, A.D. 1999-Jul-05 08:38:07.0000,  2.764308557006546E+08,  4.618263642385154E+08, -1.954176442818305E+07,
2451365.859803241, A.D. 1999-Jul-06 08:38:07.0000,  2.753809933821204E+08,  4.627680106482226E+08, -1.968605508466202E+07,
2451366.859803241, A.D. 1999-Jul-07 08:38:07.0000,  2.743293899543400E+08,  4.637067250305847E+08, -1.983022104291558E+07,
2451367.859803241, A.D. 1999-Jul-08 08:38:07.0000,  2.732760547248665E+08,  4.646425059515681E+08, -1.997426158091143E+07,
2451368.859803241, A.D. 1999-Jul-09 08:38:07.0000,  2.722209969880004E+08,  4.655753520072231E+08, -2.011817597994643E+07,
2451369.859803241, A.D. 1999-Jul-10 08:38:07.0000,  2.711642260247092E+08,  4.665052618235437E+08, -2.026196352464053E+07,
2451370.859803241, A.D. 1999-Jul-11 08:38:07.0000,  2.701057511025485E+08,  4.674322340563278E+08, -2.040562350292981E+07,
2451371.859803241, A.D. 1999-Jul-12 08:38:07.0000,  2.690455814755840E+08,  4.683562673910355E+08, -2.054915520605975E+07,
2451372.859803241, A.D. 1999-Jul-13 08:38:07.0000,  2.679837263843140E+08,  4.692773605426504E+08, -2.069255792857906E+07,
2451373.859803241, A.D. 1999-Jul-14 08:38:07.0000,  2.669201950555930E+08,  4.701955122555363E+08, -2.083583096833256E+07,
2451374.859803241, A.D. 1999-Jul-15 08:38:07.0000,  2.658549967025561E+08,  4.711107213032974E+08, -2.097897362645465E+07,
2451375.859803241, A.D. 1999-Jul-16 08:38:07.0000,  2.647881405245446E+08,  4.720229864886355E+08, -2.112198520736253E+07,
2451376.859803241, A.D. 1999-Jul-17 08:38:07.0000,  2.637196357070322E+08,  4.729323066432085E+08, -2.126486501874968E+07,
2451377.859803241, A.D. 1999-Jul-18 08:38:07.0000,  2.626494914215518E+08,  4.738386806274876E+08, -2.140761237157881E+07,
2451378.859803241, A.D. 1999-Jul-19 08:38:07.0000,  2.615777168256240E+08,  4.747421073306147E+08, -2.155022658007544E+07,
2451379.859803241, A.D. 1999-Jul-20 08:38:07.0000,  2.605043210626857E+08,  4.756425856702590E+08, -2.169270696172109E+07,
2451380.859803241, A.D. 1999-Jul-21 08:38:07.0000,  2.594293132620201E+08,  4.765401145924729E+08, -2.183505283724642E+07,
2451381.859803241, A.D. 1999-Jul-22 08:38:07.0000,  2.583527025386874E+08,  4.774346930715476E+08, -2.197726353062469E+07,
2451382.859803241, A.D. 1999-Jul-23 08:38:07.0000,  2.572744979934570E+08,  4.783263201098684E+08, -2.211933836906528E+07,
2451383.859803241, A.D. 1999-Jul-24 08:38:07.0000,  2.561947087127397E+08,  4.792149947377675E+08, -2.226127668300673E+07,
2451384.859803241, A.D. 1999-Jul-25 08:38:07.0000,  2.551133437685227E+08,  4.801007160133781E+08, -2.240307780611059E+07,
2451385.859803241, A.D. 1999-Jul-26 08:38:07.0000,  2.540304122183038E+08,  4.809834830224861E+08, -2.254474107525471E+07,
2451386.859803241, A.D. 1999-Jul-27 08:38:07.0000,  2.529459231050294E+08,  4.818632948783811E+08, -2.268626583052728E+07,
2451387.859803241, A.D. 1999-Jul-28 08:38:07.0000,  2.518598854570320E+08,  4.827401507217050E+08, -2.282765141522035E+07,
2451388.859803241, A.D. 1999-Jul-29 08:38:07.0000,  2.507723082879705E+08,  4.836140497203012E+08, -2.296889717582425E+07,
2451389.859803241, A.D. 1999-Jul-30 08:38:07.0000,  2.496832005967732E+08,  4.844849910690601E+08, -2.311000246202156E+07,
2451390.859803241, A.D. 1999-Jul-31 08:38:07.0000,  2.485925713675822E+08,  4.853529739897643E+08, -2.325096662668213E+07,
2451391.859803241, A.D. 1999-Aug-01 08:38:07.0000,  2.475004295697016E+08,  4.862179977309308E+08, -2.339178902585730E+07,
2451392.859803241, A.D. 1999-Aug-02 08:38:07.0000,  2.464067841575494E+08,  4.870800615676523E+08, -2.353246901877594E+07,
2451393.859803241, A.D. 1999-Aug-03 08:38:07.0000,  2.453116440706129E+08,  4.879391648014358E+08, -2.367300596783972E+07,
2451394.859803241, A.D. 1999-Aug-04 08:38:07.0000,  2.442150182334106E+08,  4.887953067600405E+08, -2.381339923861980E+07,
2451395.859803241, A.D. 1999-Aug-05 08:38:07.0000,  2.431169155554585E+08,  4.896484867973129E+08, -2.395364819985330E+07,
2451396.859803241, A.D. 1999-Aug-06 08:38:07.0000,  2.420173449312450E+08,  4.904987042930226E+08, -2.409375222344089E+07,
2451397.859803241, A.D. 1999-Aug-07 08:38:07.0000,  2.409163152402132E+08,  4.913459586526968E+08, -2.423371068444523E+07,
2451398.859803241, A.D. 1999-Aug-08 08:38:07.0000,  2.398138353467530E+08,  4.921902493074568E+08, -2.437352296108982E+07,
2451399.859803241, A.D. 1999-Aug-09 08:38:07.0000,  2.387099141002035E+08,  4.930315757138570E+08, -2.451318843475783E+07,
2451400.859803241, A.D. 1999-Aug-10 08:38:07.0000,  2.376045603348677E+08,  4.938699373537295E+08, -2.465270648999333E+07,
2451401.859803241, A.D. 1999-Aug-11 08:38:07.0000,  2.364977828700385E+08,  4.947053337340363E+08, -2.479207651450077E+07,
2451402.859803241, A.D. 1999-Aug-12 08:38:07.0000,  2.353895905100379E+08,  4.955377643867329E+08, -2.493129789914608E+07,
2451403.859803241, A.D. 1999-Aug-13 08:38:07.0000,  2.342799920442667E+08,  4.963672288686483E+08, -2.507037003795677E+07,
2451404.859803241, A.D. 1999-Aug-14 08:38:07.0000,  2.331689962472641E+08,  4.971937267613837E+08, -2.520929232812142E+07,
2451405.859803241, A.D. 1999-Aug-15 08:38:07.0000,  2.320566118787729E+08,  4.980172576712358E+08, -2.534806416998747E+07,
2451406.859803241, A.D. 1999-Aug-16 08:38:07.0000,  2.309428476838033E+08,  4.988378212291527E+08, -2.548668496705690E+07,
2451407.859803241, A.D. 1999-Aug-17 08:38:07.0000,  2.298277123926924E+08,  4.996554170907103E+08, -2.562515412597820E+07,
2451408.859803241, A.D. 1999-Aug-18 08:38:07.0000,  2.287112147211439E+08,  5.004700449361315E+08, -2.576347105653462E+07,
2451409.859803241, A.D. 1999-Aug-19 08:38:07.0000,  2.275933633702427E+08,  5.012817044703284E+08, -2.590163517162722E+07,
2451410.859803241, A.D. 1999-Aug-20 08:38:07.0000,  2.264741670264322E+08,  5.020903954229680E+08, -2.603964588725281E+07,
2451411.859803241, A.D. 1999-Aug-21 08:38:07.0000,  2.253536343614470E+08,  5.028961175485524E+08, -2.617750262247640E+07,
2451412.859803241, A.D. 1999-Aug-22 08:38:07.0000,  2.242317740321914E+08,  5.036988706264942E+08, -2.631520479939932E+07,
2451413.859803241, A.D. 1999-Aug-23 08:38:07.0000,  2.231085946805695E+08,  5.044986544611787E+08, -2.645275184312347E+07,
2451414.859803241, A.D. 1999-Aug-24 08:38:07.0000,  2.219841049332667E+08,  5.052954688819906E+08, -2.659014318171403E+07,
2451415.859803241, A.D. 1999-Aug-25 08:38:07.0000,  2.208583134014950E+08,  5.060893137432951E+08, -2.672737824616310E+07,
2451416.859803241, A.D. 1999-Aug-26 08:38:07.0000,  2.197312286807167E+08,  5.068801889243608E+08, -2.686445647035512E+07,
2451417.859803241, A.D. 1999-Aug-27 08:38:07.0000,  2.186028593503670E+08,  5.076680943292208E+08, -2.700137729103774E+07,
2451418.859803241, A.D. 1999-Aug-28 08:38:07.0000,  2.174732139735898E+08,  5.084530298864808E+08, -2.713814014779830E+07,
2451419.859803241, A.D. 1999-Aug-29 08:38:07.0000,  2.163423010970058E+08,  5.092349955490732E+08, -2.727474448304719E+07,
2451420.859803241, A.D. 1999-Aug-30 08:38:07.0000,  2.152101292505206E+08,  5.100139912939782E+08, -2.741118974200782E+07,
2451421.859803241, A.D. 1999-Aug-31 08:38:07.0000,  2.140767069471804E+08,  5.107900171219212E+08, -2.754747537271258E+07,
2451422.859803241, A.D. 1999-Sep-01 08:38:07.0000,  2.129420426830761E+08,  5.115630730570657E+08, -2.768360082600415E+07,
2451423.859803241, A.D. 1999-Sep-02 08:38:07.0000,  2.118061449372915E+08,  5.123331591467113E+08, -2.781956555553946E+07,
2451424.859803241, A.D. 1999-Sep-03 08:38:07.0000,  2.106690221718869E+08,  5.131002754610068E+08, -2.795536901779646E+07,
2451425.859803241, A.D. 1999-Sep-04 08:38:07.0000,  2.095306828319139E+08,  5.138644220926849E+08, -2.809101067208177E+07,
2451426.859803241, A.D. 1999-Sep-05 08:38:07.0000,  2.083911353454493E+08,  5.146255991568227E+08, -2.822648998053730E+07,
2451427.859803241, A.D. 1999-Sep-06 08:38:07.0000,  2.072503881236422E+08,  5.153838067906265E+08, -2.836180640814686E+07,
2451428.859803241, A.D. 1999-Sep-07 08:38:07.0000,  2.061084495607667E+08,  5.161390451532420E+08, -2.849695942274094E+07,
2451429.859803241, A.D. 1999-Sep-08 08:38:07.0000,  2.049653280342760E+08,  5.168913144255833E+08, -2.863194849499965E+07,
2451430.859803241, A.D. 1999-Sep-09 08:38:07.0000,  2.038210319048538E+08,  5.176406148101836E+08, -2.876677309845412E+07,
2451431.859803241, A.D. 1999-Sep-10 08:38:07.0000,  2.026755695164600E+08,  5.183869465310585E+08, -2.890143270948586E+07,
2451432.859803241, A.D. 1999-Sep-11 08:38:07.0000,  2.015289491963706E+08,  5.191303098335818E+08, -2.903592680732507E+07,
2451433.859803241, A.D. 1999-Sep-12 08:38:07.0000,  2.003811792552097E+08,  5.198707049843704E+08, -2.917025487404674E+07,
2451434.859803241, A.D. 1999-Sep-13 08:38:07.0000,  1.992322679869745E+08,  5.206081322711758E+08, -2.930441639456636E+07,
2451435.859803241, A.D. 1999-Sep-14 08:38:07.0000,  1.980822236690541E+08,  5.213425920027806E+08, -2.943841085663348E+07,
2451436.859803241, A.D. 1999-Sep-15 08:38:07.0000,  1.969310545622405E+08,  5.220740845088970E+08, -2.957223775082594E+07,
2451437.859803241, A.D. 1999-Sep-16 08:38:07.0000,  1.957787689107358E+08,  5.228026101400689E+08, -2.970589657054183E+07,
2451438.859803241, A.D. 1999-Sep-17 08:38:07.0000,  1.946253749421532E+08,  5.235281692675728E+08, -2.983938681199181E+07,
2451439.859803241, A.D. 1999-Sep-18 08:38:07.0000,  1.934708808675137E+08,  5.242507622833204E+08, -2.997270797419083E+07,
2451440.859803241, A.D. 1999-Sep-19 08:38:07.0000,  1.923152948812410E+08,  5.249703895997611E+08, -3.010585955894953E+07,
2451441.859803241, A.D. 1999-Sep-20 08:38:07.0000,  1.911586251611513E+08,  5.256870516497834E+08, -3.023884107086509E+07,
2451442.859803241, A.D. 1999-Sep-21 08:38:07.0000,  1.900008798684422E+08,  5.264007488866152E+08, -3.037165201731217E+07,
2451443.859803241, A.D. 1999-Sep-22 08:38:07.0000,  1.888420671476795E+08,  5.271114817837244E+08, -3.050429190843377E+07,
2451444.859803241, A.D. 1999-Sep-23 08:38:07.0000,  1.876821951267813E+08,  5.278192508347179E+08, -3.063676025713176E+07,
2451445.859803241, A.D. 1999-Sep-24 08:38:07.0000,  1.865212719170033E+08,  5.285240565532404E+08, -3.076905657905754E+07,
2451446.859803241, A.D. 1999-Sep-25 08:38:07.0000,  1.853593056129211E+08,  5.292258994728713E+08, -3.090118039260259E+07,
2451447.859803241, A.D. 1999-Sep-26 08:38:07.0000,  1.841963042924125E+08,  5.299247801470218E+08, -3.103313121888885E+07,
2451448.859803241, A.D. 1999-Sep-27 08:38:07.0000,  1.830322760166405E+08,  5.306206991488314E+08, -3.116490858175948E+07,
2451449.859803241, A.D. 1999-Sep-28 08:38:07.0000,  1.818672288300336E+08,  5.313136570710624E+08, -3.129651200776905E+07,
2451450.859803241, A.D. 1999-Sep-29 08:38:07.0000,  1.807011707602690E+08,  5.320036545259958E+08, -3.142794102617443E+07,
2451451.859803241, A.D. 1999-Sep-30 08:38:07.0000,  1.795341098182533E+08,  5.326906921453251E+08, -3.155919516892526E+07,
2451452.859803241, A.D. 1999-Oct-01 08:38:07.0000,  1.783660539981046E+08,  5.333747705800501E+08, -3.169027397065428E+07,
2451453.859803241, A.D. 1999-Oct-02 08:38:07.0000,  1.771970112771340E+08,  5.340558905003710E+08, -3.182117696866813E+07,
2451454.859803241, A.D. 1999-Oct-03 08:38:07.0000,  1.760269896158278E+08,  5.347340525955814E+08, -3.195190370293802E+07,
2451455.859803241, A.D. 1999-Oct-04 08:38:07.0000,  1.748559969578297E+08,  5.354092575739608E+08, -3.208245371609026E+07,
2451456.859803241, A.D. 1999-Oct-05 08:38:07.0000,  1.736840412299232E+08,  5.360815061626673E+08, -3.221282655339697E+07,
2451457.859803241, A.D. 1999-Oct-06 08:38:07.0000,  1.725111303420145E+08,  5.367507991076308E+08, -3.234302176276672E+07,
2451458.859803241, A.D. 1999-Oct-07 08:38:07.0000,  1.713372721871149E+08,  5.374171371734438E+08, -3.247303889473528E+07,
2451459.859803241, A.D. 1999-Oct-08 08:38:07.0000,  1.701624746413252E+08,  5.380805211432542E+08, -3.260287750245658E+07,
2451460.859803241, A.D. 1999-Oct-09 08:38:07.0000,  1.689867455638180E+08,  5.387409518186567E+08, -3.273253714169309E+07,
2451461.859803241, A.D. 1999-Oct-10 08:38:07.0000,  1.678100927968225E+08,  5.393984300195847E+08, -3.286201737080693E+07,
2451462.859803241, A.D. 1999-Oct-11 08:38:07.0000,  1.666325241656082E+08,  5.400529565842004E+08, -3.299131775075069E+07,
2451463.859803241, A.D. 1999-Oct-12 08:38:07.0000,  1.654540474784697E+08,  5.407045323687872E+08, -3.312043784505802E+07,
2451464.859803241, A.D. 1999-Oct-13 08:38:07.0000,  1.642746705267113E+08,  5.413531582476392E+08, -3.324937721983504E+07,
2451465.859803241, A.D. 1999-Oct-14 08:38:07.0000,  1.630944010846324E+08,  5.419988351129524E+08, -3.337813544375077E+07,
2451466.859803241, A.D. 1999-Oct-15 08:38:07.0000,  1.619132469095123E+08,  5.426415638747139E+08, -3.350671208802837E+07,
2451467.859803241, A.D. 1999-Oct-16 08:38:07.0000,  1.607312157415968E+08,  5.432813454605922E+08, -3.363510672643629E+07,
2451468.859803241, A.D. 1999-Oct-17 08:38:07.0000,  1.595483153040840E+08,  5.439181808158252E+08, -3.376331893527934E+07,
2451469.859803241, A.D. 1999-Oct-18 08:38:07.0000,  1.583645533031108E+08,  5.445520709031096E+08, -3.389134829338971E+07,
2451470.859803241, A.D. 1999-Oct-19 08:38:07.0000,  1.571799374277401E+08,  5.451830167024875E+08, -3.401919438211828E+07,
2451471.859803241, A.D. 1999-Oct-20 08:38:07.0000,  1.559944753499484E+08,  5.458110192112343E+08, -3.414685678532642E+07,
2451472.859803241, A.D. 1999-Oct-21 08:38:07.0000,  1.548081747246141E+08,  5.464360794437437E+08, -3.427433508937669E+07,
2451473.859803241, A.D. 1999-Oct-22 08:38:07.0000,  1.536210431895061E+08,  5.470581984314132E+08, -3.440162888312539E+07,
2451474.859803241, A.D. 1999-Oct-23 08:38:07.0000,  1.524330883652742E+08,  5.476773772225270E+08, -3.452873775791374E+07,
2451475.859803241, A.D. 1999-Oct-24 08:38:07.0000,  1.512443178554397E+08,  5.482936168821391E+08, -3.465566130756015E+07,
2451476.859803241, A.D. 1999-Oct-25 08:38:07.0000,  1.500547392463881E+08,  5.489069184919531E+08, -3.478239912835246E+07,
2451477.859803241, A.D. 1999-Oct-26 08:38:07.0000,  1.488643601073626E+08,  5.495172831502017E+08, -3.490895081904054E+07,
2451478.859803241, A.D. 1999-Oct-27 08:38:07.0000,  1.476731879904609E+08,  5.501247119715239E+08, -3.503531598082894E+07,
2451479.859803241, A.D. 1999-Oct-28 08:38:07.0000,  1.464812304306335E+08,  5.507292060868400E+08, -3.516149421737042E+07,
2451480.859803241, A.D. 1999-Oct-29 08:38:07.0000,  1.452884949456855E+08,  5.513307666432256E+08, -3.528748513475958E+07,
2451481.859803241, A.D. 1999-Oct-30 08:38:07.0000,  1.440949890362824E+08,  5.519293948037814E+08, -3.541328834152690E+07,
2451482.859803241, A.D. 1999-Oct-31 08:38:07.0000,  1.429007201859606E+08,  5.525250917475052E+08, -3.553890344863361E+07,
2451483.859803241, A.D. 1999-Nov-01 08:38:07.0000,  1.417056958611432E+08,  5.531178586691580E+08, -3.566433006946713E+07,
2451484.859803241, A.D. 1999-Nov-02 08:38:07.0000,  1.405099235111628E+08,  5.537076967791319E+08, -3.578956781983706E+07,
2451485.859803241, A.D. 1999-Nov-03 08:38:07.0000,  1.393134105682921E+08,  5.542946073033178E+08, -3.591461631797218E+07,
2451486.859803241, A.D. 1999-Nov-04 08:38:07.0000,  1.381161644477835E+08,  5.548785914829726E+08, -3.603947518451753E+07,
2451487.859803241, A.D. 1999-Nov-05 08:38:07.0000,  1.369181925479187E+08,  5.554596505745919E+08, -3.616414404253301E+07,
2451488.859803241, A.D. 1999-Nov-06 08:38:07.0000,  1.357195022500701E+08,  5.560377858497846E+08, -3.628862251749220E+07,
2451489.859803241, A.D. 1999-Nov-07 08:38:07.0000,  1.345201009187735E+08,  5.566129985951589E+08, -3.641291023728147E+07,
2451490.859803241, A.D. 1999-Nov-08 08:38:07.0000,  1.333199959018129E+08,  5.571852901122171E+08, -3.653700683219936E+07,
2451491.859803241, A.D. 1999-Nov-09 08:38:07.0000,  1.321191945303155E+08,  5.577546617172673E+08, -3.666091193495578E+07,
2451492.859803241, A.D. 1999-Nov-10 08:38:07.0000,  1.309177041188572E+08,  5.583211147413549E+08, -3.678462518067026E+07,
2451493.859803241, A.D. 1999-Nov-11 08:38:07.0000,  1.297155319655710E+08,  5.588846505302188E+08, -3.690814620686880E+07,
2451494.859803241, A.D. 1999-Nov-12 08:38:07.0000,  1.285126853522564E+08,  5.594452704442744E+08, -3.703147465347812E+07,
2451495.859803241, A.D. 1999-Nov-13 08:38:07.0000,  1.273091715444797E+08,  5.600029758586304E+08, -3.715461016281688E+07,
2451496.859803241, A.D. 1999-Nov-14 08:38:07.0000,  1.261049977916586E+08,  5.605577681631330E+08, -3.727755237958264E+07,
2451497.859803241, A.D. 1999-Nov-15 08:38:07.0000,  1.249001713271177E+08,  5.611096487624428E+08, -3.740030095083416E+07,
2451498.859803241, A.D. 1999-Nov-16 08:38:07.0000,  1.236946993681074E+08,  5.616586190761307E+08, -3.752285552596802E+07,
2451499.859803241, A.D. 1999-Nov-17 08:38:07.0000,  1.224885891157762E+08,  5.622046805387897E+08, -3.764521575669041E+07,
2451500.859803241, A.D. 1999-Nov-18 08:38:07.0000,  1.212818477550909E+08,  5.627478346001394E+08, -3.776738129698408E+07,
2451501.859803241, A.D. 1999-Nov-19 08:38:07.0000,  1.200744824547064E+08,  5.632880827251189E+08, -3.788935180307195E+07,
2451502.859803241, A.D. 1999-Nov-20 08:38:07.0000,  1.188665003667869E+08,  5.638254263939422E+08, -3.801112693337947E+07,
2451503.859803241, A.D. 1999-Nov-21 08:38:07.0000,  1.176579086267907E+08,  5.643598671021075E+08, -3.813270634849706E+07,
2451504.859803241, A.D. 1999-Nov-22 08:38:07.0000,  1.164487143532356E+08,  5.648914063603480E+08, -3.825408971114573E+07,
2451505.859803241, A.D. 1999-Nov-23 08:38:07.0000,  1.152389246474612E+08,  5.654200456945230E+08, -3.837527668614721E+07,
2451506.859803241, A.D. 1999-Nov-24 08:38:07.0000,  1.140285465934061E+08,  5.659457866454513E+08, -3.849626694040039E+07,
2451507.859803241, A.D. 1999-Nov-25 08:38:07.0000,  1.128175872574159E+08,  5.664686307686950E+08, -3.861706014286402E+07,
2451508.859803241, A.D. 1999-Nov-26 08:38:07.0000,  1.116060536880936E+08,  5.669885796343086E+08, -3.873765596454719E+07,
2451509.859803241, A.D. 1999-Nov-27 08:38:07.0000,  1.103939529161959E+08,  5.675056348265666E+08, -3.885805407850459E+07,
2451510.859803241, A.D. 1999-Nov-28 08:38:07.0000,  1.091812919545775E+08,  5.680197979436840E+08, -3.897825415983769E+07,
2451511.859803241, A.D. 1999-Nov-29 08:38:07.0000,  1.079680777981796E+08,  5.685310705975441E+08, -3.909825588569906E+07,
2451512.859803241, A.D. 1999-Nov-30 08:38:07.0000,  1.067543174240534E+08,  5.690394544134409E+08, -3.921805893529835E+07,
2451513.859803241, A.D. 1999-Dec-01 08:38:07.0000,  1.055400177914143E+08,  5.695449510298446E+08, -3.933766298990995E+07,
2451514.859803241, A.D. 1999-Dec-02 08:38:07.0000,  1.043251858417140E+08,  5.700475620981896E+08, -3.945706773287970E+07,
2451515.859803241, A.D. 1999-Dec-03 08:38:07.0000,  1.031098284987260E+08,  5.705472892826897E+08, -3.957627284963128E+07,
2451516.859803241, A.D. 1999-Dec-04 08:38:07.0000,  1.018939526686369E+08,  5.710441342601768E+08, -3.969527802767077E+07,
2451517.859803241, A.D. 1999-Dec-05 08:38:07.0000,  1.006775652401377E+08,  5.715380987199600E+08, -3.981408295658985E+07,
2451518.859803241, A.D. 1999-Dec-06 08:38:07.0000,  9.946067308451237E+07,  5.720291843637036E+08, -3.993268732806674E+07,
2451519.859803241, A.D. 1999-Dec-07 08:38:07.0000,  9.824328305572110E+07,  5.725173929053195E+08, -4.005109083586624E+07,
2451520.859803241, A.D. 1999-Dec-08 08:38:07.0000,  9.702540199047679E+07,  5.730027260708711E+08, -4.016929317583752E+07,
2451521.859803241, A.D. 1999-Dec-09 08:38:07.0000,  9.580703670831394E+07,  5.734851855984868E+08, -4.028729404591069E+07,
2451522.859803241, A.D. 1999-Dec-10 08:38:07.0000,  9.458819401165050E+07,  5.739647732382791E+08, -4.040509314609271E+07,
2451523.859803241, A.D. 1999-Dec-11 08:38:07.0000,  9.336888068584275E+07,  5.744414907522681E+08, -4.052269017846125E+07,
2451524.859803241, A.D. 1999-Dec-12 08:38:07.0000,  9.214910349923316E+07,  5.749153399143093E+08, -4.064008484715876E+07,
2451525.859803241, A.D. 1999-Dec-13 08:38:07.0000,  9.092886920319317E+07,  5.753863225100219E+08, -4.075727685838535E+07,
2451526.859803241, A.D. 1999-Dec-14 08:38:07.0000,  8.970818453216103E+07,  5.758544403367175E+08, -4.087426592039132E+07,
2451527.859803241, A.D. 1999-Dec-15 08:38:07.0000,  8.848705620367447E+07,  5.763196952033305E+08, -4.099105174346918E+07,
2451528.859803241, A.D. 1999-Dec-16 08:38:07.0000,  8.726549091840087E+07,  5.767820889303472E+08, -4.110763403994536E+07,
2451529.859803241, A.D. 1999-Dec-17 08:38:07.0000,  8.604349536016375E+07,  5.772416233497341E+08, -4.122401252417204E+07,
2451530.859803241, A.D. 1999-Dec-18 08:38:07.0000,  8.482107619596699E+07,  5.776983003048663E+08, -4.134018691251823E+07,
2451531.859803241, A.D. 1999-Dec-19 08:38:07.0000,  8.359824007601716E+07,  5.781521216504549E+08, -4.145615692336163E+07,
2451532.859803241, A.D. 1999-Dec-20 08:38:07.0000,  8.237499363374408E+07,  5.786030892524719E+08, -4.157192227707928E+07,
2451533.859803241, A.D. 1999-Dec-21 08:38:07.0000,  8.115134348582035E+07,  5.790512049880774E+08, -4.168748269603923E+07,
2451534.859803241, A.D. 1999-Dec-22 08:38:07.0000,  7.992729623217982E+07,  5.794964707455424E+08, -4.180283790459198E+07,
2451535.859803241, A.D. 1999-Dec-23 08:38:07.0000,  7.870285845603532E+07,  5.799388884241730E+08, -4.191798762906101E+07,
2451536.859803241, A.D. 1999-Dec-24 08:38:07.0000,  7.747803672389615E+07,  5.803784599342339E+08, -4.203293159773502E+07,
2451537.859803241, A.D. 1999-Dec-25 08:38:07.0000,  7.625283758558477E+07,  5.808151871968696E+08, -4.214766954085845E+07,
2451538.859803241, A.D. 1999-Dec-26 08:38:07.0000,  7.502726757425375E+07,  5.812490721440272E+08, -4.226220119062349E+07,
2451539.859803241, A.D. 1999-Dec-27 08:38:07.0000,  7.380133320640232E+07,  5.816801167183763E+08, -4.237652628116116E+07,
2451540.859803241, A.D. 1999-Dec-28 08:38:07.0000,  7.257504098189297E+07,  5.821083228732311E+08, -4.249064454853320E+07,
2451541.859803241, A.D. 1999-Dec-29 08:38:07.0000,  7.134839738396814E+07,  5.825336925724695E+08, -4.260455573072305E+07,
2451542.859803241, A.D. 1999-Dec-30 08:38:07.0000,  7.012140887926698E+07,  5.829562277904538E+08, -4.271825956762818E+07,
