JDTDB,Calendar Date (TDB),X,Y,Z,
2451017.974259259, A.D. 1998-Jul-23 11:22:56.0000,  4.673954145768579E+08,  2.868450773325535E+07,  8.037324396897346E+07,
2451018.974259259, A.D. 1998-Jul-24 11:22:56.0000,  4.673430193616789E+08,  3.013368544717408E+07,  8.026440006540912E+07,
2451019.974259259, A.D. 1998-Jul-25 11:22:56.0000,  4.672863128540775E+08,  3.158258058750089E+07,  8.015481240256919E+07,
2451020.974259259, A.D. 1998-Jul-26 11:22:56.0000,  4.672252961055472E+08,  3.303117980978030E+07,  8.004448209523109E+07,
2451021.974259259, A.D. 1998-Jul-27 11:22:56.0000,  4.671599702090428E+08,  3.447946977589653E+07,  7.993341026506701E+07,
2451022.974259259, A.D. 1998-Jul-28 11:22:56.0000,  4.670903362989405E+08,  3.592743715421283E+07,  7.982159804062831E+07,
2451023.974259259, A.D. 1998-Jul-29 11:22:56.0000,  4.670163955509963E+08,  3.737506861970997E+07,  7.970904655733010E+07,
2451024.974259259, A.D. 1998-Jul-30 11:22:56.0000,  4.669381491823044E+08,  3.882235085412372E+07,  7.959575695743549E+07,
2451025.974259259, A.D. 1998-Jul-31 11:22:56.0000,  4.668555984512547E+08,  4.026927054608133E+07,  7.948173039003985E+07,
2451026.974259259, A.D. 1998-Aug-01 11:22:56.0000,  4.667687446574897E+08,  4.171581439123702E+07,  7.936696801105505E+07,
2451027.974259259, A.D. 1998-Aug-02 11:22:56.0000,  4.666775891418612E+08,  4.316196909240624E+07,  7.925147098319334E+07,
2451028.974259259, A.D. 1998-Aug-03 11:22:56.0000,  4.665821332863854E+08,  4.460772135969894E+07,  7.913524047595146E+07,
2451029.974259259, A.D. 1998-Aug-04 11:22:56.0000,  4.664823785141984E+08,  4.605305791065128E+07,  7.901827766559422E+07,
2451030.974259259, A.D. 1998-Aug-05 11:22:56.0000,  4.663783262895116E+08,  4.749796547035627E+07,  7.890058373513824E+07,
2451031.974259259, A.D. 1998-Aug-06 11:22:56.0000,  4.662699781175650E+08,  4.894243077159274E+07,  7.878215987433551E+07,
2451032.974259259, A.D. 1998-Aug-07 11:22:56.0000,  4.661573355445822E+08,  5.038644055495273E+07,  7.866300727965654E+07,
2451033.974259259, A.D. 1998-Aug-08 11:22:56.0000,  4.660404001577240E+08,  5.182998156896720E+07,  7.854312715427354E+07,
2451034.974259259, A.D. 1998-Aug-09 11:22:56.0000,  4.659191735850422E+08,  5.327304057022981E+07,  7.842252070804335E+07,
2451035.974259259, A.D. 1998-Aug-10 11:22:56.0000,  4.657936574954343E+08,  5.471560432351867E+07,  7.830118915748997E+07,
2451036.974259259, A.D. 1998-Aug-11 11:22:56.0000,  4.656638535985976E+08,  5.615765960191588E+07,  7.817913372578698E+07,
2451037.974259259, A.D. 1998-Aug-12 11:22:56.0000,  4.655297636449851E+08,  5.759919318692474E+07,  7.805635564273953E+07,
2451038.974259259, A.D. 1998-Aug-13 11:22:56.0000,  4.653913894257618E+08,  5.904019186858463E+07,  7.793285614476599E+07,
2451039.974259259, A.D. 1998-Aug-14 11:22:56.0000,  4.652487327727634E+08,  6.048064244558284E+07,  7.780863647487903E+07,
2451040.974259259, A.D. 1998-Aug-15 11:22:56.0000,  4.651017955584567E+08,  6.192053172536435E+07,  7.768369788266644E+07,
2451041.974259259, A.D. 1998-Aug-16 11:22:56.0000,  4.649505796959035E+08,  6.335984652423868E+07,  7.755804162427135E+07,
2451042.974259259, A.D. 1998-Aug-17 11:22:56.0000,  4.647950871387279E+08,  6.479857366748426E+07,  7.743166896237151E+07,
2451043.974259259, A.D. 1998-Aug-18 11:22:56.0000,  4.646353198810886E+08,  6.623669998945064E+07,  7.730458116615850E+07,
2451044.974259259, A.D. 1998-Aug-19 11:22:56.0000,  4.644712799576566E+08,  6.767421233365929E+07,  7.717677951131558E+07,
2451045.974259259, A.D. 1998-Aug-20 11:22:56.0000,  4.643029694436010E+08,  6.911109755290332E+07,  7.704826527999523E+07,
2451046.974259259, A.D. 1998-Aug-21 11:22:56.0000,  4.641303904545813E+08,  7.054734250934783E+07,  7.691903976079553E+07,
2451047.974259259, A.D. 1998-Aug-22 11:22:56.0000,  4.639535451467521E+08,  7.198293407463194E+07,  7.678910424873650E+07,
2451048.974259259, A.D. 1998-Aug-23 11:22:56.0000,  4.637724357167730E+08,  7.341785912997621E+07,  7.665846004523449E+07,
2451049.974259259, A.D. 1998-Aug-24 11:22:56.0000,  4.635870644018348E+08,  7.485210456629598E+07,  7.652710845807745E+07,
2451050.974259259, A.D. 1998-Aug-25 11:22:56.0000,  4.633974334796942E+08,  7.628565728432618E+07,  7.639505080139926E+07,
2451051.974259259, A.D. 1998-Aug-26 11:22:56.0000,  4.632035452687185E+08,  7.771850419476047E+07,  7.626228839565438E+07,
2451052.974259259, A.D. 1998-Aug-27 11:22:56.0000,  4.630054021279397E+08,  7.915063221840964E+07,  7.612882256759322E+07,
2451053.974259259, A.D. 1998-Aug-28 11:22:56.0000,  4.628030064571116E+08,  8.058202828638396E+07,  7.599465465023917E+07,
2451054.974259259, A.D. 1998-Aug-29 11:22:56.0000,  4.625963606967663E+08,  8.201267934030217E+07,  7.585978598286766E+07,
2451055.974259259, A.D. 1998-Aug-30 11:22:56.0000,  4.623854673282636E+08,  8.344257233253112E+07,  7.572421791098842E+07,
2451056.974259259, A.D. 1998-Aug-31 11:22:56.0000,  4.621703288738199E+08,  8.487169422645625E+07,  7.558795178633198E+07,
2451057.974259259, A.D. 1998-Sep-01 11:22:56.0000,  4.619509478965126E+08,  8.630003199677977E+07,  7.545098896684100E+07,
2451058.974259259, A.D. 1998-Sep-02 11:22:56.0000,  4.617273270002425E+08,  8.772757262984073E+07,  7.531333081666602E+07,
2451059.974259259, A.D. 1998-Sep-03 11:22:56.0000,  4.614994688296553E+08,  8.915430312394878E+07,  7.517497870616803E+07,
2451060.974259259, A.D. 1998-Sep-04 11:22:56.0000,  4.612673760700045E+08,  9.058021048971328E+07,  7.503593401192400E+07,
2451061.974259259, A.D. 1998-Sep-05 11:22:56.0000,  4.610310514469652E+08,  9.200528175035682E+07,  7.489619811673667E+07,
2451062.974259259, A.D. 1998-Sep-06 11:22:56.0000,  4.607904977263997E+08,  9.342950394199499E+07,  7.475577240964572E+07,
2451063.974259259, A.D. 1998-Sep-07 11:22:56.0000,  4.605457177140846E+08,  9.485286411386731E+07,  7.461465828593846E+07,
2451064.974259259, A.D. 1998-Sep-08 11:22:56.0000,  4.602967142554153E+08,  9.627534932851057E+07,  7.447285714715780E+07,
2451065.974259259, A.D. 1998-Sep-09 11:22:56.0000,  4.600434902351086E+08,  9.769694666187131E+07,  7.433037040110548E+07,
2451066.974259259, A.D. 1998-Sep-10 11:22:56.0000,  4.597860485769178E+08,  9.911764320335999E+07,  7.418719946183921E+07,
2451067.974259259, A.D. 1998-Sep-11 11:22:56.0000,  4.595243922433780E+08,  1.005374260558551E+08,  7.404334574966294E+07,
2451068.974259259, A.D. 1998-Sep-12 11:22:56.0000,  4.592585242355909E+08,  1.019562823356700E+08,  7.389881069111060E+07,
2451069.974259259, A.D. 1998-Sep-13 11:22:56.0000,  4.589884475930567E+08,  1.033741991724971E+08,  7.375359571892340E+07,
2451070.974259259, A.D. 1998-Sep-14 11:22:56.0000,  4.587141653935530E+08,  1.047911637093448E+08,  7.360770227202234E+07,
2451071.974259259, A.D. 1998-Sep-15 11:22:56.0000,  4.584356807530569E+08,  1.062071631024812E+08,  7.346113179547702E+07,
2451072.974259259, A.D. 1998-Sep-16 11:22:56.0000,  4.581529968257024E+08,  1.076221845213886E+08,  7.331388574047247E+07,
2451073.974259259, A.D. 1998-Sep-17 11:22:56.0000,  4.578661168037661E+08,  1.090362151487419E+08,  7.316596556427473E+07,
2451074.974259259, A.D. 1998-Sep-18 11:22:56.0000,  4.575750439176746E+08,  1.104492421804103E+08,  7.301737273019683E+07,
2451075.974259259, A.D. 1998-Sep-19 11:22:56.0000,  4.572797814360207E+08,  1.118612528254829E+08,  7.286810870756561E+07,
2451076.974259259, A.D. 1998-Sep-20 11:22:56.0000,  4.569803326655867E+08,  1.132722343063183E+08,  7.271817497168958E+07,
2451077.974259259, A.D. 1998-Sep-21 11:22:56.0000,  4.566767009513677E+08,  1.146821738586143E+08,  7.256757300382887E+07,
2451078.974259259, A.D. 1998-Sep-22 11:22:56.0000,  4.563688896765906E+08,  1.160910587314951E+08,  7.241630429116660E+07,
2451079.974259259, A.D. 1998-Sep-23 11:22:56.0000,  4.560569022627275E+08,  1.174988761876137E+08,  7.226437032678194E+07,
2451080.974259259, A.D. 1998-Sep-24 11:22:56.0000,  4.557407421695021E+08,  1.189056135032640E+08,  7.211177260962480E+07,
2451081.974259259, A.D. 1998-Sep-25 11:22:56.0000,  4.554204128948874E+08,  1.203112579685022E+08,  7.195851264449191E+07,
2451082.974259259, A.D. 1998-Sep-26 11:22:56.0000,  4.550959179750957E+08,  1.217157968872736E+08,  7.180459194200370E+07,
2451083.974259259, A.D. 1998-Sep-27 11:22:56.0000,  4.547672609845607E+08,  1.231192175775435E+08,  7.165001201858287E+07,
2451084.974259259, A.D. 1998-Sep-28 11:22:56.0000,  4.544344455359130E+08,  1.245215073714304E+08,  7.149477439643291E+07,
2451085.974259259, A.D. 1998-Sep-29 11:22:56.0000,  4.540974752799484E+08,  1.259226536153401E+08,  7.133888060351805E+07,
2451086.974259259, A.D. 1998-Sep-30 11:22:56.0000,  4.537563539055912E+08,  1.273226436701002E+08,  7.118233217354295E+07,
2451087.974259259, A.D. 1998-Oct-01 11:22:56.0000,  4.534110851398521E+08,  1.287214649110941E+08,  7.102513064593342E+07,
2451088.974259259, A.D. 1998-Oct-02 11:22:56.0000,  4.530616727477822E+08,  1.301191047283942E+08,  7.086727756581697E+07,
2451089.974259259, A.D. 1998-Oct-03 11:22:56.0000,  4.527081205324230E+08,  1.315155505268931E+08,  7.070877448400368E+07,
2451090.974259259, A.D. 1998-Oct-04 11:22:56.0000,  4.523504323347530E+08,  1.329107897264350E+08,  7.054962295696726E+07,
2451091.974259259, A.D. 1998-Oct-05 11:22:56.0000,  4.519886120336328E+08,  1.343048097619435E+08,  7.038982454682618E+07,
2451092.974259259, A.D. 1998-Oct-06 11:22:56.0000,  4.516226635457464E+08,  1.356975980835498E+08,  7.022938082132459E+07,
2451093.974259259, A.D. 1998-Oct-07 11:22:56.0000,  4.512525908255422E+08,  1.370891421567177E+08,  7.006829335381360E+07,
2451094.974259259, A.D. 1998-Oct-08 11:22:56.0000,  4.508783978651707E+08,  1.384794294623685E+08,  6.990656372323230E+07,
2451095.974259259, A.D. 1998-Oct-09 11:22:56.0000,  4.505000886944227E+08,  1.398684474970033E+08,  6.974419351408881E+07,
2451096.974259259, A.D. 1998-Oct-10 11:22:56.0000,  4.501176673806650E+08,  1.412561837728245E+08,  6.958118431644118E+07,
2451097.974259259, A.D. 1998-Oct-11 11:22:56.0000,  4.497311380287753E+08,  1.426426258178560E+08,  6.941753772587834E+07,
2451098.974259259, A.D. 1998-Oct-12 11:22:56.0000,  4.493405047810767E+08,  1.440277611760620E+08,  6.925325534350109E+07,
2451099.974259259, A.D. 1998-Oct-13 11:22:56.0000,  4.489457718172715E+08,  1.454115774074643E+08,  6.908833877590266E+07,
2451100.974259259, A.D. 1998-Oct-14 11:22:56.0000,  4.485469433543738E+08,  1.467940620882591E+08,  6.892278963514945E+07,
2451101.974259259, A.D. 1998-Oct-15 11:22:56.0000,  4.481440236466420E+08,  1.481752028109325E+08,  6.875660953876171E+07,
2451102.974259259, A.D. 1998-Oct-16 11:22:56.0000,  4.477370169855102E+08,  1.495549871843746E+08,  6.858980010969406E+07,
2451103.974259259, A.D. 1998-Oct-17 11:22:56.0000,  4.473259276995205E+08,  1.509334028339936E+08,  6.842236297631583E+07,
2451104.974259259, A.D. 1998-Oct-18 11:22:56.0000,  4.469107601542526E+08,  1.523104374018275E+08,  6.825429977239154E+07,
2451105.974259259, A.D. 1998-Oct-19 11:22:56.0000,  4.464915187522552E+08,  1.536860785466566E+08,  6.808561213706118E+07,
2451106.974259259, A.D. 1998-Oct-20 11:22:56.0000,  4.460682079329758E+08,  1.550603139441140E+08,  6.791630171482044E+07,
2451107.974259259, A.D. 1998-Oct-21 11:22:56.0000,  4.456408321726903E+08,  1.564331312867954E+08,  6.774637015550074E+07,
2451108.974259259, A.D. 1998-Oct-22 11:22:56.0000,  4.452093959844324E+08,  1.578045182843688E+08,  6.757581911424938E+07,
2451109.974259259, A.D. 1998-Oct-23 11:22:56.0000,  4.447739039179221E+08,  1.591744626636821E+08,  6.740465025150958E+07,
2451110.974259259, A.D. 1998-Oct-24 11:22:56.0000,  4.443343605594949E+08,  1.605429521688713E+08,  6.723286523300031E+07,
2451111.974259259, A.D. 1998-Oct-25 11:22:56.0000,  4.438907705320296E+08,  1.619099745614666E+08,  6.706046572969610E+07,
2451112.974259259, A.D. 1998-Oct-26 11:22:56.0000,  4.434431384948762E+08,  1.632755176204983E+08,  6.688745341780685E+07,
2451113.974259259, A.D. 1998-Oct-27 11:22:56.0000,  4.429914691437833E+08,  1.646395691426017E+08,  6.671382997875753E+07,
2451114.974259259, A.D. 1998-Oct-28 11:22:56.0000,  4.425357672108252E+08,  1.660021169421211E+08,  6.653959709916763E+07,
2451115.974259259, A.D. 1998-Oct-29 11:22:56.0000,  4.420760374643294E+08,  1.673631488512123E+08,  6.636475647083077E+07,
2451116.974259259, A.D. 1998-Oct-30 11:22:56.0000,  4.416122847088021E+08,  1.687226527199445E+08,  6.618930979069400E+07,
2451117.974259259, A.D. 1998-Oct-31 11:22:56.0000,  4.411445137848555E+08,  1.700806164164008E+08,  6.601325876083717E+07,
2451118.974259259, A.D. 1998-Nov-01 11:22:56.0000,  4.406727295691333E+08,  1.714370278267779E+08,  6.583660508845197E+07,
2451119.974259259, A.D. 1998-Nov-02 11:22:56.0000,  4.401969369742372E+08,  1.727918748554836E+08,  6.565935048582104E+07,
2451120.974259259, A.D. 1998-Nov-03 11:22:56.0000,  4.397171409486527E+08,  1.741451454252333E+08,  6.548149667029679E+07,
2451121.974259259, A.D. 1998-Nov-04 11:22:56.0000,  4.392333464766751E+08,  1.754968274771453E+08,  6.530304536427999E+07,
2451122.974259259, A.D. 1998-Nov-05 11:22:56.0000,  4.387455585783363E+08,  1.768469089708332E+08,  6.512399829519849E+07,
2451123.974259259, A.D. 1998-Nov-06 11:22:56.0000,  4.382537823093312E+08,  1.781953778844978E+08,  6.494435719548516E+07,
2451124.974259259, A.D. 1998-Nov-07 11:22:56.0000,  4.377580227609457E+08,  1.795422222150155E+08,  6.476412380255616E+07,
2451125.974259259, A.D. 1998-Nov-08 11:22:56.0000,  4.372582850599852E+08,  1.808874299780261E+08,  6.458329985878851E+07,
2451126.974259259, A.D. 1998-Nov-09 11:22:56.0000,  4.367545743687043E+08,  1.822309892080163E+08,  6.440188711149731E+07,
2451127.974259259, A.D. 1998-Nov-10 11:22:56.0000,  4.362468958847397E+08,  1.835728879584030E+08,  6.421988731291281E+07,
2451128.974259259, A.D. 1998-Nov-11 11:22:56.0000,  4.357352548410439E+08,  1.849131143016120E+08,  6.403730222015684E+07,
2451129.974259259, A.D. 1998-Nov-12 11:22:56.0000,  4.352196565058233E+08,  1.862516563291558E+08,  6.385413359521871E+07,
2451130.974259259, A.D. 1998-Nov-13 11:22:56.0000,  4.347001061824801E+08,  1.875885021517085E+08,  6.367038320493057E+07,
2451131.974259259, A.D. 1998-Nov-14 11:22:56.0000,  4.341766092095587E+08,  1.889236398991783E+08,  6.348605282094213E+07,
2451132.974259259, A.D. 1998-Nov-15 11:22:56.0000,  4.336491709606993E+08,  1.902570577207796E+08,  6.330114421969471E+07,
2451133.974259259, A.D. 1998-Nov-16 11:22:56.0000,  4.331177968445970E+08,  1.915887437851035E+08,  6.311565918239442E+07,
2451134.974259259, A.D. 1998-Nov-17 11:22:56.0000,  4.325824923049716E+08,  1.929186862801893E+08,  6.292959949498475E+07,
2451135.974259259, A.D. 1998-Nov-18 11:22:56.0000,  4.320432628205441E+08,  1.942468734135989E+08,  6.274296694811846E+07,
2451136.974259259, A.D. 1998-Nov-19 11:22:56.0000,  4.315001139050269E+08,  1.955732934124946E+08,  6.255576333712860E+07,
2451137.974259259, A.D. 1998-Nov-20 11:22:56.0000,  4.309530511071230E+08,  1.968979345237255E+08,  6.236799046199937E+07,
2451138.974259259, A.D. 1998-Nov-21 11:22:56.0000,  4.304020800105367E+08,  1.982207850139240E+08,  6.217965012733676E+07,
2451139.974259259, A.D. 1998-Nov-22 11:22:56.0000,  4.298472062339953E+08,  1.995418331696183E+08,  6.199074414233937E+07,
2451140.974259259, A.D. 1998-Nov-23 11:22:56.0000,  4.292884354312786E+08,  2.008610672973627E+08,  6.180127432077006E+07,
2451141.974259259, A.D. 1998-Nov-24 11:22:56.0000,  4.287257732912532E+08,  2.021784757238936E+08,  6.161124248092904E+07,
2451142.974259259, A.D. 1998-Nov-25 11:22:56.0000,  4.281592255379040E+08,  2.034940467963120E+08,  6.142065044562959E+07,
2451143.974259259, A.D. 1998-Nov-26 11:22:56.0000,  4.275887979303594E+08,  2.048077688822964E+08,  6.122950004217661E+07,
2451144.974259259, A.D. 1998-Nov-27 11:22:56.0000,  4.270144962628971E+08,  2.061196303703473E+08,  6.103779310234971E+07,
2451145.974259259, A.D. 1998-Nov-28 11:22:56.0000,  4.264363263649231E+08,  2.074296196700587E+08,  6.084553146239068E+07,
2451146.974259259, A.D. 1998-Nov-29 11:22:56.0000,  4.258542941009104E+08,  2.087377252124126E+08,  6.065271696299668E+07,
2451147.974259259, A.D. 1998-Nov-30 11:22:56.0000,  4.252684053702928E+08,  2.100439354500845E+08,  6.045935144931848E+07,
2451148.974259259, A.D. 1998-Dec-01 11:22:56.0000,  4.246786661073061E+08,  2.113482388577473E+08,  6.026543677096315E+07,
2451149.974259259, A.D. 1998-Dec-02 11:22:56.0000,  4.240850822807753E+08,  2.126506239323565E+08,  6.007097478200032E+07,
2451150.974259259, A.D. 1998-Dec-03 11:22:56.0000,  4.234876598938563E+08,  2.139510791934024E+08,  5.987596734097010E+07,
2451151.974259259, A.D. 1998-Dec-04 11:22:56.0000,  4.228864049837368E+08,  2.152495931831129E+08,  5.968041631088993E+07,
2451152.974259259, A.D. 1998-Dec-05 11:22:56.0000,  4.222813236213204E+08,  2.165461544665993E+08,  5.948432355925947E+07,
2451153.974259259, A.D. 1998-Dec-06 11:22:56.0000,  4.216724219109045E+08,  2.178407516319410E+08,  5.928769095806007E+07,
2451154.974259259, A.D. 1998-Dec-07 11:22:56.0000,  4.210597059898722E+08,  2.191333732902117E+08,  5.909052038374864E+07,
2451155.974259259, A.D. 1998-Dec-08 11:22:56.0000,  4.204431820284165E+08,  2.204240080754560E+08,  5.889281371724421E+07,
2451156.974259259, A.D. 1998-Dec-09 11:22:56.0000,  4.198228562293038E+08,  2.217126446446304E+08,  5.869457284390867E+07,
2451157.974259259, A.D. 1998-Dec-10 11:22:56.0000,  4.191987348276834E+08,  2.229992716775220E+08,  5.849579965352015E+07,
2451158.974259259, A.D. 1998-Dec-11 11:22:56.0000,  4.185708240909457E+08,  2.242838778766596E+08,  5.829649604024288E+07,
2451159.974259259, A.D. 1998-Dec-12 11:22:56.0000,  4.179391303186211E+08,  2.255664519672314E+08,  5.809666390259254E+07,
2451160.974259259, A.D. 1998-Dec-13 11:22:56.0000,  4.173036598423167E+08,  2.268469826970173E+08,  5.789630514340003E+07,
2451161.974259259, A.D. 1998-Dec-14 11:22:56.0000,  4.166644190256801E+08,  2.281254588363416E+08,  5.769542166977420E+07,
2451162.974259259, A.D. 1998-Dec-15 11:22:56.0000,  4.160214142643826E+08,  2.294018691780508E+08,  5.749401539306492E+07,
2451163.974259259, A.D. 1998-Dec-16 11:22:56.0000,  4.153746519861146E+08,  2.306762025375153E+08,  5.729208822882684E+07,
2451164.974259259, A.D. 1998-Dec-17 11:22:56.0000,  4.147241386505846E+08,  2.319484477526547E+08,  5.708964209678479E+07,
2451165.974259259, A.D. 1998-Dec-18 11:22:56.0000,  4.140698807495203E+08,  2.332185936839841E+08,  5.688667892080076E+07,
2451166.974259259, A.D. 1998-Dec-19 11:22:56.0000,  4.134118848066643E+08,  2.344866292146772E+08,  5.668320062884270E+07,
2451167.974259259, A.D. 1998-Dec-20 11:22:56.0000,  4.127501573777646E+08,  2.357525432506438E+08,  5.647920915295492E+07,
2451168.974259259, A.D. 1998-Dec-21 11:22:56.0000,  4.120847050505568E+08,  2.370163247206191E+08,  5.627470642923030E+07,
2451169.974259259, A.D. 1998-Dec-22 11:22:56.0000,  4.114155344447402E+08,  2.382779625762600E+08,  5.606969439778361E+07,
2451170.974259259, A.D. 1998-Dec-23 11:22:56.0000,  4.107426522119420E+08,  2.395374457922482E+08,  5.586417500272591E+07,
2451171.974259259, A.D. 1998-Dec-24 11:22:56.0000,  4.100660650356793E+08,  2.407947633663971E+08,  5.565815019214094E+07,
2451172.974259259, A.D. 1998-Dec-25 11:22:56.0000,  4.093857796313088E+08,  2.420499043197604E+08,  5.545162191806087E+07,
2451173.974259259, A.D. 1998-Dec-26 11:22:56.0000,  4.087018027459732E+08,  2.433028576967427E+08,  5.524459213644393E+07,
2451174.974259259, A.D. 1998-Dec-27 11:22:56.0000,  4.080141411585405E+08,  2.445536125652095E+08,  5.503706280715209E+07,
2451175.974259259, A.D. 1998-Dec-28 11:22:56.0000,  4.073228016795388E+08,  2.458021580165973E+08,  5.482903589392899E+07,
2451176.974259259, A.D. 1998-Dec-29 11:22:56.0000,  4.066277911510875E+08,  2.470484831660226E+08,  5.462051336437848E+07,
2451177.974259259, A.D. 1998-Dec-30 11:22:56.0000,  4.059291164468229E+08,  2.482925771523894E+08,  5.441149718994358E+07,
2451178.974259259, A.D. 1998-Dec-31 11:22:56.0000,  4.052267844718232E+08,  2.495344291384957E+08,  5.420198934588492E+07,
2451179.974259259, A.D. 1999-Jan-01 11:22:56.0000,  4.045208021625281E+08,  2.507740283111388E+08,  5.399199181125997E+07,
2451180.974259259, A.D. 1999-Jan-02 11:22:56.0000,  4.038111764866588E+08,  2.520113638812177E+08,  5.378150656890184E+07,
2451181.974259259, A.D. 1999-Jan-03 11:22:56.0000,  4.030979144431341E+08,  2.532464250838357E+08,  5.357053560539882E+07,
2451182.974259259, A.D. 1999-Jan-04 11:22:56.0000,  4.023810230619860E+08,  2.544792011783998E+08,  5.335908091107301E+07,
2451183.974259259, A.D. 1999-Jan-05 11:22:56.0000,  4.016605094042734E+08,  2.557096814487204E+08,  5.314714447995980E+07,
2451184.974259259, A.D. 1999-Jan-06 11:22:56.0000,  4.009363805619950E+08,  2.569378552031078E+08,  5.293472830978692E+07,
2451185.974259259, A.D. 1999-Jan-07 11:22:56.0000,  4.002086436580006E+08,  2.581637117744686E+08,  5.272183440195319E+07,
2451186.974259259, A.D. 1999-Jan-08 11:22:56.0000,  3.994773058459027E+08,  2.593872405204004E+08,  5.250846476150815E+07,
2451187.974259259, A.D. 1999-Jan-09 11:22:56.0000,  3.987423743099857E+08,  2.606084308232854E+08,  5.229462139713097E+07,
2451188.974259259, A.D. 1999-Jan-10 11:22:56.0000,  3.980038562651159E+08,  2.618272720903823E+08,  5.208030632110904E+07,
2451189.974259259, A.D. 1999-Jan-11 11:22:56.0000,  3.972617589566501E+08,  2.630437537539184E+08,  5.186552154931751E+07,
2451190.974259259, A.D. 1999-Jan-12 11:22:56.0000,  3.965160896603442E+08,  2.642578652711789E+08,  5.165026910119814E+07,
2451191.974259259, A.D. 1999-Jan-13 11:22:56.0000,  3.957668556822606E+08,  2.654695961245968E+08,  5.143455099973769E+07,
2451192.974259259, A.D. 1999-Jan-14 11:22:56.0000,  3.950140643586757E+08,  2.666789358218409E+08,  5.121836927144797E+07,
2451193.974259259, A.D. 1999-Jan-15 11:22:56.0000,  3.942577230559869E+08,  2.678858738959033E+08,  5.100172594634335E+07,
2451194.974259259, A.D. 1999-Jan-16 11:22:56.0000,  3.934978391706190E+08,  2.690903999051855E+08,  5.078462305792068E+07,
2451195.974259259, A.D. 1999-Jan-17 11:22:56.0000,  3.927344201289301E+08,  2.702925034335839E+08,  5.056706264313762E+07,
2451196.974259259, A.D. 1999-Jan-18 11:22:56.0000,  3.919674733871177E+08,  2.714921740905749E+08,  5.034904674239136E+07,
2451197.974259259, A.D. 1999-Jan-19 11:22:56.0000,  3.911970064311239E+08,  2.726894015112978E+08,  5.013057739949778E+07,
2451198.974259259, A.D. 1999-Jan-20 11:22:56.0000,  3.904230267765402E+08,  2.738841753566383E+08,  4.991165666166961E+07,
2451199.974259259, A.D. 1999-Jan-21 11:22:56.0000,  3.896455419685120E+08,  2.750764853133098E+08,  4.969228657949570E+07,
2451200.974259259, A.D. 1999-Jan-22 11:22:56.0000,  3.888645595816435E+08,  2.762663210939344E+08,  4.947246920691924E+07,
2451201.974259259, A.D. 1999-Jan-23 11:22:56.0000,  3.880800872199006E+08,  2.774536724371225E+08,  4.925220660121655E+07,
2451202.974259259, A.D. 1999-Jan-24 11:22:56.0000,  3.872921325165157E+08,  2.786385291075518E+08,  4.903150082297572E+07,
2451203.974259259, A.D. 1999-Jan-25 11:22:56.0000,  3.865007031338902E+08,  2.798208808960450E+08,  4.881035393607502E+07,
2451204.974259259, A.D. 1999-Jan-26 11:22:56.0000,  3.857058067634969E+08,  2.810007176196460E+08,  4.858876800766134E+07,
2451205.974259259, A.D. 1999-Jan-27 11:22:56.0000,  3.849074511257846E+08,  2.821780291216950E+08,  4.836674510812856E+07,
2451206.974259259, A.D. 1999-Jan-28 11:22:56.0000,  3.841056439700791E+08,  2.833528052719024E+08,  4.814428731109616E+07,
2451207.974259259, A.D. 1999-Jan-29 11:22:56.0000,  3.833003930744866E+08,  2.845250359664210E+08,  4.792139669338690E+07,
2451208.974259259, A.D. 1999-Jan-30 11:22:56.0000,  3.824917062457955E+08,  2.856947111279167E+08,  4.769807533500540E+07,
2451209.974259259, A.D. 1999-Jan-31 11:22:56.0000,  3.816795913193802E+08,  2.868618207056371E+08,  4.747432531911577E+07,
2451210.974259259, A.D. 1999-Feb-01 11:22:56.0000,  3.808640561591025E+08,  2.880263546754791E+08,  4.725014873201956E+07,
2451211.974259259, A.D. 1999-Feb-02 11:22:56.0000,  3.800451086572168E+08,  2.891883030400531E+08,  4.702554766313326E+07,
2451212.974259259, A.D. 1999-Feb-03 11:22:56.0000,  3.792227567342727E+08,  2.903476558287464E+08,  4.680052420496589E+07,
2451213.974259259, A.D. 1999-Feb-04 11:22:56.0000,  3.783970083390214E+08,  2.915044030977833E+08,  4.657508045309563E+07,
2451214.974259259, A.D. 1999-Feb-05 11:22:56.0000,  3.775678714483216E+08,  2.926585349302828E+08,  4.634921850614698E+07,
2451215.974259259, A.D. 1999-Feb-06 11:22:56.0000,  3.767353540670493E+08,  2.938100414363145E+08,  4.612294046576704E+07,
2451216.974259259, A.D. 1999-Feb-07 11:22:56.0000,  3.758994642280082E+08,  2.949589127529507E+08,  4.589624843660131E+07,
2451217.974259259, A.D. 1999-Feb-08 11:22:56.0000,  3.750602099918443E+08,  2.961051390443164E+08,  4.566914452626938E+07,
2451218.974259259, A.D. 1999-Feb-09 11:22:56.0000,  3.742175994469652E+08,  2.972487105016379E+08,  4.544163084533980E+07,
2451219.974259259, A.D. 1999-Feb-10 11:22:56.0000,  3.733716407094635E+08,  2.983896173432873E+08,  4.521370950730409E+07,
2451220.974259259, A.D. 1999-Feb-11 11:22:56.0000,  3.725223419230465E+08,  2.995278498148265E+08,  4.498538262855077E+07,
2451221.974259259, A.D. 1999-Feb-12 11:22:56.0000,  3.716697112589734E+08,  3.006633981890510E+08,  4.475665232833785E+07,
2451222.974259259, A.D. 1999-Feb-13 11:22:56.0000,  3.708137569160013E+08,  3.017962527660331E+08,  4.452752072876532E+07,
2451223.974259259, A.D. 1999-Feb-14 11:22:56.0000,  3.699544871203397E+08,  3.029264038731675E+08,  4.429798995474653E+07,
2451224.974259259, A.D. 1999-Feb-15 11:22:56.0000,  3.690919101256174E+08,  3.040538418652229E+08,  4.406806213397905E+07,
2451225.974259259, A.D. 1999-Feb-16 11:22:56.0000,  3.682260342128593E+08,  3.051785571243987E+08,  4.383773939691527E+07,
2451226.974259259, A.D. 1999-Feb-17 11:22:56.0000,  3.673568676904742E+08,  3.063005400603941E+08,  4.360702387673272E+07,
2451227.974259259, A.D. 1999-Feb-18 11:22:56.0000,  3.664844188942544E+08,  3.074197811104919E+08,  4.337591770930478E+07,
2451228.974259259, A.D. 1999-Feb-19 11:22:56.0000,  3.656086961873819E+08,  3.085362707396612E+08,  4.314442303317216E+07,
2451229.974259259, A.D. 1999-Feb-20 11:22:56.0000,  3.647297079604397E+08,  3.096499994406845E+08,  4.291254198951602E+07,
2451230.974259259, A.D. 1999-Feb-21 11:22:56.0000,  3.638474626314214E+08,  3.107609577343122E+08,  4.268027672213353E+07,
2451231.974259259, A.D. 1999-Feb-22 11:22:56.0000,  3.629619686457328E+08,  3.118691361694466E+08,  4.244762937741643E+07,
2451232.974259259, A.D. 1999-Feb-23 11:22:56.0000,  3.620732344761739E+08,  3.129745253233579E+08,  4.221460210433422E+07,
2451233.974259259, A.D. 1999-Feb-24 11:22:56.0000,  3.611812686228940E+08,  3.140771158019267E+08,  4.198119705442199E+07,
2451234.974259259, A.D. 1999-Feb-25 11:22:56.0000,  3.602860796133079E+08,  3.151768982399077E+08,  4.174741638177317E+07,
2451235.974259259, A.D. 1999-Feb-26 11:22:56.0000,  3.593876760019650E+08,  3.162738633012076E+08,  4.151326224303839E+07,
2451236.974259259, A.D. 1999-Feb-27 11:22:56.0000,  3.584860663703652E+08,  3.173680016791550E+08,  4.127873679742825E+07,
2451237.974259259, A.D. 1999-Feb-28 11:22:56.0000,  3.575812593267236E+08,  3.184593040967560E+08,  4.104384220671941E+07,
2451238.974259259, A.D. 1999-Mar-01 11:22:56.0000,  3.566732635056872E+08,  3.195477613069135E+08,  4.080858063526273E+07,
2451239.974259259, A.D. 1999-Mar-02 11:22:56.0000,  3.557620875680142E+08,  3.206333640925971E+08,  4.057295424999022E+07,
2451240.974259259, A.D. 1999-Mar-03 11:22:56.0000,  3.548477402002336E+08,  3.217161032669556E+08,  4.033696522041973E+07,
2451241.974259259, A.D. 1999-Mar-04 11:22:56.0000,  3.539302301143010E+08,  3.227959696733675E+08,  4.010061571865430E+07,
2451242.974259259, A.D. 1999-Mar-05 11:22:56.0000,  3.530095660472706E+08,  3.238729541854346E+08,  3.986390791937593E+07,
2451243.974259259, A.D. 1999-Mar-06 11:22:56.0000,  3.520857567609969E+08,  3.249470477069257E+08,  3.962684399983242E+07,
2451244.974259259, A.D. 1999-Mar-07 11:22:56.0000,  3.511588110418778E+08,  3.260182411716831E+08,  3.938942613981733E+07,
2451245.974259259, A.D. 1999-Mar-08 11:22:56.0000,  3.502287377006435E+08,  3.270865255435094E+08,  3.915165652164398E+07,
2451246.974259259, A.D. 1999-Mar-09 11:22:56.0000,  3.492955455721938E+08,  3.281518918160456E+08,  3.891353733011506E+07,
2451247.974259259, A.D. 1999-Mar-10 11:22:56.0000,  3.483592435154771E+08,  3.292143310126576E+08,  3.867507075248821E+07,
2451248.974259259, A.D. 1999-Mar-11 11:22:56.0000,  3.474198404134057E+08,  3.302738341863348E+08,  3.843625897843991E+07,
2451249.974259259, A.D. 1999-Mar-12 11:22:56.0000,  3.464773451727980E+08,  3.313303924196113E+08,  3.819710420002849E+07,
2451250.974259259, A.D. 1999-Mar-13 11:22:56.0000,  3.455317667243420E+08,  3.323839968245109E+08,  3.795760861165756E+07,
2451251.974259259, A.D. 1999-Mar-14 11:22:56.0000,  3.445831140225680E+08,  3.334346385425169E+08,  3.771777441003972E+07,
2451252.974259259, A.D. 1999-Mar-15 11:22:56.0000,  3.436313960458274E+08,  3.344823087445639E+08,  3.747760379416320E+07,
2451253.974259259, A.D. 1999-Mar-16 11:22:56.0000,  3.426766217962720E+08,  3.355269986310508E+08,  3.723709896525830E+07,
2451254.974259259, A.D. 1999-Mar-17 11:22:56.0000,  3.417188002998281E+08,  3.365686994318711E+08,  3.699626212676708E+07,
2451255.974259259, A.D. 1999-Mar-18 11:22:56.0000,  3.407579406061662E+08,  3.376074024064564E+08,  3.675509548431428E+07,
2451256.974259259, A.D. 1999-Mar-19 11:22:56.0000,  3.397940517886626E+08,  3.386430988438314E+08,  3.651360124567974E+07,
2451257.974259259, A.D. 1999-Mar-20 11:22:56.0000,  3.388271429443528E+08,  3.396757800626768E+08,  3.627178162077217E+07,
2451258.974259259, A.D. 1999-Mar-21 11:22:56.0000,  3.378572231938781E+08,  3.407054374113972E+08,  3.602963882160465E+07,
2451259.974259259, A.D. 1999-Mar-22 11:22:56.0000,  3.368843016814237E+08,  3.417320622681934E+08,  3.578717506227060E+07,
2451260.974259259, A.D. 1999-Mar-23 11:22:56.0000,  3.359083875746498E+08,  3.427556460411361E+08,  3.554439255892088E+07,
2451261.974259259, A.D. 1999-Mar-24 11:22:56.0000,  3.349294900646172E+08,  3.437761801682421E+08,  3.530129352974147E+07,
2451262.974259259, A.D. 1999-Mar-25 11:22:56.0000,  3.339476183657075E+08,  3.447936561175472E+08,  3.505788019493188E+07,
2451263.974259259, A.D. 1999-Mar-26 11:22:56.0000,  3.329627817155374E+08,  3.458080653871827E+08,  3.481415477668375E+07,
2451264.974259259, A.D. 1999-Mar-27 11:22:56.0000,  3.319749893748697E+08,  3.468193995054470E+08,  3.457011949915992E+07,
2451265.974259259, A.D. 1999-Mar-28 11:22:56.0000,  3.309842506275213E+08,  3.478276500308784E+08,  3.432577658847381E+07,
2451266.974259259, A.D. 1999-Mar-29 11:22:56.0000,  3.299905747802674E+08,  3.488328085523249E+08,  3.408112827266876E+07,
2451267.974259259, A.D. 1999-Mar-30 11:22:56.0000,  3.289939711627435E+08,  3.498348666890128E+08,  3.383617678169772E+07,
2451268.974259259, A.D. 1999-Mar-31 11:22:56.0000,  3.279944491273456E+08,  3.508338160906135E+08,  3.359092434740315E+07,
2451269.974259259, A.D. 1999-Apr-01 11:22:56.0000,  3.269920180491288E+08,  3.518296484373087E+08,  3.334537320349637E+07,
2451270.974259259, A.D. 1999-Apr-02 11:22:56.0000,  3.259866873257040E+08,  3.528223554398533E+08,  3.309952558553785E+07,
2451271.974259259, A.D. 1999-Apr-03 11:22:56.0000,  3.249784663771343E+08,  3.538119288396379E+08,  3.285338373091663E+07,
2451272.974259259, A.D. 1999-Apr-04 11:22:56.0000,  3.239673646458297E+08,  3.547983604087482E+08,  3.260694987883049E+07,
2451273.974259259, A.D. 1999-Apr-05 11:22:56.0000,  3.229533915964414E+08,  3.557816419500242E+08,  3.236022627026550E+07,
2451274.974259259, A.D. 1999-Apr-06 11:22:56.0000,  3.219365567157552E+08,  3.567617652971169E+08,  3.211321514797615E+07,
2451275.974259259, A.D. 1999-Apr-07 11:22:56.0000,  3.209168695125849E+08,  3.577387223145444E+08,  3.186591875646493E+07,
2451276.974259259, A.D. 1999-Apr-08 11:22:56.0000,  3.198943395176653E+08,  3.587125048977466E+08,  3.161833934196223E+07,
2451277.974259259, A.D. 1999-Apr-09 11:22:56.0000,  3.188689762835444E+08,  3.596831049731378E+08,  3.137047915240607E+07,
2451278.974259259, A.D. 1999-Apr-10 11:22:56.0000,  3.178407893844750E+08,  3.606505144981592E+08,  3.112234043742189E+07,
2451279.974259259, A.D. 1999-Apr-11 11:22:56.0000,  3.168097884163073E+08,  3.616147254613298E+08,  3.087392544830221E+07,
2451280.974259259, A.D. 1999-Apr-12 11:22:56.0000,  3.157759829963804E+08,  3.625757298822960E+08,  3.062523643798652E+07,
2451281.974259259, A.D. 1999-Apr-13 11:22:56.0000,  3.147393827634142E+08,  3.635335198118800E+08,  3.037627566104078E+07,
2451282.974259259, A.D. 1999-Apr-14 11:22:56.0000,  3.136999973774001E+08,  3.644880873321276E+08,  3.012704537363717E+07,
2451283.974259259, A.D. 1999-Apr-15 11:22:56.0000,  3.126578365194933E+08,  3.654394245563552E+08,  2.987754783353360E+07,
2451284.974259259, A.D. 1999-Apr-16 11:22:56.0000,  3.116129098919033E+08,  3.663875236291941E+08,  2.962778530005370E+07,
2451285.974259259, A.D. 1999-Apr-17 11:22:56.0000,  3.105652272177854E+08,  3.673323767266364E+08,  2.937776003406607E+07,
2451286.974259259, A.D. 1999-Apr-18 11:22:56.0000,  3.095147982411321E+08,  3.682739760560765E+08,  2.912747429796378E+07,
2451287.974259259, A.D. 1999-Apr-19 11:22:56.0000,  3.084616327266634E+08,  3.692123138563554E+08,  2.887693035564432E+07,
2451288.974259259, A.D. 1999-Apr-20 11:22:56.0000,  3.074057404597187E+08,  3.701473823978006E+08,  2.862613047248869E+07,
2451289.974259259, A.D. 1999-Apr-21 11:22:56.0000,  3.063471312461473E+08,  3.710791739822661E+08,  2.837507691534121E+07,
2451290.974259259, A.D. 1999-Apr-22 11:22:56.0000,  3.052858149121994E+08,  3.720076809431725E+08,  2.812377195248857E+07,
2451291.974259259, A.D. 1999-Apr-23 11:22:56.0000,  3.042218013044174E+08,  3.729328956455430E+08,  2.787221785363974E+07,
2451292.974259259, A.D. 1999-Apr-24 11:22:56.0000,  3.031551002895265E+08,  3.738548104860407E+08,  2.762041688990475E+07,
2451293.974259259, A.D. 1999-Apr-25 11:22:56.0000,  3.020857217543266E+08,  3.747734178930036E+08,  2.736837133377427E+07,
2451294.974259259, A.D. 1999-Apr-26 11:22:56.0000,  3.010136756055828E+08,  3.756887103264776E+08,  2.711608345909874E+07,
2451295.974259259, A.D. 1999-Apr-27 11:22:56.0000,  2.999389717699178E+08,  3.766006802782489E+08,  2.686355554106739E+07,
2451296.974259259, A.D. 1999-Apr-28 11:22:56.0000,  2.988616201937031E+08,  3.775093202718735E+08,  2.661078985618713E+07,
2451297.974259259, A.D. 1999-Apr-29 11:22:56.0000,  2.977816308429518E+08,  3.784146228627067E+08,  2.635778868226172E+07,
2451298.974259259, A.D. 1999-Apr-30 11:22:56.0000,  2.966990137032116E+08,  3.793165806379282E+08,  2.610455429837006E+07,
2451299.974259259, A.D. 1999-May-01 11:22:56.0000,  2.956137787794585E+08,  3.802151862165678E+08,  2.585108898484477E+07,
2451300.974259259, A.D. 1999-May-02 11:22:56.0000,  2.945259360959919E+08,  3.811104322495261E+08,  2.559739502325049E+07,
2451301.974259259, A.D. 1999-May-03 11:22:56.0000,  2.934354956963310E+08,  3.820023114195955E+08,  2.534347469636187E+07,
2451302.974259259, A.D. 1999-May-04 11:22:56.0000,  2.923424676431130E+08,  3.828908164414765E+08,  2.508933028814098E+07,
2451303.974259259, A.D. 1999-May-05 11:22:56.0000,  2.912468620179940E+08,  3.837759400617929E+08,  2.483496408371514E+07,
2451304.974259259, A.D. 1999-May-06 11:22:56.0000,  2.901486889215521E+08,  3.846576750591033E+08,  2.458037836935303E+07,
2451305.974259259, A.D. 1999-May-07 11:22:56.0000,  2.890479584731947E+08,  3.855360142439103E+08,  2.432557543244147E+07,
2451306.974259259, A.D. 1999-May-08 11:22:56.0000,  2.879446808110706E+08,  3.864109504586684E+08,  2.407055756146130E+07,
2451307.974259259, A.D. 1999-May-09 11:22:56.0000,  2.868388660919865E+08,  3.872824765777876E+08,  2.381532704596230E+07,
2451308.974259259, A.D. 1999-May-10 11:22:56.0000,  2.857305244913312E+08,  3.881505855076380E+08,  2.355988617653775E+07,
2451309.974259259, A.D. 1999-May-11 11:22:56.0000,  2.846196662030065E+08,  3.890152701865511E+08,  2.330423724479845E+07,
2451310.974259259, A.D. 1999-May-12 11:22:56.0000,  2.835063014393678E+08,  3.898765235848243E+08,  2.304838254334539E+07,
2451311.974259259, A.D. 1999-May-13 11:22:56.0000,  2.823904404311740E+08,  3.907343387047255E+08,  2.279232436574268E+07,
2451312.974259259, A.D. 1999-May-14 11:22:56.0000,  2.812720934275489E+08,  3.915887085805044E+08,  2.253606500648898E+07,
2451313.974259259, A.D. 1999-May-15 11:22:56.0000,  2.801512706959550E+08,  3.924396262784097E+08,  2.227960676098919E+07,
2451314.974259259, A.D. 1999-May-16 11:22:56.0000,  2.790279825221758E+08,  3.932870848967187E+08,  2.202295192552570E+07,
2451315.974259259, A.D. 1999-May-17 11:22:56.0000,  2.779022392103133E+08,  3.941310775657808E+08,  2.176610279722995E+07,
2451316.974259259, A.D. 1999-May-18 11:22:56.0000,  2.767740510827903E+08,  3.949715974480814E+08,  2.150906167405528E+07,
2451317.974259259, A.D. 1999-May-19 11:22:56.0000,  2.756434284803593E+08,  3.958086377383307E+08,  2.125183085475069E+07,
2451318.974259259, A.D. 1999-May-20 11:22:56.0000,  2.745103817621079E+08,  3.966421916635786E+08,  2.099441263883767E+07,
2451319.974259259, A.D. 1999-May-21 11:22:56.0000,  2.733749213054585E+08,  3.974722524833611E+08,  2.073680932659015E+07,
2451320.974259259, A.D. 1999-May-22 11:22:56.0000,  2.722370575061483E+08,  3.982988134898770E+08,  2.047902321901849E+07,
2451321.974259259, A.D. 1999-May-23 11:22:56.0000,  2.710968007781816E+08,  3.991218680081925E+08,  2.022105661785841E+07,
2451322.974259259, A.D. 1999-May-24 11:22:56.0000,  2.699541615537425E+08,  3.999414093964677E+08,  1.996291182556555E+07,
2451323.974259259, A.D. 1999-May-25 11:22:56.0000,  2.688091502830624E+08,  4.007574310461926E+08,  1.970459114531502E+07,
2451324.974259259, A.D. 1999-May-26 11:22:56.0000,  2.676617774342348E+08,  4.015699263824214E+08,  1.944609688100547E+07,
2451325.974259259, A.D. 1999-May-27 11:22:56.0000,  2.665120534929776E+08,  4.023788888639872E+08,  1.918743133726656E+07,
2451326.974259259, A.D. 1999-May-28 11:22:56.0000,  2.653599889623492E+08,  4.031843119836813E+08,  1.892859681946805E+07,
2451327.974259259, A.D. 1999-May-29 11:22:56.0000,  2.642055943624273E+08,  4.039861892683836E+08,  1.866959563372776E+07,
2451328.974259259, A.D. 1999-May-30 11:22:56.0000,  2.630488802299696E+08,  4.047845142791352E+08,  1.841043008691710E+07,
2451329.974259259, A.D. 1999-May-31 11:22:56.0000,  2.618898571180721E+08,  4.055792806111500E+08,  1.815110248666179E+07,
2451330.974259259, A.D. 1999-Jun-01 11:22:56.0000,  2.607285355958423E+08,  4.063704818937674E+08,  1.789161514133644E+07,
2451331.974259259, A.D. 1999-Jun-02 11:22:56.0000,  2.595649262481048E+08,  4.071581117903571E+08,  1.763197036005172E+07,
2451332.974259259, A.D. 1999-Jun-03 11:22:56.0000,  2.583990396751478E+08,  4.079421639981893E+08,  1.737217045263594E+07,
2451333.974259259, A.D. 1999-Jun-04 11:22:56.0000,  2.572308864925174E+08,  4.087226322482821E+08,  1.711221772960988E+07,
2451334.974259259, A.D. 1999-Jun-05 11:22:56.0000,  2.560604773308579E+08,  4.094995103052441E+08,  1.685211450215700E+07,
2451335.974259259, A.D. 1999-Jun-06 11:22:56.0000,  2.548878228357964E+08,  4.102727919671236E+08,  1.659186308209077E+07,
2451336.974259259, A.D. 1999-Jun-07 11:22:56.0000,  2.537129336678617E+08,  4.110424710652717E+08,  1.633146578181899E+07,
2451337.974259259, A.D. 1999-Jun-08 11:22:56.0000,  2.525358205024328E+08,  4.118085414642286E+08,  1.607092491430837E+07,
2451338.974259259, A.D. 1999-Jun-09 11:22:56.0000,  2.513564940297055E+08,  4.125709970616332E+08,  1.581024279304883E+07,
2451339.974259259, A.D. 1999-Jun-10 11:22:56.0000,  2.501749649546707E+08,  4.133298317881573E+08,  1.554942173201886E+07,
2451340.974259259, A.D. 1999-Jun-11 11:22:56.0000,  2.489912439970979E+08,  4.140850396074637E+08,  1.528846404565287E+07,
2451341.974259259, A.D. 1999-Jun-12 11:22:56.0000,  2.478053418915195E+08,  4.148366145161843E+08,  1.502737204880908E+07,
2451342.974259259, A.D. 1999-Jun-13 11:22:56.0000,  2.466172693872102E+08,  4.155845505439160E+08,  1.476614805674076E+07,
2451343.974259259, A.D. 1999-Jun-14 11:22:56.0000,  2.454270372481619E+08,  4.163288417532297E+08,  1.450479438506779E+07,
2451344.974259259, A.D. 1999-Jun-15 11:22:56.0000,  2.442346562530508E+08,  4.170694822396922E+08,  1.424331334975067E+07,
2451345.974259259, A.D. 1999-Jun-16 11:22:56.0000,  2.430401371951972E+08,  4.178064661318938E+08,  1.398170726706573E+07,
2451346.974259259, A.D. 1999-Jun-17 11:22:56.0000,  2.418434908825173E+08,  4.185397875914843E+08,  1.371997845358133E+07,
2451347.974259259, A.D. 1999-Jun-18 11:22:56.0000,  2.406447281374681E+08,  4.192694408132104E+08,  1.345812922613549E+07,
2451348.974259259, A.D. 1999-Jun-19 11:22:56.0000,  2.394438597969852E+08,  4.199954200249572E+08,  1.319616190181410E+07,
2451349.974259259, A.D. 1999-Jun-20 11:22:56.0000,  2.382408967124147E+08,  4.207177194877902E+08,  1.293407879792985E+07,
2451350.974259259, A.D. 1999-Jun-21 11:22:56.0000,  2.370358497494399E+08,  4.214363334959978E+08,  1.267188223200187E+07,
2451351.974259259, A.D. 1999-Jun-22 11:22:56.0000,  2.358287297880039E+08,  4.221512563771330E+08,  1.240957452173564E+07,
2451352.974259259, A.D. 1999-Jun-23 11:22:56.0000,  2.346195477222273E+08,  4.228624824920543E+08,  1.214715798500329E+07,
2451353.974259259, A.D. 1999-Jun-24 11:22:56.0000,  2.334083144603230E+08,  4.235700062349660E+08,  1.188463493982425E+07,
2451354.974259259, A.D. 1999-Jun-25 11:22:56.0000,  2.321950409245092E+08,  4.242738220334572E+08,  1.162200770434585E+07,
2451355.974259259, A.D. 1999-Jun-26 11:22:56.0000,  2.309797380509184E+08,  4.249739243485381E+08,  1.135927859682426E+07,
2451356.974259259, A.D. 1999-Jun-27 11:22:56.0000,  2.297624167895062E+08,  4.256703076746769E+08,  1.109644993560582E+07,
2451357.974259259, A.D. 1999-Jun-28 11:22:56.0000,  2.285430881039569E+08,  4.263629665398335E+08,  1.083352403910753E+07,
2451358.974259259, A.D. 1999-Jun-29 11:22:56.0000,  2.273217629715897E+08,  4.270518955054930E+08,  1.057050322579873E+07,
2451359.974259259, A.D. 1999-Jun-30 11:22:56.0000,  2.260984523832622E+08,  4.277370891666970E+08,  1.030738981418186E+07,
2451360.974259259, A.D. 1999-Jul-01 11:22:56.0000,  2.248731673432741E+08,  4.284185421520740E+08,  1.004418612277398E+07,
2451361.974259259, A.D. 1999-Jul-02 11:22:56.0000,  2.236459188692698E+08,  4.290962491238692E+08,  9.780894470087588E+06,
2451362.974259259, A.D. 1999-Jul-03 11:22:56.0000,  2.224167179921405E+08,  4.297702047779719E+08,  9.517517174612284E+06,
2451363.974259259, A.D. 1999-Jul-04 11:22:56.0000,  2.211855757559263E+08,  4.304404038439428E+08,  9.254056554795504E+06,
2451364.974259259, A.D. 1999-Jul-05 11:22:56.0000,  2.199525032177171E+08,  4.311068410850399E+08,  8.990514929023892E+06,
2451365.974259259, A.D. 1999-Jul-06 11:22:56.0000,  2.187175114475543E+08,  4.317695112982437E+08,  8.726894615604669E+06,
2451366.974259259, A.D. 1999-Jul-07 11:22:56.0000,  2.174806115283312E+08,  4.324284093142810E+08,  8.463197932746410E+06,
2451367.974259259, A.D. 1999-Jul-08 11:22:56.0000,  2.162418145556939E+08,  4.330835299976487E+08,  8.199427198540807E+06,
2451368.974259259, A.D. 1999-Jul-09 11:22:56.0000,  2.150011316379420E+08,  4.337348682466357E+08,  7.935584730943143E+06,
2451369.974259259, A.D. 1999-Jul-10 11:22:56.0000,  2.137585738959290E+08,  4.343824189933451E+08,  7.671672847754061E+06,
2451370.974259259, A.D. 1999-Jul-11 11:22:56.0000,  2.125141524629625E+08,  4.350261772037144E+08,  7.407693866600394E+06,
2451371.974259259, A.D. 1999-Jul-12 11:22:56.0000,  2.112678784847044E+08,  4.356661378775364E+08,  7.143650104916513E+06,
2451372.974259259, A.D. 1999-Jul-13 11:22:56.0000,  2.100197631190714E+08,  4.363022960484783E+08,  6.879543879925191E+06,
2451373.974259259, A.D. 1999-Jul-14 11:22:56.0000,  2.087698175361344E+08,  4.369346467840999E+08,  6.615377508619189E+06,
2451374.974259259, A.D. 1999-Jul-15 11:22:56.0000,  2.075180529180191E+08,  4.375631851858724E+08,  6.351153307741940E+06,
2451375.974259259, A.D. 1999-Jul-16 11:22:56.0000,  2.062644804588054E+08,  4.381879063891940E+08,  6.086873593769133E+06,
2451376.974259259, A.D. 1999-Jul-17 11:22:56.0000,  2.050091113644275E+08,  4.388088055634080E+08,  5.822540682889491E+06,
2451377.974259259, A.D. 1999-Jul-18 11:22:56.0000,  2.037519568525735E+08,  4.394258779118166E+08,  5.558156890986115E+06,
2451378.974259259, A.D. 1999-Jul-19 11:22:56.0000,  2.024930281525850E+08,  4.400391186716962E+08,  5.293724533617318E+06,
2451379.974259259, A.D. 1999-Jul-20 11:22:56.0000,  2.012323365053571E+08,  4.406485231143107E+08,  5.029245925997972E+06,
2451380.974259259, A.D. 1999-Jul-21 11:22:56.0000,  1.999698931632376E+08,  4.412540865449243E+08,  4.764723382980406E+06,
2451381.974259259, A.D. 1999-Jul-22 11:22:56.0000,  1.987057093899272E+08,  4.418558043028123E+08,  4.500159219035327E+06,
2451382.974259259, A.D. 1999-Jul-23 11:22:56.0000,  1.974397964603789E+08,  4.424536717612720E+08,  4.235555748232871E+06,
2451383.974259259, A.D. 1999-Jul-24 11:22:56.0000,  1.961721656606982E+08,  4.430476843276304E+08,  3.970915284223318E+06,
2451384.974259259, A.D. 1999-Jul-25 11:22:56.0000,  1.949028282880431E+08,  4.436378374432530E+08,  3.706240140217990E+06,
2451385.974259259, A.D. 1999-Jul-26 11:22:56.0000,  1.936317956505252E+08,  4.442241265835485E+08,  3.441532628969818E+06,
2451386.974259259, A.D. 1999-Jul-27 11:22:56.0000,  1.923590790671104E+08,  4.448065472579734E+08,  3.176795062753797E+06,
2451387.974259259, A.D. 1999-Jul-28 11:22:56.0000,  1.910846898675209E+08,  4.453850950100343E+08,  2.912029753347456E+06,
2451388.974259259, A.D. 1999-Jul-29 11:22:56.0000,  1.898086393921383E+08,  4.459597654172875E+08,  2.647239012010813E+06,
2451389.974259259, A.D. 1999-Jul-30 11:22:56.0000,  1.885309389919080E+08,  4.465305540913377E+08,  2.382425149466276E+06,
2451390.974259259, A.D. 1999-Jul-31 11:22:56.0000,  1.872516000282449E+08,  4.470974566778332E+08,  2.117590475878417E+06,
2451391.974259259, A.D. 1999-Aug-01 11:22:56.0000,  1.859706338729421E+08,  4.476604688564600E+08,  1.852737300832927E+06,
2451392.974259259, A.D. 1999-Aug-02 11:22:56.0000,  1.846880519080817E+08,  4.482195863409316E+08,  1.587867933315575E+06,
2451393.974259259, A.D. 1999-Aug-03 11:22:56.0000,  1.834038655259497E+08,  4.487748048789786E+08,  1.322984681690514E+06,
2451394.974259259, A.D. 1999-Aug-04 11:22:56.0000,  1.821180861289547E+08,  4.493261202523344E+08,  1.058089853677988E+06,
2451395.974259259, A.D. 1999-Aug-05 11:22:56.0000,  1.808307251295529E+08,  4.498735282767196E+08,  7.931857563317716E+05,
2451396.974259259, A.D. 1999-Aug-06 11:22:56.0000,  1.795417939501786E+08,  4.504170248018250E+08,  5.282746960155666E+05,
2451397.974259259, A.D. 1999-Aug-07 11:22:56.0000,  1.782513040231823E+08,  4.509566057112948E+08,  2.633589783790112E+05,
2451398.974259259, A.D. 1999-Aug-08 11:22:56.0000,  1.769592667907786E+08,  4.514922669227096E+08, -1.559091667383909E+03,
2451399.974259259, A.D. 1999-Aug-09 11:22:56.0000,  1.756656937050029E+08,  4.520240043875723E+08, -2.664772099774182E+05,
2451400.974259259, A.D. 1999-Aug-10 11:22:56.0000,  1.743705962276795E+08,  4.525518140912998E+08, -5.313930731953979E+05,
2451401.974259259, A.D. 1999-Aug-11 11:22:56.0000,  1.730739858304009E+08,  4.530756920532206E+08, -7.963043787820637E+05,
2451402.974259259, A.D. 1999-Aug-12 11:22:56.0000,  1.717758739945194E+08,  4.535956343265866E+08, -1.061208825041801E+06,
2451403.974259259, A.D. 1999-Aug-13 11:22:56.0000,  1.704762722111476E+08,  4.541116369985970E+08, -1.326104111148030E+06,
2451404.974259259, A.D. 1999-Aug-14 11:22:56.0000,  1.691751919811685E+08,  4.546236961904453E+08, -1.590987937168688E+06,
2451405.974259259, A.D. 1999-Aug-15 11:22:56.0000,  1.678726448152491E+08,  4.551318080573882E+08, -1.855858004089624E+06,
2451406.974259259, A.D. 1999-Aug-16 11:22:56.0000,  1.665686422338525E+08,  4.556359687888439E+08, -2.120712013835549E+06,
2451407.974259259, A.D. 1999-Aug-17 11:22:56.0000,  1.652631957672413E+08,  4.561361746085212E+08, -2.385547669288039E+06,
2451408.974259259, A.D. 1999-Aug-18 11:22:56.0000,  1.639563169554626E+08,  4.566324217745777E+08, -2.650362674298406E+06,
2451409.974259259, A.D. 1999-Aug-19 11:22:56.0000,  1.626480173483033E+08,  4.571247065798080E+08, -2.915154733696580E+06,
2451410.974259259, A.D. 1999-Aug-20 11:22:56.0000,  1.613383085052083E+08,  4.576130253518511E+08, -3.179921553293824E+06,
2451411.974259259, A.D. 1999-Aug-21 11:22:56.0000,  1.600272019951501E+08,  4.580973744534104E+08, -3.444660839880943E+06,
2451412.974259259, A.D. 1999-Aug-22 11:22:56.0000,  1.587147093964468E+08,  4.585777502824684E+08, -3.709370301221371E+06,
2451413.974259259, A.D. 1999-Aug-23 11:22:56.0000,  1.574008422965270E+08,  4.590541492724824E+08, -3.974047646040946E+06,
2451414.974259259, A.D. 1999-Aug-24 11:22:56.0000,  1.560856122916498E+08,  4.595265678925466E+08, -4.238690584017009E+06,
2451415.974259259, A.D. 1999-Aug-25 11:22:56.0000,  1.547690309865876E+08,  4.599950026475014E+08, -4.503296825767219E+06,
2451416.974259259, A.D. 1999-Aug-26 11:22:56.0000,  1.534511099942889E+08,  4.604594500779878E+08, -4.767864082841724E+06,
2451417.974259259, A.D. 1999-Aug-27 11:22:56.0000,  1.521318609355413E+08,  4.609199067604378E+08, -5.032390067720711E+06,
2451418.974259259, A.D. 1999-Aug-28 11:22:56.0000,  1.508112954386504E+08,  4.613763693070103E+08, -5.296872493816644E+06,
2451419.974259259, A.D. 1999-Aug-29 11:22:56.0000,  1.494894251391491E+08,  4.618288343654757E+08, -5.561309075485021E+06,
2451420.974259259, A.D. 1999-Aug-30 11:22:56.0000,  1.481662616795495E+08,  4.622772986190680E+08, -5.825697528040290E+06,
2451421.974259259, A.D. 1999-Aug-31 11:22:56.0000,  1.468418167091407E+08,  4.627217587863140E+08, -6.090035567778558E+06,
2451422.974259259, A.D. 1999-Sep-01 11:22:56.0000,  1.455161018838352E+08,  4.631622116208589E+08, -6.354320912004739E+06,
2451423.974259259, A.D. 1999-Sep-02 11:22:56.0000,  1.441891288660565E+08,  4.635986539112985E+08, -6.618551279063076E+06,
2451424.974259259, A.D. 1999-Sep-03 11:22:56.0000,  1.428609093246624E+08,  4.640310824810255E+08, -6.882724388369352E+06,
2451425.974259259, A.D. 1999-Sep-04 11:22:56.0000,  1.415314549348961E+08,  4.644594941880977E+08, -7.146837960444093E+06,
2451426.974259259, A.D. 1999-Sep-05 11:22:56.0000,  1.402007773783562E+08,  4.648838859251332E+08, -7.410889716945589E+06,
2451427.974259259, A.D. 1999-Sep-06 11:22:56.0000,  1.388688883429776E+08,  4.653042546192263E+08, -7.674877380701125E+06,
2451428.974259259, A.D. 1999-Sep-07 11:22:56.0000,  1.375357995230173E+08,  4.657205972318904E+08, -7.938798675737858E+06,
2451429.974259259, A.D. 1999-Sep-08 11:22:56.0000,  1.362015226190398E+08,  4.661329107590176E+08, -8.202651327310860E+06,
2451430.974259259, A.D. 1999-Sep-09 11:22:56.0000,  1.348660693378994E+08,  4.665411922308592E+08, -8.466433061930031E+06,
2451431.974259259, A.D. 1999-Sep-10 11:22:56.0000,  1.335294513927158E+08,  4.669454387120174E+08, -8.730141607384831E+06,
2451432.974259259, A.D. 1999-Sep-11 11:22:56.0000,  1.321916805028433E+08,  4.673456473014498E+08, -8.993774692768097E+06,
2451433.974259259, A.D. 1999-Sep-12 11:22:56.0000,  1.308527683938311E+08,  4.677418151324811E+08, -9.257330048497438E+06,
2451434.974259259, A.D. 1999-Sep-13 11:22:56.0000,  1.295127267973768E+08,  4.681339393728197E+08, -9.520805406336218E+06,
2451435.974259259, A.D. 1999-Sep-14 11:22:56.0000,  1.281715674512715E+08,  4.685220172245810E+08, -9.784198499413192E+06,
2451436.974259259, A.D. 1999-Sep-15 11:22:56.0000,  1.268293020993396E+08,  4.689060459243090E+08, -1.004750706224111E+07,
2451437.974259259, A.D. 1999-Sep-16 11:22:56.0000,  1.254859424913705E+08,  4.692860227430029E+08, -1.031072883073497E+07,
2451438.974259259, A.D. 1999-Sep-17 11:22:56.0000,  1.241415003830469E+08,  4.696619449861406E+08, -1.057386154222938E+07,
2451439.974259259, A.D. 1999-Sep-18 11:22:56.0000,  1.227959875358667E+08,  4.700338099937044E+08, -1.083690293549582E+07,
2451440.974259259, A.D. 1999-Sep-19 11:22:56.0000,  1.214494157170622E+08,  4.704016151402037E+08, -1.109985075075889E+07,
2451441.974259259, A.D. 1999-Sep-20 11:22:56.0000,  1.201017966995153E+08,  4.707653578346984E+08, -1.136270272971347E+07,
2451442.974259259, A.D. 1999-Sep-21 11:22:56.0000,  1.187531422616698E+08,  4.711250355208196E+08, -1.162545661554024E+07,
2451443.974259259, A.D. 1999-Sep-22 11:22:56.0000,  1.174034641874418E+08,  4.714806456767897E+08, -1.188811015292221E+07,
2451444.974259259, A.D. 1999-Sep-23 11:22:56.0000,  1.160527742661275E+08,  4.718321858154399E+08, -1.215066108806041E+07,
2451445.974259259, A.D. 1999-Sep-24 11:22:56.0000,  1.147010842923096E+08,  4.721796534842279E+08, -1.241310716869003E+07,
2451446.974259259, A.D. 1999-Sep-25 11:22:56.0000,  1.133484060657628E+08,  4.725230462652528E+08, -1.267544614409608E+07,
2451447.974259259, A.D. 1999-Sep-26 11:22:56.0000,  1.119947513913572E+08,  4.728623617752692E+08, -1.293767576512903E+07,
2451448.974259259, A.D. 1999-Sep-27 11:22:56.0000,  1.106401320789618E+08,  4.731975976656994E+08, -1.319979378422081E+07,
2451449.974259259, A.D. 1999-Sep-28 11:22:56.0000,  1.092845599433467E+08,  4.735287516226453E+08, -1.346179795540050E+07,
2451450.974259259, A.D. 1999-Sep-29 11:22:56.0000,  1.079280468040847E+08,  4.738558213668985E+08, -1.372368603430977E+07,
2451451.974259259, A.D. 1999-Sep-30 11:22:56.0000,  1.065706044854524E+08,  4.741788046539490E+08, -1.398545577821901E+07,
2451452.974259259, A.D. 1999-Oct-01 11:22:56.0000,  1.052122448163310E+08,  4.744976992739933E+08, -1.424710494604245E+07,
2451453.974259259, A.D. 1999-Oct-02 11:22:56.0000,  1.038529796301067E+08,  4.748125030519413E+08, -1.450863129835454E+07,
2451454.974259259, A.D. 1999-Oct-03 11:22:56.0000,  1.024928207645706E+08,  4.751232138474225E+08, -1.477003259740502E+07,
2451455.974259259, A.D. 1999-Oct-04 11:22:56.0000,  1.011317800618189E+08,  4.754298295547910E+08, -1.503130660713497E+07,
2451456.974259259, A.D. 1999-Oct-05 11:22:56.0000,  9.976986936815174E+07,  4.757323481031289E+08, -1.529245109319228E+07,
2451457.974259259, A.D. 1999-Oct-06 11:22:56.0000,  9.840710053397343E+07,  4.760307674562504E+08, -1.555346382294756E+07,
2451458.974259259, A.D. 1999-Oct-07 11:22:56.0000,  9.704348541369101E+07,  4.763250856127040E+08, -1.581434256550965E+07,
2451459.974259259, A.D. 1999-Oct-08 11:22:56.0000,  9.567903586561358E+07,  4.766153006057733E+08, -1.607508509174117E+07,
2451460.974259259, A.D. 1999-Oct-09 11:22:56.0000,  9.431376375185104E+07,  4.769014105034790E+08, -1.633568917427459E+07,
2451461.974259259, A.D. 1999-Oct-10 11:22:56.0000,  9.294768093821292E+07,  4.771834134085769E+08, -1.659615258752742E+07,
2451462.974259259, A.D. 1999-Oct-11 11:22:56.0000,  9.158079929410692E+07,  4.774613074585590E+08, -1.685647310771838E+07,
2451463.974259259, A.D. 1999-Oct-12 11:22:56.0000,  9.021313069243740E+07,  4.777350908256494E+08, -1.711664851288259E+07,
2451464.974259259, A.D. 1999-Oct-13 11:22:56.0000,  8.884468700950383E+07,  4.780047617168028E+08, -1.737667658288759E+07,
2451465.974259259, A.D. 1999-Oct-14 11:22:56.0000,  8.747548012489882E+07,  4.782703183737001E+08, -1.763655509944907E+07,
2451466.974259259, A.D. 1999-Oct-15 11:22:56.0000,  8.610552192140663E+07,  4.785317590727432E+08, -1.789628184614620E+07,
2451467.974259259, A.D. 1999-Oct-16 11:22:56.0000,  8.473482428490096E+07,  4.787890821250498E+08, -1.815585460843781E+07,
2451468.974259259, A.D. 1999-Oct-17 11:22:56.0000,  8.336339910424335E+07,  4.790422858764457E+08, -1.841527117367816E+07,
2451469.974259259, A.D. 1999-Oct-18 11:22:56.0000,  8.199125827118108E+07,  4.792913687074558E+08, -1.867452933113217E+07,
2451470.974259259, A.D. 1999-Oct-19 11:22:56.0000,  8.061841368024552E+07,  4.795363290332954E+08, -1.893362687199214E+07,
2451471.974259259, A.D. 1999-Oct-20 11:22:56.0000,  7.924487722865038E+07,  4.797771653038582E+08, -1.919256158939311E+07,
2451472.974259259, A.D. 1999-Oct-21 11:22:56.0000,  7.787066081619048E+07,  4.800138760037033E+08, -1.945133127842900E+07,
2451473.974259259, A.D. 1999-Oct-22 11:22:56.0000,  7.649577634514064E+07,  4.802464596520413E+08, -1.970993373616898E+07,
2451474.974259259, A.D. 1999-Oct-23 11:22:56.0000,  7.512023572015533E+07,  4.804749148027168E+08, -1.996836676167366E+07,
2451475.974259259, A.D. 1999-Oct-24 11:22:56.0000,  7.374405084816888E+07,  4.806992400441908E+08, -2.022662815601143E+07,
2451476.974259259, A.D. 1999-Oct-25 11:22:56.0000,  7.236723363829717E+07,  4.809194339995190E+08, -2.048471572227526E+07,
2451477.974259259, A.D. 1999-Oct-26 11:22:56.0000,  7.098979600173996E+07,  4.811354953263294E+08, -2.074262726559973E+07,
2451478.974259259, A.D. 1999-Oct-27 11:22:56.0000,  6.961174985168578E+07,  4.813474227167965E+08, -2.100036059317809E+07,
2451479.974259259, A.D. 1999-Oct-28 11:22:56.0000,  6.823310710321845E+07,  4.815552148976130E+08, -2.125791351427987E+07,
2451480.974259259, A.D. 1999-Oct-29 11:22:56.0000,  6.685387967322702E+07,  4.817588706299590E+08, -2.151528384026888E+07,
2451481.974259259, A.D. 1999-Oct-30 11:22:56.0000,  6.547407948031879E+07,  4.819583887094690E+08, -2.177246938462183E+07,
2451482.974259259, A.D. 1999-Oct-31 11:22:56.0000,  6.409371844473719E+07,  4.821537679661956E+08, -2.202946796294707E+07,
2451483.974259259, A.D. 1999-Nov-01 11:22:56.0000,  6.271280848828490E+07,  4.823450072645721E+08, -2.228627739300448E+07,
2451484.974259259, A.D. 1999-Nov-02 11:22:56.0000,  6.133136153425333E+07,  4.825321055033728E+08, -2.254289549472535E+07,
2451485.974259259, A.D. 1999-Nov-03 11:22:56.0000,  5.994938950736006E+07,  4.827150616156734E+08, -2.279932009023359E+07,
2451486.974259259, A.D. 1999-Nov-04 11:22:56.0000,  5.856690433369490E+07,  4.828938745688112E+08, -2.305554900386736E+07,
2451487.974259259, A.D. 1999-Nov-05 11:22:56.0000,  5.718391794067606E+07,  4.830685433643489E+08, -2.331158006220096E+07,
2451488.974259259, A.D. 1999-Nov-06 11:22:56.0000,  5.580044225701720E+07,  4.832390670380427E+08, -2.356741109406826E+07,
2451489.974259259, A.D. 1999-Nov-07 11:22:56.0000,  5.441648921270641E+07,  4.834054446598171E+08, -2.382303993058535E+07,
2451490.974259259, A.D. 1999-Nov-08 11:22:56.0000,  5.303207073899594E+07,  4.835676753337524E+08, -2.407846440517384E+07,
2451491.974259259, A.D. 1999-Nov-09 11:22:56.0000,  5.164719876840255E+07,  4.837257581980879E+08, -2.433368235358387E+07,
2451492.974259259, A.D. 1999-Nov-10 11:22:56.0000,  5.026188523471699E+07,  4.838796924252428E+08, -2.458869161391610E+07,
2451493.974259259, A.D. 1999-Nov-11 11:22:56.0000,  4.887614207301631E+07,  4.840294772218634E+08, -2.484349002664152E+07,
2451494.974259259, A.D. 1999-Nov-12 11:22:56.0000,  4.748998121967489E+07,  4.841751118288984E+08, -2.509807543461981E+07,
2451495.974259259, A.D. 1999-Nov-13 11:22:56.0000,  4.610341461236661E+07,  4.843165955217026E+08, -2.535244568311307E+07,
2451496.974259259, A.D. 1999-Nov-14 11:22:56.0000,  4.471645419004861E+07,  4.844539276101734E+08, -2.560659861979628E+07,
2451497.974259259, A.D. 1999-Nov-15 11:22:56.0000,  4.332911189291508E+07,  4.845871074389137E+08, -2.586053209476224E+07,
2451498.974259259, A.D. 1999-Nov-16 11:22:56.0000,  4.194139966231335E+07,  4.847161343874155E+08, -2.611424396052140E+07,
2451499.974259259, A.D. 1999-Nov-17 11:22:56.0000,  4.055332944061109E+07,  4.848410078702548E+08, -2.636773207199642E+07,
2451500.974259259, A.D. 1999-Nov-18 11:22:56.0000,  3.916491317101280E+07,  4.849617273372805E+08, -2.662099428651187E+07,
2451501.974259259, A.D. 1999-Nov-19 11:22:56.0000,  3.777616279732387E+07,  4.850782922737847E+08, -2.687402846378133E+07,
2451502.974259259, A.D. 1999-Nov-20 11:22:56.0000,  3.638709026366797E+07,  4.851907022006366E+08, -2.712683246589276E+07,
2451503.974259259, A.D. 1999-Nov-21 11:22:56.0000,  3.499770751416895E+07,  4.852989566743663E+08, -2.737940415729442E+07,
2451504.974259259, A.D. 1999-Nov-22 11:22:56.0000,  3.360802649261550E+07,  4.854030552871896E+08, -2.763174140478444E+07,
2451505.974259259, A.D. 1999-Nov-23 11:22:56.0000,  3.221805914212411E+07,  4.855029976669732E+08, -2.788384207750461E+07,
2451506.974259259, A.D. 1999-Nov-24 11:22:56.0000,  3.082781740481837E+07,  4.855987834771403E+08, -2.813570404694062E+07,
2451507.974259259, A.D. 1999-Nov-25 11:22:56.0000,  2.943731322154149E+07,  4.856904124165291E+08, -2.838732518692905E+07,
2451508.974259259, A.D. 1999-Nov-26 11:22:56.0000,  2.804655853161030E+07,  4.857778842192168E+08, -2.863870337367120E+07,
2451509.974259259, A.D. 1999-Nov-27 11:22:56.0000,  2.665556527261651E+07,  4.858611986543230E+08, -2.888983648575231E+07,
2451510.974259259, A.D. 1999-Nov-28 11:22:56.0000,  2.526434538027499E+07,  4.859403555258082E+08, -2.914072240416607E+07,
2451511.974259259, A.D. 1999-Nov-29 11:22:56.0000,  2.387291078831477E+07,  4.860153546722780E+08, -2.939135901234180E+07,
2451512.974259259, A.D. 1999-Nov-30 11:22:56.0000,  2.248127342840543E+07,  4.860861959668055E+08, -2.964174419617426E+07,
2451513.974259259, A.D. 1999-Dec-01 11:22:56.0000,  2.108944523011078E+07,  4.861528793167720E+08, -2.989187584405345E+07,
2451514.974259259, A.D. 1999-Dec-02 11:22:56.0000,  1.969743812086164E+07,  4.862154046637350E+08, -3.014175184689447E+07,
2451515.974259259, A.D. 1999-Dec-03 11:22:56.0000,  1.830526402593950E+07,  4.862737719833185E+08, -3.039137009816599E+07,
2451516.974259259, A.D. 1999-Dec-04 11:22:56.0000,  1.691293486846510E+07,  4.863279812851288E+08, -3.064072849391812E+07,
2451517.974259259, A.D. 1999-Dec-05 11:22:56.0000,  1.552046256938715E+07,  4.863780326126876E+08, -3.088982493280709E+07,
2451518.974259259, A.D. 1999-Dec-06 11:22:56.0000,  1.412785904746722E+07,  4.864239260433849E+08, -3.113865731611943E+07,
2451519.974259259, A.D. 1999-Dec-07 11:22:56.0000,  1.273513621925914E+07,  4.864656616884436E+08, -3.138722354779392E+07,
2451520.974259259, A.D. 1999-Dec-08 11:22:56.0000,  1.134230599908121E+07,  4.865032396928970E+08, -3.163552153444195E+07,
2451521.974259259, A.D. 1999-Dec-09 11:22:56.0000,  9.949380298980583E+06,  4.865366602355719E+08, -3.188354918536639E+07,
2451522.974259259, A.D. 1999-Dec-10 11:22:56.0000,  8.556371028690577E+06,  4.865659235290790E+08, -3.213130441257948E+07,
2451523.974259259, A.D. 1999-Dec-11 11:22:56.0000,  7.163290095581082E+06,  4.865910298198065E+08, -3.237878513081947E+07,
2451524.974259259, A.D. 1999-Dec-12 11:22:56.0000,  5.770149404601253E+06,  4.866119793879155E+08, -3.262598925756681E+07,
2451525.974259259, A.D. 1999-Dec-13 11:22:56.0000,  4.376960858217812E+06,  4.866287725473373E+08, -3.287291471305901E+07,
2451526.974259259, A.D. 1999-Dec-14 11:22:56.0000,  2.983736356347461E+06,  4.866414096457700E+08, -3.311955942030549E+07,
2451527.974259259, A.D. 1999-Dec-15 11:22:56.0000,  1.590487796285425E+06,  4.866498910646749E+08, -3.336592130510184E+07,
2451528.974259259, A.D. 1999-Dec-16 11:22:56.0000,  1.972270726295373E+05,  4.866542172192718E+08, -3.361199829604372E+07,
2451529.974259259, A.D. 1999-Dec-17 11:22:56.0000, -1.196033922797905E+06,  4.866543885585338E+08, -3.385778832454053E+07,
2451530.974259259, A.D. 1999-Dec-18 11:22:56.0000, -2.589283301031081E+06,  4.866504055651799E+08, -3.410328932482904E+07,
2451531.974259259, A.D. 1999-Dec-19 11:22:56.0000, -3.982509176044095E+06,  4.866422687556665E+08, -3.434849923398629E+07,
2451532.974259259, A.D. 1999-Dec-20 11:22:56.0000, -5.375699664835495E+06,  4.866299786801771E+08, -3.459341599194348E+07,
2451533.974259259, A.D. 1999-Dec-21 11:22:56.0000, -6.768842887514459E+06,  4.866135359226115E+08, -3.483803754149842E+07,
2451534.974259259, A.D. 1999-Dec-22 11:22:56.0000, -8.161926967387935E+06,  4.865929411005719E+08, -3.508236182832941E+07,
2451535.974259259, A.D. 1999-Dec-23 11:22:56.0000, -9.554940031048631E+06,  4.865681948653495E+08, -3.532638680100775E+07,
2451536.974259259, A.D. 1999-Dec-24 11:22:56.0000, -1.094787020846358E+07,  4.865392979019082E+08, -3.557011041101110E+07,
2451537.974259259, A.D. 1999-Dec-25 11:22:56.0000, -1.234070563306317E+07,  4.865062509288673E+08, -3.581353061273643E+07,
2451538.974259259, A.D. 1999-Dec-26 11:22:56.0000, -1.373343444183051E+07,  4.864690546984846E+08, -3.605664536351326E+07,
2451539.974259259, A.D. 1999-Dec-27 11:22:56.0000, -1.512604477539098E+07,  4.864277099966364E+08, -3.629945262361667E+07,
2451540.974259259, A.D. 1999-Dec-28 11:22:56.0000, -1.651852477810197E+07,  4.863822176427975E+08, -3.654195035628021E+07,
2451541.974259259, A.D. 1999-Dec-29 11:22:56.0000, -1.791086259814261E+07,  4.863325784900197E+08, -3.678413652770925E+07,
2451542.974259259, A.D. 1999-Dec-30 11:22:56.0000, -1.930304638760357E+07,  4.862787934249101E+08, -3.702600910709405E+07,
