JDTDB,Calendar Date (TDB),X,Y,Z,
2450830.372372685, A.D. 1998-Jan-16 20:56:13.0000,  3.663908463840234E+08,  4.434817165811372E+08,  1.744633730361715E+07,
2450831.372372685, A.D. 1998-Jan-17 20:56:13.0000,  3.652683768654642E+08,  4.441895116467867E+08,  1.743502503574648E+07,
2450832.372372685, A.D. 1998-Jan-18 20:56:13.0000,  3.641440066676123E+08,  4.448949954711727E+08,  1.742362203247738E+07,
2450833.372372685, A.D. 1998-Jan-19 20:56:13.0000,  3.630177399847993E+08,  4.455981623604593E+08,  1.741212827380249E+07,
2450834.372372685, A.D. 1998-Jan-20 20:56:13.0000,  3.618895810296669E+08,  4.462990066244246E+08,  1.740054374020576E+07,
2450835.372372685, A.D. 1998-Jan-21 20:56:13.0000,  3.607595340331860E+08,  4.469975225765245E+08,  1.738886841266623E+07,
2450836.372372685, A.D. 1998-Jan-22 20:56:13.0000,  3.596276032446772E+08,  4.476937045339561E+08,  1.737710227266011E+07,
2450837.372372685, A.D. 1998-Jan-23 20:56:13.0000,  3.584937929318302E+08,  4.483875468177199E+08,  1.736524530216369E+07,
2450838.372372685, A.D. 1998-Jan-24 20:56:13.0000,  3.573581073807219E+08,  4.490790437526827E+08,  1.735329748365626E+07,
2450839.372372685, A.D. 1998-Jan-25 20:56:13.0000,  3.562205508958356E+08,  4.497681896676378E+08,  1.734125880012247E+07,
2450840.372372685, A.D. 1998-Jan-26 20:56:13.0000,  3.550811278000795E+08,  4.504549788953668E+08,  1.732912923505497E+07,
2450841.372372685, A.D. 1998-Jan-27 20:56:13.0000,  3.539398424348043E+08,  4.511394057726994E+08,  1.731690877245712E+07,
2450842.372372685, A.D. 1998-Jan-28 20:56:13.0000,  3.527966991598213E+08,  4.518214646405740E+08,  1.730459739684555E+07,
2450843.372372685, A.D. 1998-Jan-29 20:56:13.0000,  3.516517023534202E+08,  4.525011498440961E+08,  1.729219509325242E+07,
2450844.372372685, A.D. 1998-Jan-30 20:56:13.0000,  3.505048564123866E+08,  4.531784557325985E+08,  1.727970184722811E+07,
2450845.372372685, A.D. 1998-Jan-31 20:56:13.0000,  3.493561657520191E+08,  4.538533766596996E+08,  1.726711764484355E+07,
2450846.372372685, A.D. 1998-Feb-01 20:56:13.0000,  3.482056348061469E+08,  4.545259069833611E+08,  1.725444247269249E+07,
2450847.372372685, A.D. 1998-Feb-02 20:56:13.0000,  3.470532680271466E+08,  4.551960410659463E+08,  1.724167631789404E+07,
2450848.372372685, A.D. 1998-Feb-03 20:56:13.0000,  3.458990698859593E+08,  4.558637732742776E+08,  1.722881916809484E+07,
2450849.372372685, A.D. 1998-Feb-04 20:56:13.0000,  3.447430448721071E+08,  4.565290979796928E+08,  1.721587101147109E+07,
2450850.372372685, A.D. 1998-Feb-05 20:56:13.0000,  3.435851974937100E+08,  4.571920095581021E+08,  1.720283183673123E+07,
2450851.372372685, A.D. 1998-Feb-06 20:56:13.0000,  3.424255322775026E+08,  4.578525023900436E+08,  1.718970163311747E+07,
2450852.372372685, A.D. 1998-Feb-07 20:56:13.0000,  3.412640537688504E+08,  4.585105708607385E+08,  1.717648039040843E+07,
2450853.372372685, A.D. 1998-Feb-08 20:56:13.0000,  3.401007665317662E+08,  4.591662093601462E+08,  1.716316809892043E+07,
2450854.372372685, A.D. 1998-Feb-09 20:56:13.0000,  3.389356751489269E+08,  4.598194122830173E+08,  1.714976474951008E+07,
2450855.372372685, A.D. 1998-Feb-10 20:56:13.0000,  3.377687842216895E+08,  4.604701740289469E+08,  1.713627033357555E+07,
2450856.372372685, A.D. 1998-Feb-11 20:56:13.0000,  3.366000983701084E+08,  4.611184890024270E+08,  1.712268484305844E+07,
2450857.372372685, A.D. 1998-Feb-12 20:56:13.0000,  3.354296222329521E+08,  4.617643516128967E+08,  1.710900827044529E+07,
2450858.372372685, A.D. 1998-Feb-13 20:56:13.0000,  3.342573604677199E+08,  4.624077562747924E+08,  1.709524060876897E+07,
2450859.372372685, A.D. 1998-Feb-14 20:56:13.0000,  3.330833177506607E+08,  4.630486974075959E+08,  1.708138185160989E+07,
2450860.372372685, A.D. 1998-Feb-15 20:56:13.0000,  3.319074987767913E+08,  4.636871694358817E+08,  1.706743199309671E+07,
2450861.372372685, A.D. 1998-Feb-16 20:56:13.0000,  3.307299082599155E+08,  4.643231667893620E+08,  1.705339102790728E+07,
2450862.372372685, A.D. 1998-Feb-17 20:56:13.0000,  3.295505509326462E+08,  4.649566839029298E+08,  1.703925895126909E+07,
2450863.372372685, A.D. 1998-Feb-18 20:56:13.0000,  3.283694315464272E+08,  4.655877152167013E+08,  1.702503575895897E+07,
2450864.372372685, A.D. 1998-Feb-19 20:56:13.0000,  3.271865548715592E+08,  4.662162551760545E+08,  1.701072144730327E+07,
2450865.372372685, A.D. 1998-Feb-20 20:56:13.0000,  3.260019256972272E+08,  4.668422982316683E+08,  1.699631601317620E+07,
2450866.372372685, A.D. 1998-Feb-21 20:56:13.0000,  3.248155488315333E+08,  4.674658388395566E+08,  1.698181945399967E+07,
2450867.372372685, A.D. 1998-Feb-22 20:56:13.0000,  3.236274291015316E+08,  4.680868714611032E+08,  1.696723176774007E+07,
2450868.372372685, A.D. 1998-Feb-23 20:56:13.0000,  3.224375713532717E+08,  4.687053905630947E+08,  1.695255295290658E+07,
2450869.372372685, A.D. 1998-Feb-24 20:56:13.0000,  3.212459804518459E+08,  4.693213906177517E+08,  1.693778300854748E+07,
2450870.372372685, A.D. 1998-Feb-25 20:56:13.0000,  3.200526612814458E+08,  4.699348661027614E+08,  1.692292193424633E+07,
2450871.372372685, A.D. 1998-Feb-26 20:56:13.0000,  3.188576187454281E+08,  4.705458115013117E+08,  1.690796973011687E+07,
2450872.372372685, A.D. 1998-Feb-27 20:56:13.0000,  3.176608577663894E+08,  4.711542213021283E+08,  1.689292639679816E+07,
2450873.372372685, A.D. 1998-Feb-28 20:56:13.0000,  3.164623832862527E+08,  4.717600899995182E+08,  1.687779193544808E+07,
2450874.372372685, A.D. 1998-Mar-01 20:56:13.0000,  3.152622002663656E+08,  4.723634120934220E+08,  1.686256634773716E+07,
2450875.372372685, A.D. 1998-Mar-02 20:56:13.0000,  3.140603136876088E+08,  4.729641820894789E+08,  1.684724963584220E+07,
2450876.372372685, A.D. 1998-Mar-03 20:56:13.0000,  3.128567285505160E+08,  4.735623944991090E+08,  1.683184180244055E+07,
2450877.372372685, A.D. 1998-Mar-04 20:56:13.0000,  3.116514498753996E+08,  4.741580438396163E+08,  1.681634285070488E+07,
2450878.372372685, A.D. 1998-Mar-05 20:56:13.0000,  3.104444827024808E+08,  4.747511246343175E+08,  1.680075278430006E+07,
2450879.372372685, A.D. 1998-Mar-06 20:56:13.0000,  3.092358320920161E+08,  4.753416314127012E+08,  1.678507160738286E+07,
2450880.372372685, A.D. 1998-Mar-07 20:56:13.0000,  3.080255031244128E+08,  4.759295587106168E+08,  1.676929932460478E+07,
2450881.372372685, A.D. 1998-Mar-08 20:56:13.0000,  3.068135009003242E+08,  4.765149010704954E+08,  1.675343594111949E+07,
2450882.372372685, A.D. 1998-Mar-09 20:56:13.0000,  3.055998305407119E+08,  4.770976530415972E+08,  1.673748146259531E+07,
2450883.372372685, A.D. 1998-Mar-10 20:56:13.0000,  3.043844971868715E+08,  4.776778091802799E+08,  1.672143589523289E+07,
2450884.372372685, A.D. 1998-Mar-11 20:56:13.0000,  3.031675060004043E+08,  4.782553640502748E+08,  1.670529924578804E+07,
2450885.372372685, A.D. 1998-Mar-12 20:56:13.0000,  3.019488621631395E+08,  4.788303122229551E+08,  1.668907152159920E+07,
2450886.372372685, A.D. 1998-Mar-13 20:56:13.0000,  3.007285708770040E+08,  4.794026482775850E+08,  1.667275273061720E+07,
2450887.372372685, A.D. 1998-Mar-14 20:56:13.0000,  2.995066373638474E+08,  4.799723668015280E+08,  1.665634288143617E+07,
2450888.372372685, A.D. 1998-Mar-15 20:56:13.0000,  2.982830668652335E+08,  4.805394623904057E+08,  1.663984198332348E+07,
2450889.372372685, A.D. 1998-Mar-16 20:56:13.0000,  2.970578646422164E+08,  4.811039296481957E+08,  1.662325004624635E+07,
2450890.372372685, A.D. 1998-Mar-17 20:56:13.0000,  2.958310359751199E+08,  4.816657631872715E+08,  1.660656708089244E+07,
2450891.372372685, A.D. 1998-Mar-18 20:56:13.0000,  2.946025861633359E+08,  4.822249576283862E+08,  1.658979309868509E+07,
2450892.372372685, A.D. 1998-Mar-19 20:56:13.0000,  2.933725205251559E+08,  4.827815076006104E+08,  1.657292811179107E+07,
2450893.372372685, A.D. 1998-Mar-20 20:56:13.0000,  2.921408443976473E+08,  4.833354077412391E+08,  1.655597213312224E+07,
2450894.372372685, A.D. 1998-Mar-21 20:56:13.0000,  2.909075631365752E+08,  4.838866526956818E+08,  1.653892517633075E+07,
2450895.372372685, A.D. 1998-Mar-22 20:56:13.0000,  2.896726821163718E+08,  4.844352371173517E+08,  1.652178725580040E+07,
2450896.372372685, A.D. 1998-Mar-23 20:56:13.0000,  2.884362067301468E+08,  4.849811556675630E+08,  1.650455838663498E+07,
2450897.372372685, A.D. 1998-Mar-24 20:56:13.0000,  2.871981423897296E+08,  4.855244030154452E+08,  1.648723858464429E+07,
2450898.372372685, A.D. 1998-Mar-25 20:56:13.0000,  2.859584945257401E+08,  4.860649738378832E+08,  1.646982786633030E+07,
2450899.372372685, A.D. 1998-Mar-26 20:56:13.0000,  2.847172685876737E+08,  4.866028628194800E+08,  1.645232624887365E+07,
2450900.372372685, A.D. 1998-Mar-27 20:56:13.0000,  2.834744700439972E+08,  4.871380646525456E+08,  1.643473375012070E+07,
2450901.372372685, A.D. 1998-Mar-28 20:56:13.0000,  2.822301043822477E+08,  4.876705740371092E+08,  1.641705038857308E+07,
2450902.372372685, A.D. 1998-Mar-29 20:56:13.0000,  2.809841771091307E+08,  4.882003856809512E+08,  1.639927618337798E+07,
2450903.372372685, A.D. 1998-Mar-30 20:56:13.0000,  2.797366937506130E+08,  4.887274942996534E+08,  1.638141115432099E+07,
2450904.372372685, A.D. 1998-Mar-31 20:56:13.0000,  2.784876598520101E+08,  4.892518946166614E+08,  1.636345532182005E+07,
2450905.372372685, A.D. 1998-Apr-01 20:56:13.0000,  2.772370809780648E+08,  4.897735813633598E+08,  1.634540870692131E+07,
2450906.372372685, A.D. 1998-Apr-02 20:56:13.0000,  2.759849627130188E+08,  4.902925492791543E+08,  1.632727133129621E+07,
2450907.372372685, A.D. 1998-Apr-03 20:56:13.0000,  2.747313106606758E+08,  4.908087931115601E+08,  1.630904321723962E+07,
2450908.372372685, A.D. 1998-Apr-04 20:56:13.0000,  2.734761304444568E+08,  4.913223076162940E+08,  1.629072438766897E+07,
2450909.372372685, A.D. 1998-Apr-05 20:56:13.0000,  2.722194277074497E+08,  4.918330875573698E+08,  1.627231486612445E+07,
2450910.372372685, A.D. 1998-Apr-06 20:56:13.0000,  2.709612081124511E+08,  4.923411277071945E+08,  1.625381467676944E+07,
2450911.372372685, A.D. 1998-Apr-07 20:56:13.0000,  2.697014773420045E+08,  4.928464228466654E+08,  1.623522384439152E+07,
2450912.372372685, A.D. 1998-Apr-08 20:56:13.0000,  2.684402410984316E+08,  4.933489677652672E+08,  1.621654239440447E+07,
2450913.372372685, A.D. 1998-Apr-09 20:56:13.0000,  2.671775051038619E+08,  4.938487572611694E+08,  1.619777035284910E+07,
2450914.372372685, A.D. 1998-Apr-10 20:56:13.0000,  2.659132751002563E+08,  4.943457861413217E+08,  1.617890774639630E+07,
2450915.372372685, A.D. 1998-Apr-11 20:56:13.0000,  2.646475568494302E+08,  4.948400492215500E+08,  1.615995460234845E+07,
2450916.372372685, A.D. 1998-Apr-12 20:56:13.0000,  2.633803561330720E+08,  4.953315413266511E+08,  1.614091094864210E+07,
2450917.372372685, A.D. 1998-Apr-13 20:56:13.0000,  2.621116787527606E+08,  4.958202572904858E+08,  1.612177681384993E+07,
2450918.372372685, A.D. 1998-Apr-14 20:56:13.0000,  2.608415305299806E+08,  4.963061919560727E+08,  1.610255222718349E+07,
2450919.372372685, A.D. 1998-Apr-15 20:56:13.0000,  2.595699173061365E+08,  4.967893401756796E+08,  1.608323721849525E+07,
2450920.372372685, A.D. 1998-Apr-16 20:56:13.0000,  2.582968449425645E+08,  4.972696968109151E+08,  1.606383181828102E+07,
2450921.372372685, A.D. 1998-Apr-17 20:56:13.0000,  2.570223193205443E+08,  4.977472567328190E+08,  1.604433605768275E+07,
2450922.372372685, A.D. 1998-Apr-18 20:56:13.0000,  2.557463463413091E+08,  4.982220148219524E+08,  1.602474996849024E+07,
2450923.372372685, A.D. 1998-Apr-19 20:56:13.0000,  2.544689319260552E+08,  4.986939659684871E+08,  1.600507358314386E+07,
2450924.372372685, A.D. 1998-Apr-20 20:56:13.0000,  2.531900820159504E+08,  4.991631050722945E+08,  1.598530693473676E+07,
2450925.372372685, A.D. 1998-Apr-21 20:56:13.0000,  2.519098025721420E+08,  4.996294270430338E+08,  1.596545005701727E+07,
2450926.372372685, A.D. 1998-Apr-22 20:56:13.0000,  2.506280995757642E+08,  5.000929268002402E+08,  1.594550298439074E+07,
2450927.372372685, A.D. 1998-Apr-23 20:56:13.0000,  2.493449790279444E+08,  5.005535992734129E+08,  1.592546575192210E+07,
2450928.372372685, A.D. 1998-Apr-24 20:56:13.0000,  2.480604469498093E+08,  5.010114394021018E+08,  1.590533839533788E+07,
2450929.372372685, A.D. 1998-Apr-25 20:56:13.0000,  2.467745093824910E+08,  5.014664421359951E+08,  1.588512095102844E+07,
2450930.372372685, A.D. 1998-Apr-26 20:56:13.0000,  2.454871723871309E+08,  5.019186024350060E+08,  1.586481345604983E+07,
2450931.372372685, A.D. 1998-Apr-27 20:56:13.0000,  2.441984420448852E+08,  5.023679152693595E+08,  1.584441594812617E+07,
2450932.372372685, A.D. 1998-Apr-28 20:56:13.0000,  2.429083244569286E+08,  5.028143756196785E+08,  1.582392846565133E+07,
2450933.372372685, A.D. 1998-Apr-29 20:56:13.0000,  2.416168257444572E+08,  5.032579784770697E+08,  1.580335104769135E+07,
2450934.372372685, A.D. 1998-Apr-30 20:56:13.0000,  2.403239520486922E+08,  5.036987188432107E+08,  1.578268373398575E+07,
2450935.372372685, A.D. 1998-May-01 20:56:13.0000,  2.390297095308819E+08,  5.041365917304343E+08,  1.576192656495017E+07,
2450936.372372685, A.D. 1998-May-02 20:56:13.0000,  2.377341043723041E+08,  5.045715921618146E+08,  1.574107958167779E+07,
2450937.372372685, A.D. 1998-May-03 20:56:13.0000,  2.364371427742670E+08,  5.050037151712519E+08,  1.572014282594129E+07,
2450938.372372685, A.D. 1998-May-04 20:56:13.0000,  2.351388309581108E+08,  5.054329558035579E+08,  1.569911634019461E+07,
2450939.372372685, A.D. 1998-May-05 20:56:13.0000,  2.338391751652080E+08,  5.058593091145394E+08,  1.567800016757467E+07,
2450940.372372685, A.D. 1998-May-06 20:56:13.0000,  2.325381816569631E+08,  5.062827701710823E+08,  1.565679435190314E+07,
2450941.372372685, A.D. 1998-May-07 20:56:13.0000,  2.312358567148131E+08,  5.067033340512354E+08,  1.563549893768796E+07,
2450942.372372685, A.D. 1998-May-08 20:56:13.0000,  2.299322066402259E+08,  5.071209958442928E+08,  1.561411397012484E+07,
2450943.372372685, A.D. 1998-May-09 20:56:13.0000,  2.286272377546998E+08,  5.075357506508755E+08,  1.559263949509865E+07,
2450944.372372685, A.D. 1998-May-10 20:56:13.0000,  2.273209563997622E+08,  5.079475935830131E+08,  1.557107555918488E+07,
2450945.372372685, A.D. 1998-May-11 20:56:13.0000,  2.260133689369678E+08,  5.083565197642236E+08,  1.554942220965070E+07,
2450946.372372685, A.D. 1998-May-12 20:56:13.0000,  2.247044817478976E+08,  5.087625243295925E+08,  1.552767949445602E+07,
2450947.372372685, A.D. 1998-May-13 20:56:13.0000,  2.233943012341569E+08,  5.091656024258507E+08,  1.550584746225441E+07,
2450948.372372685, A.D. 1998-May-14 20:56:13.0000,  2.220828338173752E+08,  5.095657492114506E+08,  1.548392616239351E+07,
2450949.372372685, A.D. 1998-May-15 20:56:13.0000,  2.207700859392053E+08,  5.099629598566409E+08,  1.546191564491588E+07,
2450950.372372685, A.D. 1998-May-16 20:56:13.0000,  2.194560640613242E+08,  5.103572295435400E+08,  1.543981596055838E+07,
2450951.372372685, A.D. 1998-May-17 20:56:13.0000,  2.181407746654351E+08,  5.107485534662070E+08,  1.541762716075256E+07,
2450952.372372685, A.D. 1998-May-18 20:56:13.0000,  2.168242242532716E+08,  5.111369268307108E+08,  1.539534929762354E+07,
2450953.372372685, A.D. 1998-May-19 20:56:13.0000,  2.155064193466039E+08,  5.115223448551980E+08,  1.537298242398942E+07,
2450954.372372685, A.D. 1998-May-20 20:56:13.0000,  2.141873664872489E+08,  5.119048027699578E+08,  1.535052659335905E+07,
2450955.372372685, A.D. 1998-May-21 20:56:13.0000,  2.128670722370839E+08,  5.122842958174864E+08,  1.532798185993013E+07,
2450956.372372685, A.D. 1998-May-22 20:56:13.0000,  2.115455431780660E+08,  5.126608192525488E+08,  1.530534827858645E+07,
2450957.372372685, A.D. 1998-May-23 20:56:13.0000,  2.102227859122569E+08,  5.130343683422410E+08,  1.528262590489385E+07,
2450958.372372685, A.D. 1998-May-24 20:56:13.0000,  2.088988070618564E+08,  5.134049383660523E+08,  1.525981479509652E+07,
2450959.372372685, A.D. 1998-May-25 20:56:13.0000,  2.075736132692427E+08,  5.137725246159285E+08,  1.523691500611186E+07,
2450960.372372685, A.D. 1998-May-26 20:56:13.0000,  2.062472111970246E+08,  5.141371223963403E+08,  1.521392659552446E+07,
2450961.372372685, A.D. 1998-May-27 20:56:13.0000,  2.049196075281015E+08,  5.144987270243555E+08,  1.519084962158024E+07,
2450962.372372685, A.D. 1998-May-28 20:56:13.0000,  2.035908089657385E+08,  5.148573338297222E+08,  1.516768414317968E+07,
2450963.372372685, A.D. 1998-May-29 20:56:13.0000,  2.022608222336464E+08,  5.152129381549640E+08,  1.514443021987161E+07,
2450964.372372685, A.D. 1998-May-30 20:56:13.0000,  2.009296540760775E+08,  5.155655353554918E+08,  1.512108791184679E+07,
2450965.372372685, A.D. 1998-May-31 20:56:13.0000,  1.995973112579249E+08,  5.159151207997382E+08,  1.509765727993283E+07,
2450966.372372685, A.D. 1998-Jun-01 20:56:13.0000,  1.982638005648237E+08,  5.162616898693166E+08,  1.507413838559094E+07,
2450967.372372685, A.D. 1998-Jun-02 20:56:13.0000,  1.969291288032502E+08,  5.166052379592099E+08,  1.505053129091570E+07,
2450968.372372685, A.D. 1998-Jun-03 20:56:13.0000,  1.955933028006090E+08,  5.169457604779909E+08,  1.502683605863756E+07,
2450969.372372685, A.D. 1998-Jun-04 20:56:13.0000,  1.942563294052981E+08,  5.172832528480729E+08,  1.500305275213060E+07,
2450970.372372685, A.D. 1998-Jun-05 20:56:13.0000,  1.929182154867434E+08,  5.176177105059874E+08,  1.497918143542463E+07,
2450971.372372685, A.D. 1998-Jun-06 20:56:13.0000,  1.915789679353900E+08,  5.179491289026821E+08,  1.495522217322323E+07,
2450972.372372685, A.D. 1998-Jun-07 20:56:13.0000,  1.902385936626449E+08,  5.182775035038251E+08,  1.493117503092659E+07,
2450973.372372685, A.D. 1998-Jun-08 20:56:13.0000,  1.888970996007669E+08,  5.186028297901041E+08,  1.490704007465851E+07,
2450974.372372685, A.D. 1998-Jun-09 20:56:13.0000,  1.875544927027045E+08,  5.189251032575011E+08,  1.488281737129670E+07,
2450975.372372685, A.D. 1998-Jun-10 20:56:13.0000,  1.862107799418879E+08,  5.192443194175293E+08,  1.485850698850298E+07,
2450976.372372685, A.D. 1998-Jun-11 20:56:13.0000,  1.848659683119881E+08,  5.195604737974179E+08,  1.483410899475381E+07,
2450977.372372685, A.D. 1998-Jun-12 20:56:13.0000,  1.835200648266632E+08,  5.198735619402378E+08,  1.480962345936561E+07,
2450978.372372685, A.D. 1998-Jun-13 20:56:13.0000,  1.821730765193034E+08,  5.201835794049673E+08,  1.478505045251590E+07,
2450979.372372685, A.D. 1998-Jun-14 20:56:13.0000,  1.808250104427979E+08,  5.204905217665026E+08,  1.476039004525799E+07,
2450980.372372685, A.D. 1998-Jun-15 20:56:13.0000,  1.794758736693357E+08,  5.207943846156216E+08,  1.473564230952841E+07,
2450981.372372685, A.D. 1998-Jun-16 20:56:13.0000,  1.781256732902485E+08,  5.210951635589195E+08,  1.471080731814790E+07,
2450982.372372685, A.D. 1998-Jun-17 20:56:13.0000,  1.767744164159008E+08,  5.213928542187256E+08,  1.468588514481726E+07,
2450983.372372685, A.D. 1998-Jun-18 20:56:13.0000,  1.754221101756260E+08,  5.216874522330196E+08,  1.466087586410770E+07,
2450984.372372685, A.D. 1998-Jun-19 20:56:13.0000,  1.740687617177026E+08,  5.219789532553566E+08,  1.463577955144924E+07,
2450985.372372685, A.D. 1998-Jun-20 20:56:13.0000,  1.727143782093633E+08,  5.222673529548103E+08,  1.461059628311700E+07,
2450986.372372685, A.D. 1998-Jun-21 20:56:13.0000,  1.713589668368295E+08,  5.225526470159398E+08,  1.458532613621670E+07,
2450987.372372685, A.D. 1998-Jun-22 20:56:13.0000,  1.700025348053613E+08,  5.228348311387792E+08,  1.455996918867156E+07,
2450988.372372685, A.D. 1998-Jun-23 20:56:13.0000,  1.686450893393176E+08,  5.231139010388547E+08,  1.453452551920915E+07,
2450989.372372685, A.D. 1998-Jun-24 20:56:13.0000,  1.672866376822176E+08,  5.233898524472236E+08,  1.450899520735079E+07,
2450990.372372685, A.D. 1998-Jun-25 20:56:13.0000,  1.659271870968015E+08,  5.236626811105326E+08,  1.448337833340243E+07,
2450991.372372685, A.D. 1998-Jun-26 20:56:13.0000,  1.645667448650867E+08,  5.239323827910943E+08,  1.445767497844651E+07,
2450992.372372685, A.D. 1998-Jun-27 20:56:13.0000,  1.632053182884158E+08,  5.241989532669755E+08,  1.443188522433674E+07,
2450993.372372685, A.D. 1998-Jun-28 20:56:13.0000,  1.618429146874976E+08,  5.244623883320993E+08,  1.440600915369368E+07,
2450994.372372685, A.D. 1998-Jun-29 20:56:13.0000,  1.604795414024394E+08,  5.247226837963506E+08,  1.438004684990147E+07,
2450995.372372685, A.D. 1998-Jun-30 20:56:13.0000,  1.591152057927706E+08,  5.249798354856908E+08,  1.435399839710656E+07,
2450996.372372685, A.D. 1998-Jul-01 20:56:13.0000,  1.577499152374593E+08,  5.252338392422746E+08,  1.432786388021648E+07,
2450997.372372685, A.D. 1998-Jul-02 20:56:13.0000,  1.563836771349206E+08,  5.254846909245697E+08,  1.430164338489977E+07,
2450998.372372685, A.D. 1998-Jul-03 20:56:13.0000,  1.550164989030196E+08,  5.257323864074769E+08,  1.427533699758685E+07,
2450999.372372685, A.D. 1998-Jul-04 20:56:13.0000,  1.536483879790675E+08,  5.259769215824517E+08,  1.424894480547071E+07,
2451000.372372685, A.D. 1998-Jul-05 20:56:13.0000,  1.522793518198134E+08,  5.262182923576249E+08,  1.422246689650875E+07,
2451001.372372685, A.D. 1998-Jul-06 20:56:13.0000,  1.509093979014314E+08,  5.264564946579226E+08,  1.419590335942420E+07,
2451002.372372685, A.D. 1998-Jul-07 20:56:13.0000,  1.495385337195036E+08,  5.266915244251862E+08,  1.416925428370818E+07,
2451003.372372685, A.D. 1998-Jul-08 20:56:13.0000,  1.481667667890007E+08,  5.269233776182892E+08,  1.414251975962180E+07,
2451004.372372685, A.D. 1998-Jul-09 20:56:13.0000,  1.467941046442586E+08,  5.271520502132561E+08,  1.411569987819847E+07,
2451005.372372685, A.D. 1998-Jul-10 20:56:13.0000,  1.454205548389530E+08,  5.273775382033771E+08,  1.408879473124579E+07,
2451006.372372685, A.D. 1998-Jul-11 20:56:13.0000,  1.440461249460721E+08,  5.275998375993233E+08,  1.406180441134834E+07,
2451007.372372685, A.D. 1998-Jul-12 20:56:13.0000,  1.426708225578875E+08,  5.278189444292602E+08,  1.403472901186970E+07,
2451008.372372685, A.D. 1998-Jul-13 20:56:13.0000,  1.412946552859226E+08,  5.280348547389604E+08,  1.400756862695476E+07,
2451009.372372685, A.D. 1998-Jul-14 20:56:13.0000,  1.399176307609204E+08,  5.282475645919154E+08,  1.398032335153210E+07,
2451010.372372685, A.D. 1998-Jul-15 20:56:13.0000,  1.385397566328100E+08,  5.284570700694456E+08,  1.395299328131634E+07,
2451011.372372685, A.D. 1998-Jul-16 20:56:13.0000,  1.371610405706705E+08,  5.286633672708106E+08,  1.392557851281023E+07,
2451012.372372685, A.D. 1998-Jul-17 20:56:13.0000,  1.357814902626967E+08,  5.288664523133177E+08,  1.389807914330679E+07,
2451013.372372685, A.D. 1998-Jul-18 20:56:13.0000,  1.344011134161603E+08,  5.290663213324300E+08,  1.387049527089188E+07,
2451014.372372685, A.D. 1998-Jul-19 20:56:13.0000,  1.330199177573732E+08,  5.292629704818738E+08,  1.384282699444595E+07,
2451015.372372685, A.D. 1998-Jul-20 20:56:13.0000,  1.316379110316477E+08,  5.294563959337454E+08,  1.381507441364613E+07,
2451016.372372685, A.D. 1998-Jul-21 20:56:13.0000,  1.302551010032572E+08,  5.296465938786176E+08,  1.378723762896866E+07,
2451017.372372685, A.D. 1998-Jul-22 20:56:13.0000,  1.288714954553956E+08,  5.298335605256433E+08,  1.375931674169043E+07,
2451018.372372685, A.D. 1998-Jul-23 20:56:13.0000,  1.274871021901361E+08,  5.300172921026617E+08,  1.373131185389140E+07,
2451019.372372685, A.D. 1998-Jul-24 20:56:13.0000,  1.261019290283885E+08,  5.301977848563025E+08,  1.370322306845611E+07,
2451020.372372685, A.D. 1998-Jul-25 20:56:13.0000,  1.247159838098572E+08,  5.303750350520883E+08,  1.367505048907599E+07,
2451021.372372685, A.D. 1998-Jul-26 20:56:13.0000,  1.233292743929965E+08,  5.305490389745386E+08,  1.364679422025087E+07,
2451022.372372685, A.D. 1998-Jul-27 20:56:13.0000,  1.219418086549672E+08,  5.307197929272717E+08,  1.361845436729091E+07,
2451023.372372685, A.D. 1998-Jul-28 20:56:13.0000,  1.205535944915907E+08,  5.308872932331061E+08,  1.359003103631842E+07,
2451024.372372685, A.D. 1998-Jul-29 20:56:13.0000,  1.191646398173037E+08,  5.310515362341616E+08,  1.356152433426958E+07,
2451025.372372685, A.D. 1998-Jul-30 20:56:13.0000,  1.177749525651113E+08,  5.312125182919599E+08,  1.353293436889592E+07,
2451026.372372685, A.D. 1998-Jul-31 20:56:13.0000,  1.163845406865395E+08,  5.313702357875239E+08,  1.350426124876601E+07,
2451027.372372685, A.D. 1998-Aug-01 20:56:13.0000,  1.149934121515879E+08,  5.315246851214758E+08,  1.347550508326703E+07,
2451028.372372685, A.D. 1998-Aug-02 20:56:13.0000,  1.136015749486804E+08,  5.316758627141358E+08,  1.344666598260644E+07,
2451029.372372685, A.D. 1998-Aug-03 20:56:13.0000,  1.122090370846160E+08,  5.318237650056188E+08,  1.341774405781281E+07,
2451030.372372685, A.D. 1998-Aug-04 20:56:13.0000,  1.108158065845191E+08,  5.319683884559298E+08,  1.338873942073771E+07,
2451031.372372685, A.D. 1998-Aug-05 20:56:13.0000,  1.094218914917891E+08,  5.321097295450582E+08,  1.335965218405640E+07,
2451032.372372685, A.D. 1998-Aug-06 20:56:13.0000,  1.080272998680496E+08,  5.322477847730721E+08,  1.333048246126944E+07,
2451033.372372685, A.D. 1998-Aug-07 20:56:13.0000,  1.066320397930968E+08,  5.323825506602095E+08,  1.330123036670285E+07,
2451034.372372685, A.D. 1998-Aug-08 20:56:13.0000,  1.052361193648485E+08,  5.325140237469689E+08,  1.327189601550969E+07,
2451035.372372685, A.D. 1998-Aug-09 20:56:13.0000,  1.038395466992927E+08,  5.326422005941977E+08,  1.324247952367005E+07,
2451036.372372685, A.D. 1998-Aug-10 20:56:13.0000,  1.024423299304361E+08,  5.327670777831792E+08,  1.321298100799152E+07,
2451037.372372685, A.D. 1998-Aug-11 20:56:13.0000,  1.010444772102537E+08,  5.328886519157177E+08,  1.318340058610940E+07,
2451038.372372685, A.D. 1998-Aug-12 20:56:13.0000,  9.964599670863873E+07,  5.330069196142204E+08,  1.315373837648615E+07,
2451039.372372685, A.D. 1998-Aug-13 20:56:13.0000,  9.824689661335382E+07,  5.331218775217783E+08,  1.312399449841118E+07,
2451040.372372685, A.D. 1998-Aug-14 20:56:13.0000,  9.684718512998451E+07,  5.332335223022439E+08,  1.309416907199943E+07,
2451041.372372685, A.D. 1998-Aug-15 20:56:13.0000,  9.544687048189460E+07,  5.333418506403071E+08,  1.306426221819019E+07,
2451042.372372685, A.D. 1998-Aug-16 20:56:13.0000,  9.404596091018471E+07,  5.334468592415677E+08,  1.303427405874485E+07,
2451043.372372685, A.D. 1998-Aug-17 20:56:13.0000,  9.264446467365545E+07,  5.335485448326076E+08,  1.300420471624428E+07,
2451044.372372685, A.D. 1998-Aug-18 20:56:13.0000,  9.124239004877494E+07,  5.336469041610589E+08,  1.297405431408566E+07,
2451045.372372685, A.D. 1998-Aug-19 20:56:13.0000,  8.983974532965253E+07,  5.337419339956732E+08,  1.294382297647861E+07,
2451046.372372685, A.D. 1998-Aug-20 20:56:13.0000,  8.843653882802053E+07,  5.338336311263893E+08,  1.291351082843980E+07,
2451047.372372685, A.D. 1998-Aug-21 20:56:13.0000,  8.703277887322380E+07,  5.339219923644029E+08,  1.288311799578828E+07,
2451048.372372685, A.D. 1998-Aug-22 20:56:13.0000,  8.562847381221908E+07,  5.340070145422388E+08,  1.285264460513878E+07,
2451049.372372685, A.D. 1998-Aug-23 20:56:13.0000,  8.422363200958502E+07,  5.340886945138296E+08,  1.282209078389537E+07,
2451050.372372685, A.D. 1998-Aug-24 20:56:13.0000,  8.281826184754305E+07,  5.341670291546028E+08,  1.279145666024393E+07,
2451051.372372685, A.D. 1998-Aug-25 20:56:13.0000,  8.141237172598901E+07,  5.342420153615797E+08,  1.276074236314556E+07,
2451052.372372685, A.D. 1998-Aug-26 20:56:13.0000,  8.000597006253417E+07,  5.343136500534921E+08,  1.272994802232966E+07,
2451053.372372685, A.D. 1998-Aug-27 20:56:13.0000,  7.859906529255277E+07,  5.343819301709198E+08,  1.269907376828843E+07,
2451054.372372685, A.D. 1998-Aug-28 20:56:13.0000,  7.719166586923184E+07,  5.344468526764532E+08,  1.266811973227310E+07,
2451055.372372685, A.D. 1998-Aug-29 20:56:13.0000,  7.578378026361758E+07,  5.345084145548844E+08,  1.263708604629287E+07,
2451056.372372685, A.D. 1998-Aug-30 20:56:13.0000,  7.437541696464914E+07,  5.345666128134311E+08,  1.260597284311739E+07,
2451057.372372685, A.D. 1998-Aug-31 20:56:13.0000,  7.296658447917092E+07,  5.346214444819893E+08,  1.257478025628355E+07,
2451058.372372685, A.D. 1998-Sep-01 20:56:13.0000,  7.155729133191186E+07,  5.346729066134107E+08,  1.254350842010766E+07,
2451059.372372685, A.D. 1998-Sep-02 20:56:13.0000,  7.014754606542546E+07,  5.347209962838048E+08,  1.251215746970248E+07,
2451060.372372685, A.D. 1998-Sep-03 20:56:13.0000,  6.873735723997688E+07,  5.347657105928404E+08,  1.248072754099977E+07,
2451061.372372685, A.D. 1998-Sep-04 20:56:13.0000,  6.732673343337868E+07,  5.348070466640444E+08,  1.244921877077648E+07,
2451062.372372685, A.D. 1998-Sep-05 20:56:13.0000,  6.591568324077491E+07,  5.348450016450753E+08,  1.241763129668480E+07,
2451063.372372685, A.D. 1998-Sep-06 20:56:13.0000,  6.450421527437992E+07,  5.348795727079574E+08,  1.238596525728115E+07,
2451064.372372685, A.D. 1998-Sep-07 20:56:13.0000,  6.309233816318480E+07,  5.349107570492623E+08,  1.235422079205599E+07,
2451065.372372685, A.D. 1998-Sep-08 20:56:13.0000,  6.168006055264913E+07,  5.349385518902301E+08,  1.232239804145825E+07,
2451066.372372685, A.D. 1998-Sep-09 20:56:13.0000,  6.026739110439605E+07,  5.349629544768307E+08,  1.229049714691570E+07,
2451067.372372685, A.D. 1998-Sep-10 20:56:13.0000,  5.885433849592754E+07,  5.349839620797706E+08,  1.225851825084800E+07,
2451068.372372685, A.D. 1998-Sep-11 20:56:13.0000,  5.744091142037374E+07,  5.350015719944523E+08,  1.222646149667364E+07,
2451069.372372685, A.D. 1998-Sep-12 20:56:13.0000,  5.602711858628535E+07,  5.350157815409049E+08,  1.219432702880958E+07,
2451070.372372685, A.D. 1998-Sep-13 20:56:13.0000,  5.461296871747308E+07,  5.350265880636966E+08,  1.216211499266595E+07,
2451071.372372685, A.D. 1998-Sep-14 20:56:13.0000,  5.319847055289335E+07,  5.350339889318465E+08,  1.212982553463560E+07,
2451072.372372685, A.D. 1998-Sep-15 20:56:13.0000,  5.178363284657375E+07,  5.350379815387466E+08,  1.209745880208141E+07,
2451073.372372685, A.D. 1998-Sep-16 20:56:13.0000,  5.036846436757065E+07,  5.350385633020978E+08,  1.206501494332117E+07,
2451074.372372685, A.D. 1998-Sep-17 20:56:13.0000,  4.895297389995340E+07,  5.350357316638734E+08,  1.203249410761291E+07,
2451075.372372685, A.D. 1998-Sep-18 20:56:13.0000,  4.753717024280283E+07,  5.350294840903044E+08,  1.199989644513974E+07,
2451076.372372685, A.D. 1998-Sep-19 20:56:13.0000,  4.612106221021938E+07,  5.350198180718888E+08,  1.196722210699669E+07,
2451077.372372685, A.D. 1998-Sep-20 20:56:13.0000,  4.470465863133392E+07,  5.350067311234260E+08,  1.193447124517849E+07,
2451078.372372685, A.D. 1998-Sep-21 20:56:13.0000,  4.328796835031693E+07,  5.349902207840680E+08,  1.190164401256937E+07,
2451079.372372685, A.D. 1998-Sep-22 20:56:13.0000,  4.187100022638263E+07,  5.349702846173893E+08,  1.186874056293425E+07,
2451080.372372685, A.D. 1998-Sep-23 20:56:13.0000,  4.045376313378637E+07,  5.349469202114679E+08,  1.183576105091211E+07,
2451081.372372685, A.D. 1998-Sep-24 20:56:13.0000,  3.903626596181400E+07,  5.349201251789786E+08,  1.180270563201046E+07,
2451082.372372685, A.D. 1998-Sep-25 20:56:13.0000,  3.761851761476293E+07,  5.348898971572918E+08,  1.176957446260116E+07,
2451083.372372685, A.D. 1998-Sep-26 20:56:13.0000,  3.620052701191510E+07,  5.348562338085786E+08,  1.173636769991750E+07,
2451084.372372685, A.D. 1998-Sep-27 20:56:13.0000,  3.478230308750234E+07,  5.348191328199192E+08,  1.170308550205207E+07,
2451085.372372685, A.D. 1998-Sep-28 20:56:13.0000,  3.336385479066426E+07,  5.347785919034126E+08,  1.166972802795547E+07,
2451086.372372685, A.D. 1998-Sep-29 20:56:13.0000,  3.194519108540029E+07,  5.347346087962880E+08,  1.163629543743587E+07,
2451087.372372685, A.D. 1998-Sep-30 20:56:13.0000,  3.052632095051583E+07,  5.346871812610159E+08,  1.160278789115813E+07,
2451088.372372685, A.D. 1998-Oct-01 20:56:13.0000,  2.910725337956348E+07,  5.346363070854185E+08,  1.156920555064452E+07,
2451089.372372685, A.D. 1998-Oct-02 20:56:13.0000,  2.768799738078027E+07,  5.345819840827792E+08,  1.153554857827488E+07,
2451090.372372685, A.D. 1998-Oct-03 20:56:13.0000,  2.626856197702067E+07,  5.345242100919516E+08,  1.150181713728711E+07,
2451091.372372685, A.D. 1998-Oct-04 20:56:13.0000,  2.484895620568703E+07,  5.344629829774662E+08,  1.146801139177778E+07,
2451092.372372685, A.D. 1998-Oct-05 20:56:13.0000,  2.342918911865699E+07,  5.343983006296363E+08,  1.143413150670311E+07,
2451093.372372685, A.D. 1998-Oct-06 20:56:13.0000,  2.200926978220866E+07,  5.343301609646620E+08,  1.140017764787975E+07,
2451094.372372685, A.D. 1998-Oct-07 20:56:13.0000,  2.058920727694377E+07,  5.342585619247336E+08,  1.136614998198515E+07,
2451095.372372685, A.D. 1998-Oct-08 20:56:13.0000,  1.916901069770905E+07,  5.341835014781330E+08,  1.133204867655921E+07,
2451096.372372685, A.D. 1998-Oct-09 20:56:13.0000,  1.774868915351622E+07,  5.341049776193332E+08,  1.129787390000406E+07,
2451097.372372685, A.D. 1998-Oct-10 20:56:13.0000,  1.632825176746054E+07,  5.340229883690987E+08,  1.126362582158569E+07,
2451098.372372685, A.D. 1998-Oct-11 20:56:13.0000,  1.490770767663811E+07,  5.339375317745813E+08,  1.122930461143389E+07,
2451099.372372685, A.D. 1998-Oct-12 20:56:13.0000,  1.348706603206254E+07,  5.338486059094186E+08,  1.119491044054347E+07,
2451100.372372685, A.D. 1998-Oct-13 20:56:13.0000,  1.206633599858012E+07,  5.337562088738284E+08,  1.116044348077464E+07,
2451101.372372685, A.D. 1998-Oct-14 20:56:13.0000,  1.064552675478461E+07,  5.336603387947043E+08,  1.112590390485328E+07,
2451102.372372685, A.D. 1998-Oct-15 20:56:13.0000,  9.224647492930355E+06,  5.335609938257077E+08,  1.109129188637191E+07,
2451103.372372685, A.D. 1998-Oct-16 20:56:13.0000,  7.803707418846280E+06,  5.334581721473626E+08,  1.105660759978968E+07,
2451104.372372685, A.D. 1998-Oct-17 20:56:13.0000,  6.382715751847447E+06,  5.333518719671464E+08,  1.102185122043291E+07,
2451105.372372685, A.D. 1998-Oct-18 20:56:13.0000,  4.961681724646793E+06,  5.332420915195807E+08,  1.098702292449534E+07,
2451106.372372685, A.D. 1998-Oct-19 20:56:13.0000,  3.540614583266034E+06,  5.331288290663228E+08,  1.095212288903841E+07,
2451107.372372685, A.D. 1998-Oct-20 20:56:13.0000,  2.119523586945996E+06,  5.330120828962539E+08,  1.091715129199120E+07,
2451108.372372685, A.D. 1998-Oct-21 20:56:13.0000,  6.984180080557287E+05,  5.328918513255688E+08,  1.088210831215096E+07,
2451109.372372685, A.D. 1998-Oct-22 20:56:13.0000, -7.226928679977719E+05,  5.327681326978635E+08,  1.084699412918273E+07,
2451110.372372685, A.D. 1998-Oct-23 20:56:13.0000, -2.143799742861860E+06,  5.326409253842226E+08,  1.081180892361966E+07,
2451111.372372685, A.D. 1998-Oct-24 20:56:13.0000, -3.564893305330431E+06,  5.325102277833055E+08,  1.077655287686267E+07,
2451112.372372685, A.D. 1998-Oct-25 20:56:13.0000, -4.985964231436902E+06,  5.323760383214322E+08,  1.074122617118052E+07,
2451113.372372685, A.D. 1998-Oct-26 20:56:13.0000, -6.407003184547809E+06,  5.322383554526682E+08,  1.070582898970950E+07,
2451114.372372685, A.D. 1998-Oct-27 20:56:13.0000, -7.828000815457019E+06,  5.320971776589082E+08,  1.067036151645312E+07,
2451115.372372685, A.D. 1998-Oct-28 20:56:13.0000, -9.248947762480561E+06,  5.319525034499592E+08,  1.063482393628174E+07,
2451116.372372685, A.D. 1998-Oct-29 20:56:13.0000, -1.066983465155204E+07,  5.318043313636218E+08,  1.059921643493241E+07,
2451117.372372685, A.D. 1998-Oct-30 20:56:13.0000, -1.209065209631857E+07,  5.316526599657722E+08,  1.056353919900787E+07,
2451118.372372685, A.D. 1998-Oct-31 20:56:13.0000, -1.351139069823723E+07,  5.314974878504411E+08,  1.052779241597611E+07,
2451119.372372685, A.D. 1998-Nov-01 20:56:13.0000, -1.493204104667200E+07,  5.313388136398921E+08,  1.049197627416980E+07,
2451120.372372685, A.D. 1998-Nov-02 20:56:13.0000, -1.635259371899103E+07,  5.311766359846988E+08,  1.045609096278504E+07,
2451121.372372685, A.D. 1998-Nov-03 20:56:13.0000, -1.777303928066417E+07,  5.310109535638206E+08,  1.042013667188051E+07,
2451122.372372685, A.D. 1998-Nov-04 20:56:13.0000, -1.919336828536062E+07,  5.308417650846760E+08,  1.038411359237626E+07,
2451123.372372685, A.D. 1998-Nov-05 20:56:13.0000, -2.061357127504662E+07,  5.306690692832149E+08,  1.034802191605204E+07,
2451124.372372685, A.D. 1998-Nov-06 20:56:13.0000, -2.203363878008275E+07,  5.304928649239886E+08,  1.031186183554593E+07,
2451125.372372685, A.D. 1998-Nov-07 20:56:13.0000, -2.345356131932084E+07,  5.303131508002175E+08,  1.027563354435211E+07,
2451126.372372685, A.D. 1998-Nov-08 20:56:13.0000, -2.487332940019983E+07,  5.301299257338575E+08,  1.023933723681861E+07,
2451127.372372685, A.D. 1998-Nov-09 20:56:13.0000, -2.629293351884044E+07,  5.299431885756621E+08,  1.020297310814491E+07,
2451128.372372685, A.D. 1998-Nov-10 20:56:13.0000, -2.771236416013800E+07,  5.297529382052442E+08,  1.016654135437846E+07,
2451129.372372685, A.D. 1998-Nov-11 20:56:13.0000, -2.913161179785261E+07,  5.295591735311342E+08,  1.013004217241138E+07,
2451130.372372685, A.D. 1998-Nov-12 20:56:13.0000, -3.055066689469643E+07,  5.293618934908352E+08,  1.009347575997624E+07,
2451131.372372685, A.D. 1998-Nov-13 20:56:13.0000, -3.196951990241662E+07,  5.291610970508776E+08,  1.005684231564143E+07,
2451132.372372685, A.D. 1998-Nov-14 20:56:13.0000, -3.338816126187322E+07,  5.289567832068701E+08,  1.002014203880578E+07,
2451133.372372685, A.D. 1998-Nov-15 20:56:13.0000, -3.480658140311097E+07,  5.287489509835514E+08,  9.983375129692107E+06,
2451134.372372685, A.D. 1998-Nov-16 20:56:13.0000, -3.622477074542352E+07,  5.285375994348392E+08,  9.946541789340794E+06,
2451135.372372685, A.D. 1998-Nov-17 20:56:13.0000, -3.764271969740943E+07,  5.283227276438835E+08,  9.909642219602019E+06,
2451136.372372685, A.D. 1998-Nov-18 20:56:13.0000, -3.906041865701818E+07,  5.281043347231201E+08,  9.872676623127490E+06,
2451137.372372685, A.D. 1998-Nov-19 20:56:13.0000, -4.047785801158593E+07,  5.278824198143320E+08,  9.835645203361481E+06,
2451138.372372685, A.D. 1998-Nov-20 20:56:13.0000, -4.189502813785944E+07,  5.276569820887181E+08,  9.798548164531827E+06,
2451139.372372685, A.D. 1998-Nov-21 20:56:13.0000, -4.331191940201130E+07,  5.274280207469749E+08,  9.761385711640626E+06,
2451140.372372685, A.D. 1998-Nov-22 20:56:13.0000, -4.472852215964389E+07,  5.271955350193952E+08,  9.724158050455540E+06,
2451141.372372685, A.D. 1998-Nov-23 20:56:13.0000, -4.614482675578732E+07,  5.269595241659870E+08,  9.686865387502223E+06,
2451142.372372685, A.D. 1998-Nov-24 20:56:13.0000, -4.756082352489609E+07,  5.267199874766194E+08,  9.649507930058181E+06,
2451143.372372685, A.D. 1998-Nov-25 20:56:13.0000, -4.897650279084937E+07,  5.264769242711956E+08,  9.612085886150092E+06,
2451144.372372685, A.D. 1998-Nov-26 20:56:13.0000, -5.039185486696342E+07,  5.262303338998581E+08,  9.574599464554012E+06,
2451145.372372685, A.D. 1998-Nov-27 20:56:13.0000, -5.180687005602617E+07,  5.259802157432233E+08,  9.537048874800384E+06,
2451146.372372685, A.D. 1998-Nov-28 20:56:13.0000, -5.322153865036473E+07,  5.257265692126425E+08,  9.499434327183783E+06,
2451147.372372685, A.D. 1998-Nov-29 20:56:13.0000, -5.463585093195527E+07,  5.254693937504812E+08,  9.461756032778651E+06,
2451148.372372685, A.D. 1998-Nov-30 20:56:13.0000, -5.604979717258219E+07,  5.252086888304048E+08,  9.424014203459114E+06,
2451149.372372685, A.D. 1998-Dec-01 20:56:13.0000, -5.746336763405050E+07,  5.249444539576550E+08,  9.386209051924199E+06,
2451150.372372685, A.D. 1998-Dec-02 20:56:13.0000, -5.887655256845025E+07,  5.246766886693040E+08,  9.348340791724294E+06,
2451151.372372685, A.D. 1998-Dec-03 20:56:13.0000, -6.028934221846601E+07,  5.244053925344661E+08,  9.310409637289524E+06,
2451152.372372685, A.D. 1998-Dec-04 20:56:13.0000, -6.170172681771764E+07,  5.241305651544574E+08,  9.272415803956419E+06,
2451153.372372685, A.D. 1998-Dec-05 20:56:13.0000, -6.311369659111417E+07,  5.238522061628956E+08,  9.234359507990271E+06,
2451154.372372685, A.D. 1998-Dec-06 20:56:13.0000, -6.452524175520682E+07,  5.235703152257394E+08,  9.196240966603249E+06,
2451155.372372685, A.D. 1998-Dec-07 20:56:13.0000, -6.593635251851939E+07,  5.232848920412706E+08,  9.158060397965342E+06,
2451156.372372685, A.D. 1998-Dec-08 20:56:13.0000, -6.734701908184448E+07,  5.229959363400342E+08,  9.119818021208256E+06,
2451157.372372685, A.D. 1998-Dec-09 20:56:13.0000, -6.875723163849656E+07,  5.227034478847449E+08,  9.081514056423575E+06,
2451158.372372685, A.D. 1998-Dec-10 20:56:13.0000, -7.016698037451819E+07,  5.224074264701799E+08,  9.043148724654675E+06,
2451159.372372685, A.D. 1998-Dec-11 20:56:13.0000, -7.157625546884066E+07,  5.221078719230679E+08,  9.004722247884065E+06,
2451160.372372685, A.D. 1998-Dec-12 20:56:13.0000, -7.298504709340462E+07,  5.218047841019899E+08,  8.966234849018574E+06,
2451161.372372685, A.D. 1998-Dec-13 20:56:13.0000, -7.439334541324824E+07,  5.214981628972946E+08,  8.927686751872510E+06,
2451162.372372685, A.D. 1998-Dec-14 20:56:13.0000, -7.580114058657116E+07,  5.211880082310402E+08,  8.889078181149840E+06,
2451163.372372685, A.D. 1998-Dec-15 20:56:13.0000, -7.720842276478247E+07,  5.208743200569561E+08,  8.850409362428188E+06,
2451164.372372685, A.D. 1998-Dec-16 20:56:13.0000, -7.861518209254043E+07,  5.205570983604327E+08,  8.811680522142649E+06,
2451165.372372685, A.D. 1998-Dec-17 20:56:13.0000, -8.002140870778954E+07,  5.202363431585313E+08,  8.772891887572110E+06,
2451166.372372685, A.D. 1998-Dec-18 20:56:13.0000, -8.142709274179955E+07,  5.199120545000144E+08,  8.734043686826766E+06,
2451167.372372685, A.D. 1998-Dec-19 20:56:13.0000, -8.283222431920974E+07,  5.195842324653909E+08,  8.695136148837477E+06,
2451168.372372685, A.D. 1998-Dec-20 20:56:13.0000, -8.423679355807969E+07,  5.192528771669741E+08,  8.656169503346801E+06,
2451169.372372685, A.D. 1998-Dec-21 20:56:13.0000, -8.564079056994900E+07,  5.189179887489512E+08,  8.617143980901808E+06,
2451170.372372685, A.D. 1998-Dec-22 20:56:13.0000, -8.704420545990466E+07,  5.185795673874582E+08,  8.578059812847555E+06,
2451171.372372685, A.D. 1998-Dec-23 20:56:13.0000, -8.844702832665710E+07,  5.182376132906593E+08,  8.538917231322318E+06,
2451172.372372685, A.D. 1998-Dec-24 20:56:13.0000, -8.984924926262388E+07,  5.178921266988311E+08,  8.499716469253629E+06,
2451173.372372685, A.D. 1998-Dec-25 20:56:13.0000, -9.125085835402045E+07,  5.175431078844472E+08,  8.460457760354638E+06,
2451174.372372685, A.D. 1998-Dec-26 20:56:13.0000, -9.265184568095767E+07,  5.171905571522630E+08,  8.421141339121640E+06,
2451175.372372685, A.D. 1998-Dec-27 20:56:13.0000, -9.405220131754473E+07,  5.168344748394018E+08,  8.381767440831453E+06,
2451176.372372685, A.D. 1998-Dec-28 20:56:13.0000, -9.545191533199708E+07,  5.164748613154377E+08,  8.342336301540196E+06,
2451177.372372685, A.D. 1998-Dec-29 20:56:13.0000, -9.685097778674887E+07,  5.161117169824801E+08,  8.302848158080846E+06,
2451178.372372685, A.D. 1998-Dec-30 20:56:13.0000, -9.824937873856914E+07,  5.157450422752535E+08,  8.263303248062462E+06,
2451179.372372685, A.D. 1998-Dec-31 20:56:13.0000, -9.964710823868103E+07,  5.153748376611785E+08,  8.223701809868485E+06,
2451180.372372685, A.D. 1999-Jan-01 20:56:13.0000, -1.010441563328841E+08,  5.150011036404488E+08,  8.184044082655609E+06,
2451181.372372685, A.D. 1999-Jan-02 20:56:13.0000, -1.024405130616785E+08,  5.146238407461084E+08,  8.144330306352675E+06,
2451182.372372685, A.D. 1999-Jan-03 20:56:13.0000, -1.038361684603923E+08,  5.142430495441249E+08,  8.104560721659482E+06,
2451183.372372685, A.D. 1999-Jan-04 20:56:13.0000, -1.052311125593092E+08,  5.138587306334628E+08,  8.064735570045412E+06,
2451184.372372685, A.D. 1999-Jan-05 20:56:13.0000, -1.066253353837991E+08,  5.134708846461546E+08,  8.024855093748659E+06,
2451185.372372685, A.D. 1999-Jan-06 20:56:13.0000, -1.080188269544492E+08,  5.130795122473692E+08,  7.984919535774678E+06,
2451186.372372685, A.D. 1999-Jan-07 20:56:13.0000, -1.094115772871969E+08,  5.126846141354806E+08,  7.944929139894992E+06,
2451187.372372685, A.D. 1999-Jan-08 20:56:13.0000, -1.108035763934634E+08,  5.122861910421338E+08,  7.904884150646120E+06,
2451188.372372685, A.D. 1999-Jan-09 20:56:13.0000, -1.121948142802888E+08,  5.118842437323090E+08,  7.864784813327909E+06,
2451189.372372685, A.D. 1999-Jan-10 20:56:13.0000, -1.135852809504674E+08,  5.114787730043861E+08,  7.824631374002486E+06,
2451190.372372685, A.D. 1999-Jan-11 20:56:13.0000, -1.149749664026848E+08,  5.110697796902057E+08,  7.784424079492271E+06,
2451191.372372685, A.D. 1999-Jan-12 20:56:13.0000, -1.163638606316549E+08,  5.106572646551298E+08,  7.744163177379340E+06,
2451192.372372685, A.D. 1999-Jan-13 20:56:13.0000, -1.177519536282587E+08,  5.102412287981021E+08,  7.703848916003108E+06,
2451193.372372685, A.D. 1999-Jan-14 20:56:13.0000, -1.191392353796825E+08,  5.098216730517057E+08,  7.663481544459105E+06,
2451194.372372685, A.D. 1999-Jan-15 20:56:13.0000, -1.205256958695582E+08,  5.093985983822192E+08,  7.623061312597096E+06,
2451195.372372685, A.D. 1999-Jan-16 20:56:13.0000, -1.219113250781033E+08,  5.089720057896743E+08,  7.582588471019566E+06,
2451196.372372685, A.D. 1999-Jan-17 20:56:13.0000, -1.232961129822624E+08,  5.085418963079085E+08,  7.542063271080136E+06,
2451197.372372685, A.D. 1999-Jan-18 20:56:13.0000, -1.246800495558484E+08,  5.081082710046193E+08,  7.501485964881241E+06,
2451198.372372685, A.D. 1999-Jan-19 20:56:13.0000, -1.260631247696853E+08,  5.076711309814163E+08,  7.460856805272847E+06,
2451199.372372685, A.D. 1999-Jan-20 20:56:13.0000, -1.274453285917512E+08,  5.072304773738720E+08,  7.420176045849919E+06,
2451200.372372685, A.D. 1999-Jan-21 20:56:13.0000, -1.288266509873219E+08,  5.067863113515710E+08,  7.379443940951109E+06,
2451201.372372685, A.D. 1999-Jan-22 20:56:13.0000, -1.302070819191154E+08,  5.063386341181586E+08,  7.338660745656192E+06,
2451202.372372685, A.D. 1999-Jan-23 20:56:13.0000, -1.315866113474369E+08,  5.058874469113878E+08,  7.297826715784371E+06,
2451203.372372685, A.D. 1999-Jan-24 20:56:13.0000, -1.329652292303240E+08,  5.054327510031644E+08,  7.256942107891619E+06,
2451204.372372685, A.D. 1999-Jan-25 20:56:13.0000, -1.343429255236936E+08,  5.049745476995915E+08,  7.216007179268986E+06,
2451205.372372685, A.D. 1999-Jan-26 20:56:13.0000, -1.357196901814878E+08,  5.045128383410116E+08,  7.175022187939852E+06,
2451206.372372685, A.D. 1999-Jan-27 20:56:13.0000, -1.370955131558215E+08,  5.040476243020473E+08,  7.133987392657578E+06,
2451207.372372685, A.D. 1999-Jan-28 20:56:13.0000, -1.384703843971300E+08,  5.035789069916408E+08,  7.092903052903086E+06,
2451208.372372685, A.D. 1999-Jan-29 20:56:13.0000, -1.398442938543169E+08,  5.031066878530905E+08,  7.051769428882062E+06,
2451209.372372685, A.D. 1999-Jan-30 20:56:13.0000, -1.412172314749022E+08,  5.026309683640867E+08,  7.010586781522155E+06,
2451210.372372685, A.D. 1999-Jan-31 20:56:13.0000, -1.425891872051705E+08,  5.021517500367439E+08,  6.969355372469813E+06,
2451211.372372685, A.D. 1999-Feb-01 20:56:13.0000, -1.439601509903194E+08,  5.016690344176319E+08,  6.928075464087605E+06,
2451212.372372685, A.D. 1999-Feb-02 20:56:13.0000, -1.453301127746073E+08,  5.011828230878043E+08,  6.886747319449991E+06,
2451213.372372685, A.D. 1999-Feb-03 20:56:13.0000, -1.466990625015003E+08,  5.006931176628236E+08,  6.845371202340186E+06,
2451214.372372685, A.D. 1999-Feb-04 20:56:13.0000, -1.480669901138189E+08,  5.001999197927840E+08,  6.803947377246022E+06,
2451215.372372685, A.D. 1999-Feb-05 20:56:13.0000, -1.494338855538825E+08,  4.997032311623319E+08,  6.762476109355330E+06,
2451216.372372685, A.D. 1999-Feb-06 20:56:13.0000, -1.507997387636525E+08,  4.992030534906824E+08,  6.720957664551347E+06,
2451217.372372685, A.D. 1999-Feb-07 20:56:13.0000, -1.521645396848728E+08,  4.986993885316334E+08,  6.679392309407324E+06,
2451218.372372685, A.D. 1999-Feb-08 20:56:13.0000, -1.535282782592065E+08,  4.981922380735766E+08,  6.637780311180770E+06,
2451219.372372685, A.D. 1999-Feb-09 20:56:13.0000, -1.548909444283688E+08,  4.976816039395058E+08,  6.596121937806815E+06,
2451220.372372685, A.D. 1999-Feb-10 20:56:13.0000, -1.562525281342548E+08,  4.971674879870232E+08,  6.554417457891196E+06,
2451221.372372685, A.D. 1999-Feb-11 20:56:13.0000, -1.576130193190604E+08,  4.966498921083435E+08,  6.512667140702605E+06,
2451222.372372685, A.D. 1999-Feb-12 20:56:13.0000, -1.589724079253965E+08,  4.961288182302974E+08,  6.470871256163746E+06,
2451223.372372685, A.D. 1999-Feb-13 20:56:13.0000, -1.603306838963934E+08,  4.956042683143367E+08,  6.429030074842244E+06,
2451224.372372685, A.D. 1999-Feb-14 20:56:13.0000, -1.616878371757962E+08,  4.950762443565406E+08,  6.387143867940784E+06,
2451225.372372685, A.D. 1999-Feb-15 20:56:13.0000, -1.630438577080498E+08,  4.945447483876286E+08,  6.345212907286346E+06,
2451226.372372685, A.D. 1999-Feb-16 20:56:13.0000, -1.643987354383714E+08,  4.940097824729815E+08,  6.303237465319514E+06,
2451227.372372685, A.D. 1999-Feb-17 20:56:13.0000, -1.657524603128139E+08,  4.934713487126731E+08,  6.261217815083474E+06,
2451228.372372685, A.D. 1999-Feb-18 20:56:13.0000, -1.671050222783184E+08,  4.929294492415202E+08,  6.219154230213881E+06,
2451229.372372685, A.D. 1999-Feb-19 20:56:13.0000, -1.684564112827617E+08,  4.923840862291519E+08,  6.177046984929264E+06,
2451230.372372685, A.D. 1999-Feb-20 20:56:13.0000, -1.698066172750002E+08,  4.918352618801048E+08,  6.134896354023844E+06,
2451231.372372685, A.D. 1999-Feb-21 20:56:13.0000, -1.711556302049192E+08,  4.912829784339461E+08,  6.092702612862945E+06,
2451232.372372685, A.D. 1999-Feb-22 20:56:13.0000, -1.725034400234937E+08,  4.907272381654277E+08,  6.050466037381709E+06,
2451233.372372685, A.D. 1999-Feb-23 20:56:13.0000, -1.738500366828724E+08,  4.901680433846691E+08,  6.008186904088587E+06,
2451234.372372685, A.D. 1999-Feb-24 20:56:13.0000, -1.751954101364945E+08,  4.896053964373654E+08,  5.965865490074158E+06,
2451235.372372685, A.D. 1999-Feb-25 20:56:13.0000, -1.765395503392470E+08,  4.890392997050143E+08,  5.923502073024392E+06,
2451236.372372685, A.D. 1999-Feb-26 20:56:13.0000, -1.778824472476735E+08,  4.884697556051476E+08,  5.881096931239933E+06,
2451237.372372685, A.D. 1999-Feb-27 20:56:13.0000, -1.792240908202363E+08,  4.878967665915521E+08,  5.838650343659163E+06,
2451238.372372685, A.D. 1999-Feb-28 20:56:13.0000, -1.805644710176303E+08,  4.873203351544680E+08,  5.796162589883506E+06,
2451239.372372685, A.D. 1999-Mar-01 20:56:13.0000, -1.819035778031369E+08,  4.867404638207428E+08,  5.753633950204015E+06,
2451240.372372685, A.D. 1999-Mar-02 20:56:13.0000, -1.832414011430142E+08,  4.861571551539347E+08,  5.711064705626130E+06,
2451241.372372685, A.D. 1999-Mar-03 20:56:13.0000, -1.845779310068986E+08,  4.855704117543516E+08,  5.668455137890875E+06,
2451242.372372685, A.D. 1999-Mar-04 20:56:13.0000, -1.859131573682019E+08,  4.849802362590324E+08,  5.625805529490441E+06,
2451243.372372685, A.D. 1999-Mar-05 20:56:13.0000, -1.872470702044861E+08,  4.843866313416717E+08,  5.583116163677633E+06,
2451244.372372685, A.D. 1999-Mar-06 20:56:13.0000, -1.885796594978049E+08,  4.837895997124979E+08,  5.540387324468285E+06,
2451245.372372685, A.D. 1999-Mar-07 20:56:13.0000, -1.899109152350003E+08,  4.831891441181223E+08,  5.497619296637028E+06,
2451246.372372685, A.D. 1999-Mar-08 20:56:13.0000, -1.912408274079527E+08,  4.825852673413709E+08,  5.454812365707666E+06,
2451247.372372685, A.D. 1999-Mar-09 20:56:13.0000, -1.925693860137838E+08,  4.819779722011154E+08,  5.411966817938983E+06,
2451248.372372685, A.D. 1999-Mar-10 20:56:13.0000, -1.938965810550209E+08,  4.813672615521132E+08,  5.369082940308213E+06,
2451249.372372685, A.D. 1999-Mar-11 20:56:13.0000, -1.952224025397289E+08,  4.807531382848631E+08,  5.326161020491987E+06,
2451250.372372685, A.D. 1999-Mar-12 20:56:13.0000, -1.965468404816161E+08,  4.801356053254859E+08,  5.283201346847922E+06,
2451251.372372685, A.D. 1999-Mar-13 20:56:13.0000, -1.978698849001262E+08,  4.795146656356263E+08,  5.240204208396226E+06,
2451252.372372685, A.D. 1999-Mar-14 20:56:13.0000, -1.991915258205202E+08,  4.788903222123808E+08,  5.197169894802302E+06,
2451253.372372685, A.D. 1999-Mar-15 20:56:13.0000, -2.005117532739568E+08,  4.782625780882446E+08,  5.154098696361482E+06,
2451254.372372685, A.D. 1999-Mar-16 20:56:13.0000, -2.018305572975736E+08,  4.776314363310792E+08,  5.110990903984904E+06,
2451255.372372685, A.D. 1999-Mar-17 20:56:13.0000, -2.031479279345734E+08,  4.769969000440949E+08,  5.067846809187263E+06,
2451256.372372685, A.D. 1999-Mar-18 20:56:13.0000, -2.044638552343175E+08,  4.763589723658448E+08,  5.024666704076618E+06,
2451257.372372685, A.D. 1999-Mar-19 20:56:13.0000, -2.057783292524266E+08,  4.757176564702287E+08,  4.981450881345361E+06,
2451258.372372685, A.D. 1999-Mar-20 20:56:13.0000, -2.070913400508894E+08,  4.750729555665033E+08,  4.938199634262085E+06,
2451259.372372685, A.D. 1999-Mar-21 20:56:13.0000, -2.084028776981796E+08,  4.744248728992957E+08,  4.894913256665558E+06,
2451260.372372685, A.D. 1999-Mar-22 20:56:13.0000, -2.097129322693798E+08,  4.737734117486225E+08,  4.851592042958647E+06,
2451261.372372685, A.D. 1999-Mar-23 20:56:13.0000, -2.110214938463128E+08,  4.731185754299051E+08,  4.808236288103521E+06,
2451262.372372685, A.D. 1999-Mar-24 20:56:13.0000, -2.123285525176779E+08,  4.724603672939895E+08,  4.764846287617475E+06,
2451263.372372685, A.D. 1999-Mar-25 20:56:13.0000, -2.136340983791935E+08,  4.717987907271625E+08,  4.721422337568909E+06,
2451264.372372685, A.D. 1999-Mar-26 20:56:13.0000, -2.149381215337433E+08,  4.711338491511682E+08,  4.677964734573603E+06,
2451265.372372685, A.D. 1999-Mar-27 20:56:13.0000, -2.162406120915273E+08,  4.704655460232214E+08,  4.634473775792062E+06,
2451266.372372685, A.D. 1999-Mar-28 20:56:13.0000, -2.175415601702155E+08,  4.697938848360202E+08,  4.590949758925766E+06,
2451267.372372685, A.D. 1999-Mar-29 20:56:13.0000, -2.188409558951044E+08,  4.691188691177553E+08,  4.547392982214838E+06,
2451268.372372685, A.D. 1999-Mar-30 20:56:13.0000, -2.201387893992758E+08,  4.684405024321179E+08,  4.503803744434506E+06,
2451269.372372685, A.D. 1999-Mar-31 20:56:13.0000, -2.214350508237579E+08,  4.677587883783049E+08,  4.460182344892979E+06,
2451270.372372685, A.D. 1999-Apr-01 20:56:13.0000, -2.227297303176875E+08,  4.670737305910219E+08,  4.416529083428204E+06,
2451271.372372685, A.D. 1999-Apr-02 20:56:13.0000, -2.240228180384738E+08,  4.663853327404842E+08,  4.372844260405093E+06,
2451272.372372685, A.D. 1999-Apr-03 20:56:13.0000, -2.253143041519630E+08,  4.656935985324156E+08,  4.329128176712751E+06,
2451273.372372685, A.D. 1999-Apr-04 20:56:13.0000, -2.266041788326042E+08,  4.649985317080443E+08,  4.285381133761734E+06,
2451274.372372685, A.D. 1999-Apr-05 20:56:13.0000, -2.278924322636155E+08,  4.643001360440979E+08,  4.241603433480829E+06,
2451275.372372685, A.D. 1999-Apr-06 20:56:13.0000, -2.291790546371506E+08,  4.635984153527962E+08,  4.197795378314257E+06,
2451276.372372685, A.D. 1999-Apr-07 20:56:13.0000, -2.304640361544672E+08,  4.628933734818410E+08,  4.153957271218717E+06,
2451277.372372685, A.D. 1999-Apr-08 20:56:13.0000, -2.317473670260935E+08,  4.621850143144059E+08,  4.110089415660203E+06,
2451278.372372685, A.D. 1999-Apr-09 20:56:13.0000, -2.330290374719970E+08,  4.614733417691221E+08,  4.066192115610927E+06,
2451279.372372685, A.D. 1999-Apr-10 20:56:13.0000, -2.343090377217525E+08,  4.607583598000647E+08,  4.022265675545990E+06,
2451280.372372685, A.D. 1999-Apr-11 20:56:13.0000, -2.355873580147108E+08,  4.600400723967353E+08,  3.978310400440425E+06,
2451281.372372685, A.D. 1999-Apr-12 20:56:13.0000, -2.368639886001671E+08,  4.593184835840443E+08,  3.934326595765561E+06,
2451282.372372685, A.D. 1999-Apr-13 20:56:13.0000, -2.381389197375298E+08,  4.585935974222907E+08,  3.890314567485780E+06,
2451283.372372685, A.D. 1999-Apr-14 20:56:13.0000, -2.394121416964892E+08,  4.578654180071410E+08,  3.846274622055143E+06,
2451284.372372685, A.D. 1999-Apr-15 20:56:13.0000, -2.406836447571870E+08,  4.571339494696056E+08,  3.802207066414028E+06,
2451285.372372685, A.D. 1999-Apr-16 20:56:13.0000, -2.419534192103844E+08,  4.563991959760141E+08,  3.758112207985252E+06,
2451286.372372685, A.D. 1999-Apr-17 20:56:13.0000, -2.432214553576318E+08,  4.556611617279894E+08,  3.713990354670733E+06,
2451287.372372685, A.D. 1999-Apr-18 20:56:13.0000, -2.444877435114374E+08,  4.549198509624187E+08,  3.669841814847648E+06,
2451288.372372685, A.D. 1999-Apr-19 20:56:13.0000, -2.457522739954366E+08,  4.541752679514244E+08,  3.625666897364944E+06,
2451289.372372685, A.D. 1999-Apr-20 20:56:13.0000, -2.470150371445607E+08,  4.534274170023324E+08,  3.581465911539406E+06,
2451290.372372685, A.D. 1999-Apr-21 20:56:13.0000, -2.482760233052059E+08,  4.526763024576395E+08,  3.537239167151630E+06,
2451291.372372685, A.D. 1999-Apr-22 20:56:13.0000, -2.495352228354023E+08,  4.519219286949774E+08,  3.492986974442333E+06,
2451292.372372685, A.D. 1999-Apr-23 20:56:13.0000, -2.507926261049832E+08,  4.511643001270767E+08,  3.448709644108117E+06,
2451293.372372685, A.D. 1999-Apr-24 20:56:13.0000, -2.520482234957527E+08,  4.504034212017277E+08,  3.404407487297535E+06,
2451294.372372685, A.D. 1999-Apr-25 20:56:13.0000, -2.533020054016553E+08,  4.496392964017402E+08,  3.360080815606654E+06,
2451295.372372685, A.D. 1999-Apr-26 20:56:13.0000, -2.545539622289433E+08,  4.488719302448996E+08,  3.315729941074789E+06,
2451296.372372685, A.D. 1999-Apr-27 20:56:13.0000, -2.558040843963453E+08,  4.481013272839233E+08,  3.271355176180184E+06,
2451297.372372685, A.D. 1999-Apr-28 20:56:13.0000, -2.570523623352333E+08,  4.473274921064119E+08,  3.226956833834946E+06,
2451298.372372685, A.D. 1999-Apr-29 20:56:13.0000, -2.582987864897895E+08,  4.465504293348003E+08,  3.182535227380395E+06,
2451299.372372685, A.D. 1999-Apr-30 20:56:13.0000, -2.595433473171723E+08,  4.457701436263049E+08,  3.138090670582294E+06,
2451300.372372685, A.D. 1999-May-01 20:56:13.0000, -2.607860352876814E+08,  4.449866396728681E+08,  3.093623477625191E+06,
2451301.372372685, A.D. 1999-May-02 20:56:13.0000, -2.620268408849211E+08,  4.441999222011014E+08,  3.049133963106900E+06,
2451302.372372685, A.D. 1999-May-03 20:56:13.0000, -2.632657546059625E+08,  4.434099959722221E+08,  3.004622442032784E+06,
2451303.372372685, A.D. 1999-May-04 20:56:13.0000, -2.645027669615032E+08,  4.426168657819916E+08,  2.960089229809254E+06,
2451304.372372685, A.D. 1999-May-05 20:56:13.0000, -2.657378684760241E+08,  4.418205364606460E+08,  2.915534642237335E+06,
2451305.372372685, A.D. 1999-May-06 20:56:13.0000, -2.669710496879434E+08,  4.410210128728265E+08,  2.870958995505095E+06,
2451306.372372685, A.D. 1999-May-07 20:56:13.0000, -2.682023011497664E+08,  4.402182999175046E+08,  2.826362606180251E+06,
2451307.372372685, A.D. 1999-May-08 20:56:13.0000, -2.694316134282298E+08,  4.394124025279065E+08,  2.781745791201621E+06,
2451308.372372685, A.D. 1999-May-09 20:56:13.0000, -2.706589771044405E+08,  4.386033256714331E+08,  2.737108867870182E+06,
2451309.372372685, A.D. 1999-May-10 20:56:13.0000, -2.718843827740074E+08,  4.377910743495792E+08,  2.692452153838962E+06,
2451310.372372685, A.D. 1999-May-11 20:56:13.0000, -2.731078210471641E+08,  4.369756535978514E+08,  2.647775967103213E+06,
2451311.372372685, A.D. 1999-May-12 20:56:13.0000, -2.743292825488831E+08,  4.361570684856875E+08,  2.603080625988454E+06,
2451312.372372685, A.D. 1999-May-13 20:56:13.0000, -2.755487579189786E+08,  4.353353241163775E+08,  2.558366449138790E+06,
2451313.372372685, A.D. 1999-May-14 20:56:13.0000, -2.767662378121985E+08,  4.345104256269902E+08,  2.513633755504817E+06,
2451314.372372685, A.D. 1999-May-15 20:56:13.0000, -2.779817128983028E+08,  4.336823781883083E+08,  2.468882864329964E+06,
2451315.372372685, A.D. 1999-May-16 20:56:13.0000, -2.791951738621342E+08,  4.328511870047753E+08,  2.424114095138729E+06,
2451316.372372685, A.D. 1999-May-17 20:56:13.0000, -2.804066114036744E+08,  4.320168573144590E+08,  2.379327767723322E+06,
2451317.372372685, A.D. 1999-May-18 20:56:13.0000, -2.816160162380953E+08,  4.311793943890351E+08,  2.334524202133387E+06,
2451318.372372685, A.D. 1999-May-19 20:56:13.0000, -2.828233790958080E+08,  4.303388035337973E+08,  2.289703718666047E+06,
2451319.372372685, A.D. 1999-May-20 20:56:13.0000, -2.840286907225140E+08,  4.294950900876946E+08,  2.244866637859762E+06,
2451320.372372685, A.D. 1999-May-21 20:56:13.0000, -2.852319418792698E+08,  4.286482594233992E+08,  2.200013280491233E+06,
2451321.372372685, A.D. 1999-May-22 20:56:13.0000, -2.864331233425718E+08,  4.277983169474044E+08,  2.155143967576861E+06,
2451322.372372685, A.D. 1999-May-23 20:56:13.0000, -2.876322259044748E+08,  4.269452681001465E+08,  2.110259020379841E+06,
2451323.372372685, A.D. 1999-May-24 20:56:13.0000, -2.888292403727523E+08,  4.260891183561450E+08,  2.065358760421723E+06,
2451324.372372685, A.D. 1999-May-25 20:56:13.0000, -2.900241575711049E+08,  4.252298732241477E+08,  2.020443509499758E+06,
2451325.372372685, A.D. 1999-May-26 20:56:13.0000, -2.912169683394218E+08,  4.243675382472647E+08,  1.975513589707881E+06,
2451326.372372685, A.D. 1999-May-27 20:56:13.0000, -2.924076635340927E+08,  4.235021190030782E+08,  1.930569323460191E+06,
2451327.372372685, A.D. 1999-May-28 20:56:13.0000, -2.935962340283633E+08,  4.226336211037094E+08,  1.885611033515453E+06,
2451328.372372685, A.D. 1999-May-29 20:56:13.0000, -2.947826707127202E+08,  4.217620501958314E+08,  1.840639043000162E+06,
2451329.372372685, A.D. 1999-May-30 20:56:13.0000, -2.959669644952861E+08,  4.208874119606231E+08,  1.795653675426841E+06,
2451330.372372685, A.D. 1999-May-31 20:56:13.0000, -2.971491063022134E+08,  4.200097121136597E+08,  1.750655254707992E+06,
2451331.372372685, A.D. 1999-Jun-01 20:56:13.0000, -2.983290870780519E+08,  4.191289564047498E+08,  1.705644105163336E+06,
2451332.372372685, A.D. 1999-Jun-02 20:56:13.0000, -2.995068977860811E+08,  4.182451506177262E+08,  1.660620551519454E+06,
2451333.372372685, A.D. 1999-Jun-03 20:56:13.0000, -3.006825294085982E+08,  4.173583005702088E+08,  1.615584918903977E+06,
2451334.372372685, A.D. 1999-Jun-04 20:56:13.0000, -3.018559729471575E+08,  4.164684121133498E+08,  1.570537532833397E+06,
2451335.372372685, A.D. 1999-Jun-05 20:56:13.0000, -3.030272194227640E+08,  4.155754911315784E+08,  1.525478719196945E+06,
2451336.372372685, A.D. 1999-Jun-06 20:56:13.0000, -3.041962598760263E+08,  4.146795435423553E+08,  1.480408804237634E+06,
2451337.372372685, A.D. 1999-Jun-07 20:56:13.0000, -3.053630853672762E+08,  4.137805752959450E+08,  1.435328114531815E+06,
2451338.372372685, A.D. 1999-Jun-08 20:56:13.0000, -3.065276869766632E+08,  4.128785923752096E+08,  1.390236976968229E+06,
2451339.372372685, A.D. 1999-Jun-09 20:56:13.0000, -3.076900558042337E+08,  4.119736007954273E+08,  1.345135718727648E+06,
2451340.372372685, A.D. 1999-Jun-10 20:56:13.0000, -3.088501829700007E+08,  4.110656066041348E+08,  1.300024667263776E+06,
2451341.372372685, A.D. 1999-Jun-11 20:56:13.0000, -3.100080596140088E+08,  4.101546158809907E+08,  1.254904150285840E+06,
2451342.372372685, A.D. 1999-Jun-12 20:56:13.0000, -3.111636768964030E+08,  4.092406347376585E+08,  1.209774495742649E+06,
2451343.372372685, A.D. 1999-Jun-13 20:56:13.0000, -3.123170259974992E+08,  4.083236693177041E+08,  1.164636031808496E+06,
2451344.372372685, A.D. 1999-Jun-14 20:56:13.0000, -3.134680981178622E+08,  4.074037257965060E+08,  1.119489086870849E+06,
2451345.372372685, A.D. 1999-Jun-15 20:56:13.0000, -3.146168844783911E+08,  4.064808103811755E+08,  1.074333989519358E+06,
2451346.372372685, A.D. 1999-Jun-16 20:56:13.0000, -3.157633763204102E+08,  4.055549293104818E+08,  1.029171068536103E+06,
2451347.372372685, A.D. 1999-Jun-17 20:56:13.0000, -3.169075649057690E+08,  4.046260888547833E+08,  9.840006528872848E+05,
2451348.372372685, A.D. 1999-Jun-18 20:56:13.0000, -3.180494415169485E+08,  4.036942953159605E+08,  9.388230717156529E+05,
2451349.372372685, A.D. 1999-Jun-19 20:56:13.0000, -3.191889974571726E+08,  4.027595550273508E+08,  8.936386543334723E+05,
2451350.372372685, A.D. 1999-Jun-20 20:56:13.0000, -3.203262240505262E+08,  4.018218743536822E+08,  8.484477302165329E+05,
2451351.372372685, A.D. 1999-Jun-21 20:56:13.0000, -3.214611126420766E+08,  4.008812596910089E+08,  8.032506289980710E+05,
2451352.372372685, A.D. 1999-Jun-22 20:56:13.0000, -3.225936545979998E+08,  3.999377174666427E+08,  7.580476804638505E+05,
2451353.372372685, A.D. 1999-Jun-23 20:56:13.0000, -3.237238413057100E+08,  3.989912541390864E+08,  7.128392145465910E+05,
2451354.372372685, A.D. 1999-Jun-24 20:56:13.0000, -3.248516641739910E+08,  3.980418761979611E+08,  6.676255613212585E+05,
2451355.372372685, A.D. 1999-Jun-25 20:56:13.0000, -3.259771146331302E+08,  3.970895901639362E+08,  6.224070510001779E+05,
2451356.372372685, A.D. 1999-Jun-26 20:56:13.0000, -3.271001841350546E+08,  3.961344025886537E+08,  5.771840139285326E+05,
2451357.372372685, A.D. 1999-Jun-27 20:56:13.0000, -3.282208641534677E+08,  3.951763200546532E+08,  5.319567805792987E+05,
2451358.372372685, A.D. 1999-Jun-28 20:56:13.0000, -3.293391461839877E+08,  3.942153491752934E+08,  4.867256815491319E+05,
2451359.372372685, A.D. 1999-Jun-29 20:56:13.0000, -3.304550217442859E+08,  3.932514965946716E+08,  4.414910475532115E+05,
2451360.372372685, A.D. 1999-Jun-30 20:56:13.0000, -3.315684823742264E+08,  3.922847689875425E+08,  3.962532094213068E+05,
2451361.372372685, A.D. 1999-Jul-01 20:56:13.0000, -3.326795196360055E+08,  3.913151730592344E+08,  3.510124980925322E+05,
2451362.372372685, A.D. 1999-Jul-02 20:56:13.0000, -3.337881251142915E+08,  3.903427155455640E+08,  3.057692446108758E+05,
2451363.372372685, A.D. 1999-Jul-03 20:56:13.0000, -3.348942904163641E+08,  3.893674032127489E+08,  2.605237801206112E+05,
2451364.372372685, A.D. 1999-Jul-04 20:56:13.0000, -3.359980071722550E+08,  3.883892428573195E+08,  2.152764358616173E+05,
2451365.372372685, A.D. 1999-Jul-05 20:56:13.0000, -3.370992670348867E+08,  3.874082413060291E+08,  1.700275431642830E+05,
2451366.372372685, A.D. 1999-Jul-06 20:56:13.0000, -3.381980616802118E+08,  3.864244054157614E+08,  1.247774334451258E+05,
2451367.372372685, A.D. 1999-Jul-07 20:56:13.0000, -3.392943828073531E+08,  3.854377420734388E+08,  7.952643820151687E+04,
2451368.372372685, A.D. 1999-Jul-08 20:56:13.0000, -3.403882221387410E+08,  3.844482581959274E+08,  3.427488900724053E+04,
2451369.372372685, A.D. 1999-Jul-09 20:56:13.0000, -3.414795714202532E+08,  3.834559607299412E+08, -1.097688249272108E+04,
2451370.372372685, A.D. 1999-Jul-10 20:56:13.0000, -3.425684224213521E+08,  3.824608566519455E+08, -5.622854458695650E+04,
2451371.372372685, A.D. 1999-Jul-11 20:56:13.0000, -3.436547669352226E+08,  3.814629529680590E+08, -1.014797655029595E+05,
2451372.372372685, A.D. 1999-Jul-12 20:56:13.0000, -3.447385967789096E+08,  3.804622567139531E+08, -1.467302134115398E+05,
2451373.372372685, A.D. 1999-Jul-13 20:56:13.0000, -3.458199037934545E+08,  3.794587749547527E+08, -1.919795564325154E+05,
2451374.372372685, A.D. 1999-Jul-14 20:56:13.0000, -3.468986798440323E+08,  3.784525147849330E+08, -2.372274626394510E+05,
2451375.372372685, A.D. 1999-Jul-15 20:56:13.0000, -3.479749168200873E+08,  3.774434833282167E+08, -2.824736000649631E+05,
2451376.372372685, A.D. 1999-Jul-16 20:56:13.0000, -3.490486066354685E+08,  3.764316877374692E+08, -3.277176367056668E+05,
2451377.372372685, A.D. 1999-Jul-17 20:56:13.0000, -3.501197412285653E+08,  3.754171351945928E+08, -3.729592405277491E+05,
2451378.372372685, A.D. 1999-Jul-18 20:56:13.0000, -3.511883125624415E+08,  3.743998329104192E+08, -4.181980794719458E+05,
2451379.372372685, A.D. 1999-Jul-19 20:56:13.0000, -3.522543126249703E+08,  3.733797881246012E+08, -4.634338214590251E+05,
2451380.372372685, A.D. 1999-Jul-20 20:56:13.0000, -3.533177334289674E+08,  3.723570081055019E+08, -5.086661343952119E+05,
2451381.372372685, A.D. 1999-Jul-21 20:56:13.0000, -3.543785670123240E+08,  3.713315001500836E+08, -5.538946861774623E+05,
2451382.372372685, A.D. 1999-Jul-22 20:56:13.0000, -3.554368054381400E+08,  3.703032715837933E+08, -5.991191446992457E+05,
2451383.372372685, A.D. 1999-Jul-23 20:56:13.0000, -3.564924407948552E+08,  3.692723297604490E+08, -6.443391778559387E+05,
2451384.372372685, A.D. 1999-Jul-24 20:56:13.0000, -3.575454651963806E+08,  3.682386820621215E+08, -6.895544535509199E+05,
2451385.372372685, A.D. 1999-Jul-25 20:56:13.0000, -3.585958707822286E+08,  3.672023358990163E+08, -7.347646397009939E+05,
2451386.372372685, A.D. 1999-Jul-26 20:56:13.0000, -3.596436497176424E+08,  3.661632987093515E+08, -7.799694042428881E+05,
2451387.372372685, A.D. 1999-Jul-27 20:56:13.0000, -3.606887941937235E+08,  3.651215779592357E+08, -8.251684151391536E+05,
2451388.372372685, A.D. 1999-Jul-28 20:56:13.0000, -3.617312964275586E+08,  3.640771811425413E+08, -8.703613403848112E+05,
2451389.372372685, A.D. 1999-Jul-29 20:56:13.0000, -3.627711486623444E+08,  3.630301157807769E+08, -9.155478480140120E+05,
2451390.372372685, A.D. 1999-Jul-30 20:56:13.0000, -3.638083431675104E+08,  3.619803894229558E+08, -9.607276061067879E+05,
2451391.372372685, A.D. 1999-Jul-31 20:56:13.0000, -3.648428722388390E+08,  3.609280096454628E+08, -1.005900282796949E+06,
2451392.372372685, A.D. 1999-Aug-01 20:56:13.0000, -3.658747281985825E+08,  3.598729840519171E+08, -1.051065546279207E+06,
2451393.372372685, A.D. 1999-Aug-02 20:56:13.0000, -3.669039033955768E+08,  3.588153202730330E+08, -1.096223064817742E+06,
2451394.372372685, A.D. 1999-Aug-03 20:56:13.0000, -3.679303902053508E+08,  3.577550259664781E+08, -1.141372506754950E+06,
2451395.372372685, A.D. 1999-Aug-04 20:56:13.0000, -3.689541810302287E+08,  3.566921088167275E+08, -1.186513540520743E+06,
2451396.372372685, A.D. 1999-Aug-05 20:56:13.0000, -3.699752682994288E+08,  3.556265765349178E+08, -1.231645834642336E+06,
2451397.372372685, A.D. 1999-Aug-06 20:56:13.0000, -3.709936444691520E+08,  3.545584368586980E+08, -1.276769057755128E+06,
2451398.372372685, A.D. 1999-Aug-07 20:56:13.0000, -3.720093020226639E+08,  3.534876975520809E+08, -1.321882878614143E+06,
2451399.372372685, A.D. 1999-Aug-08 20:56:13.0000, -3.730222334703647E+08,  3.524143664052952E+08, -1.366986966105893E+06,
2451400.372372685, A.D. 1999-Aug-09 20:56:13.0000, -3.740324313498506E+08,  3.513384512346409E+08, -1.412080989261225E+06,
2451401.372372685, A.D. 1999-Aug-10 20:56:13.0000, -3.750398882259614E+08,  3.502599598823499E+08, -1.457164617268726E+06,
2451402.372372685, A.D. 1999-Aug-11 20:56:13.0000, -3.760445966908171E+08,  3.491789002164555E+08, -1.502237519487962E+06,
2451403.372372685, A.D. 1999-Aug-12 20:56:13.0000, -3.770465493638435E+08,  3.480952801306742E+08, -1.547299365463510E+06,
2451404.372372685, A.D. 1999-Aug-13 20:56:13.0000, -3.780457388917800E+08,  3.470091075443051E+08, -1.592349824937046E+06,
2451405.372372685, A.D. 1999-Aug-14 20:56:13.0000, -3.790421579486964E+08,  3.459203904021491E+08, -1.637388567859933E+06,
2451406.372372685, A.D. 1999-Aug-15 20:56:13.0000, -3.800357992359897E+08,  3.448291366744552E+08, -1.682415264402866E+06,
2451407.372372685, A.D. 1999-Aug-16 20:56:13.0000, -3.810266554823927E+08,  3.437353543568945E+08, -1.727429584962517E+06,
2451408.372372685, A.D. 1999-Aug-17 20:56:13.0000, -3.820147194439940E+08,  3.426390514705657E+08, -1.772431200165480E+06,
2451409.372372685, A.D. 1999-Aug-18 20:56:13.0000, -3.829999839042791E+08,  3.415402360620294E+08, -1.817419780866399E+06,
2451410.372372685, A.D. 1999-Aug-19 20:56:13.0000, -3.839824416742040E+08,  3.404389162033676E+08, -1.862394998142064E+06,
2451411.372372685, A.D. 1999-Aug-20 20:56:13.0000, -3.849620855923095E+08,  3.393350999922619E+08, -1.907356523279697E+06,
2451412.372372685, A.D. 1999-Aug-21 20:56:13.0000, -3.859389085248864E+08,  3.382287955520748E+08, -1.952304027759939E+06,
2451413.372372685, A.D. 1999-Aug-22 20:56:13.0000, -3.869129033661921E+08,  3.371200110319211E+08, -1.997237183236271E+06,
2451414.372372685, A.D. 1999-Aug-23 20:56:13.0000, -3.878840630387165E+08,  3.360087546067147E+08, -2.042155661511555E+06,
2451415.372372685, A.D. 1999-Aug-24 20:56:13.0000, -3.888523804934911E+08,  3.348950344771725E+08, -2.087059134514123E+06,
2451416.372372685, A.D. 1999-Aug-25 20:56:13.0000, -3.898178487104269E+08,  3.337788588697637E+08, -2.131947274275348E+06,
2451417.372372685, A.D. 1999-Aug-26 20:56:13.0000, -3.907804606986647E+08,  3.326602360365999E+08, -2.176819752911121E+06,
2451418.372372685, A.D. 1999-Aug-27 20:56:13.0000, -3.917402094969170E+08,  3.315391742552639E+08, -2.221676242608681E+06,
2451419.372372685, A.D. 1999-Aug-28 20:56:13.0000, -3.926970881737883E+08,  3.304156818285844E+08, -2.266516415620044E+06,
2451420.372372685, A.D. 1999-Aug-29 20:56:13.0000, -3.936510898280575E+08,  3.292897670843660E+08, -2.311339944262132E+06,
2451421.372372685, A.D. 1999-Aug-30 20:56:13.0000, -3.946022075889156E+08,  3.281614383750898E+08, -2.356146500923365E+06,
2451422.372372685, A.D. 1999-Aug-31 20:56:13.0000, -3.955504346161557E+08,  3.270307040775995E+08, -2.400935758076072E+06,
2451423.372372685, A.D. 1999-Sep-01 20:56:13.0000, -3.964957641003151E+08,  3.258975725927874E+08, -2.445707388292536E+06,
2451424.372372685, A.D. 1999-Sep-02 20:56:13.0000, -3.974381892627776E+08,  3.247620523452900E+08, -2.490461064264268E+06,
2451425.372372685, A.D. 1999-Sep-03 20:56:13.0000, -3.983777033558436E+08,  3.236241517832005E+08, -2.535196458822682E+06,
2451426.372372685, A.D. 1999-Sep-04 20:56:13.0000, -3.993142996627728E+08,  3.224838793778070E+08, -2.579913244959742E+06,
2451427.372372685, A.D. 1999-Sep-05 20:56:13.0000, -4.002479714978135E+08,  3.213412436233526E+08, -2.624611095848352E+06,
2451428.372372685, A.D. 1999-Sep-06 20:56:13.0000, -4.011787122062210E+08,  3.201962530368202E+08, -2.669289684861407E+06,
2451429.372372685, A.D. 1999-Sep-07 20:56:13.0000, -4.021065151642723E+08,  3.190489161577393E+08, -2.713948685588971E+06,
2451430.372372685, A.D. 1999-Sep-08 20:56:13.0000, -4.030313737792835E+08,  3.178992415480115E+08, -2.758587771854222E+06,
2451431.372372685, A.D. 1999-Sep-09 20:56:13.0000, -4.039532814896291E+08,  3.167472377917527E+08, -2.803206617727131E+06,
2451432.372372685, A.D. 1999-Sep-10 20:56:13.0000, -4.048722317647688E+08,  3.155929134951453E+08, -2.847804897536740E+06,
2451433.372372685, A.D. 1999-Sep-11 20:56:13.0000, -4.057882181052806E+08,  3.144362772863024E+08, -2.892382285881832E+06,
2451434.372372685, A.D. 1999-Sep-12 20:56:13.0000, -4.067012340429004E+08,  3.132773378151380E+08, -2.936938457640335E+06,
2451435.372372685, A.D. 1999-Sep-13 20:56:13.0000, -4.076112731405695E+08,  3.121161037532408E+08, -2.981473087977394E+06,
2451436.372372685, A.D. 1999-Sep-14 20:56:13.0000, -4.085183289924881E+08,  3.109525837937526E+08, -3.025985852352843E+06,
2451437.372372685, A.D. 1999-Sep-15 20:56:13.0000, -4.094223952241744E+08,  3.097867866512466E+08, -3.070476426527455E+06,
2451438.372372685, A.D. 1999-Sep-16 20:56:13.0000, -4.103234654925290E+08,  3.086187210616077E+08, -3.114944486569017E+06,
2451439.372372685, A.D. 1999-Sep-17 20:56:13.0000, -4.112215334859037E+08,  3.074483957819112E+08, -3.159389708857670E+06,
2451440.372372685, A.D. 1999-Sep-18 20:56:13.0000, -4.121165929241741E+08,  3.062758195903011E+08, -3.203811770090699E+06,
2451441.372372685, A.D. 1999-Sep-19 20:56:13.0000, -4.130086375588140E+08,  3.051010012858677E+08, -3.248210347287491E+06,
2451442.372372685, A.D. 1999-Sep-20 20:56:13.0000, -4.138976611729744E+08,  3.039239496885225E+08, -3.292585117793888E+06,
2451443.372372685, A.D. 1999-Sep-21 20:56:13.0000, -4.147836575815619E+08,  3.027446736388732E+08, -3.336935759286478E+06,
2451444.372372685, A.D. 1999-Sep-22 20:56:13.0000, -4.156666206313206E+08,  3.015631819980949E+08, -3.381261949776888E+06,
2451445.372372685, A.D. 1999-Sep-23 20:56:13.0000, -4.165465442009139E+08,  3.003794836478017E+08, -3.425563367615744E+06,
2451446.372372685, A.D. 1999-Sep-24 20:56:13.0000, -4.174234222010072E+08,  2.991935874899150E+08, -3.469839691496879E+06,
2451447.372372685, A.D. 1999-Sep-25 20:56:13.0000, -4.182972485743514E+08,  2.980055024465312E+08, -3.514090600461319E+06,
2451448.372372685, A.D. 1999-Sep-26 20:56:13.0000, -4.191680172958666E+08,  2.968152374597875E+08, -3.558315773901254E+06,
2451449.372372685, A.D. 1999-Sep-27 20:56:13.0000, -4.200357223727256E+08,  2.956228014917257E+08, -3.602514891564071E+06,
2451450.372372685, A.D. 1999-Sep-28 20:56:13.0000, -4.209003578444373E+08,  2.944282035241557E+08, -3.646687633556411E+06,
2451451.372372685, A.D. 1999-Sep-29 20:56:13.0000, -4.217619177829304E+08,  2.932314525585165E+08, -3.690833680348098E+06,
2451452.372372685, A.D. 1999-Sep-30 20:56:13.0000, -4.226203962926362E+08,  2.920325576157362E+08, -3.734952712776214E+06,
2451453.372372685, A.D. 1999-Oct-01 20:56:13.0000, -4.234757875105715E+08,  2.908315277360920E+08, -3.779044412049145E+06,
2451454.372372685, A.D. 1999-Oct-02 20:56:13.0000, -4.243280856064200E+08,  2.896283719790666E+08, -3.823108459750578E+06,
2451455.372372685, A.D. 1999-Oct-03 20:56:13.0000, -4.251772847826153E+08,  2.884230994232057E+08, -3.867144537843630E+06,
2451456.372372685, A.D. 1999-Oct-04 20:56:13.0000, -4.260233792744210E+08,  2.872157191659736E+08, -3.911152328674957E+06,
2451457.372372685, A.D. 1999-Oct-05 20:56:13.0000, -4.268663633500112E+08,  2.860062403236073E+08, -3.955131514978722E+06,
2451458.372372685, A.D. 1999-Oct-06 20:56:13.0000, -4.277062313105515E+08,  2.847946720309705E+08, -3.999081779880852E+06,
2451459.372372685, A.D. 1999-Oct-07 20:56:13.0000, -4.285429774902768E+08,  2.835810234414057E+08, -4.043002806903094E+06,
2451460.372372685, A.D. 1999-Oct-08 20:56:13.0000, -4.293765962565712E+08,  2.823653037265856E+08, -4.086894279967114E+06,
2451461.372372685, A.D. 1999-Oct-09 20:56:13.0000, -4.302070820100456E+08,  2.811475220763646E+08, -4.130755883398831E+06,
2451462.372372685, A.D. 1999-Oct-10 20:56:13.0000, -4.310344291846146E+08,  2.799276876986271E+08, -4.174587301932320E+06,
2451463.372372685, A.D. 1999-Oct-11 20:56:13.0000, -4.318586322475741E+08,  2.787058098191367E+08, -4.218388220714256E+06,
2451464.372372685, A.D. 1999-Oct-12 20:56:13.0000, -4.326796856996763E+08,  2.774818976813841E+08, -4.262158325307965E+06,
2451465.372372685, A.D. 1999-Oct-13 20:56:13.0000, -4.334975840752057E+08,  2.762559605464326E+08, -4.305897301697701E+06,
2451466.372372685, A.D. 1999-Oct-14 20:56:13.0000, -4.343123219420536E+08,  2.750280076927645E+08, -4.349604836293072E+06,
2451467.372372685, A.D. 1999-Oct-15 20:56:13.0000, -4.351238939017915E+08,  2.737980484161246E+08, -4.393280615932986E+06,
2451468.372372685, A.D. 1999-Oct-16 20:56:13.0000, -4.359322945897445E+08,  2.725660920293635E+08, -4.436924327890426E+06,
2451469.372372685, A.D. 1999-Oct-17 20:56:13.0000, -4.367375186750641E+08,  2.713321478622798E+08, -4.480535659876511E+06,
2451470.372372685, A.D. 1999-Oct-18 20:56:13.0000, -4.375395608607987E+08,  2.700962252614598E+08, -4.524114300045118E+06,
2451471.372372685, A.D. 1999-Oct-19 20:56:13.0000, -4.383384158839644E+08,  2.688583335901169E+08, -4.567659936997399E+06,
2451472.372372685, A.D. 1999-Oct-20 20:56:13.0000, -4.391340785156149E+08,  2.676184822279287E+08, -4.611172259786367E+06,
2451473.372372685, A.D. 1999-Oct-21 20:56:13.0000, -4.399265435609096E+08,  2.663766805708730E+08, -4.654650957921714E+06,
2451474.372372685, A.D. 1999-Oct-22 20:56:13.0000, -4.407158058591811E+08,  2.651329380310615E+08, -4.698095721374735E+06,
2451475.372372685, A.D. 1999-Oct-23 20:56:13.0000, -4.415018602839998E+08,  2.638872640365715E+08, -4.741506240583196E+06,
2451476.372372685, A.D. 1999-Oct-24 20:56:13.0000, -4.422847017432393E+08,  2.626396680312760E+08, -4.784882206456810E+06,
2451477.372372685, A.D. 1999-Oct-25 20:56:13.0000, -4.430643251791372E+08,  2.613901594746710E+08, -4.828223310382620E+06,
2451478.372372685, A.D. 1999-Oct-26 20:56:13.0000, -4.438407255683556E+08,  2.601387478417006E+08, -4.871529244230866E+06,
2451479.372372685, A.D. 1999-Oct-27 20:56:13.0000, -4.446138979220376E+08,  2.588854426225798E+08, -4.914799700360999E+06,
2451480.372372685, A.D. 1999-Oct-28 20:56:13.0000, -4.453838372858608E+08,  2.576302533226140E+08, -4.958034371628359E+06,
2451481.372372685, A.D. 1999-Oct-29 20:56:13.0000, -4.461505387400871E+08,  2.563731894620171E+08, -5.001232951390848E+06,
2451482.372372685, A.D. 1999-Oct-30 20:56:13.0000, -4.469139973996072E+08,  2.551142605757256E+08, -5.044395133516803E+06,
2451483.372372685, A.D. 1999-Oct-31 20:56:13.0000, -4.476742084139802E+08,  2.538534762132121E+08, -5.087520612392724E+06,
2451484.372372685, A.D. 1999-Nov-01 20:56:13.0000, -4.484311669674656E+08,  2.525908459382953E+08, -5.130609082932174E+06,
2451485.372372685, A.D. 1999-Nov-02 20:56:13.0000, -4.491848682790483E+08,  2.513263793289503E+08, -5.173660240584984E+06,
2451486.372372685, A.D. 1999-Nov-03 20:56:13.0000, -4.499353076024545E+08,  2.500600859771177E+08, -5.216673781347543E+06,
2451487.372372685, A.D. 1999-Nov-04 20:56:13.0000, -4.506824802261567E+08,  2.487919754885148E+08, -5.259649401773319E+06,
2451488.372372685, A.D. 1999-Nov-05 20:56:13.0000, -4.514263814733687E+08,  2.475220574824500E+08, -5.302586798984542E+06,
2451489.372372685, A.D. 1999-Nov-06 20:56:13.0000, -4.521670067020272E+08,  2.462503415916429E+08, -5.345485670683846E+06,
2451490.372372685, A.D. 1999-Nov-07 20:56:13.0000, -4.529043513047613E+08,  2.449768374620537E+08, -5.388345715166703E+06,
2451491.372372685, A.D. 1999-Nov-08 20:56:13.0000, -4.536384107088513E+08,  2.437015547527256E+08, -5.431166631333321E+06,
2451492.372372685, A.D. 1999-Nov-09 20:56:13.0000, -4.543691803761751E+08,  2.424245031356444E+08, -5.473948118700281E+06,
2451493.372372685, A.D. 1999-Nov-10 20:56:13.0000, -4.550966558031473E+08,  2.411456922956197E+08, -5.516689877410889E+06,
2451494.372372685, A.D. 1999-Nov-11 20:56:13.0000, -4.558208325206566E+08,  2.398651319301920E+08, -5.559391608243451E+06,
2451495.372372685, A.D. 1999-Nov-12 20:56:13.0000, -4.565417060940058E+08,  2.385828317495699E+08, -5.602053012616917E+06,
2451496.372372685, A.D. 1999-Nov-13 20:56:13.0000, -4.572592721228639E+08,  2.372988014765964E+08, -5.644673792592496E+06,
2451497.372372685, A.D. 1999-Nov-14 20:56:13.0000, -4.579735262412398E+08,  2.360130508467469E+08, -5.687253650870949E+06,
2451498.372372685, A.D. 1999-Nov-15 20:56:13.0000, -4.586844641174890E+08,  2.347255896081518E+08, -5.729792290784791E+06,
2451499.372372685, A.D. 1999-Nov-16 20:56:13.0000, -4.593920814543608E+08,  2.334364275216357E+08, -5.772289416284576E+06,
2451500.372372685, A.D. 1999-Nov-17 20:56:13.0000, -4.600963739890971E+08,  2.321455743607629E+08, -5.814744731920972E+06,
2451501.372372685, A.D. 1999-Nov-18 20:56:13.0000, -4.607973374935792E+08,  2.308530399118710E+08, -5.857157942822233E+06,
2451502.372372685, A.D. 1999-Nov-19 20:56:13.0000, -4.614949677745276E+08,  2.295588339740794E+08, -5.899528754669219E+06,
2451503.372372685, A.D. 1999-Nov-20 20:56:13.0000, -4.621892606737417E+08,  2.282629663592553E+08, -5.941856873670235E+06,
2451504.372372685, A.D. 1999-Nov-21 20:56:13.0000, -4.628802120683694E+08,  2.269654468919259E+08, -5.984142006536990E+06,
2451505.372372685, A.D. 1999-Nov-22 20:56:13.0000, -4.635678178711845E+08,  2.256662854091305E+08, -6.026383860464856E+06,
2451506.372372685, A.D. 1999-Nov-23 20:56:13.0000, -4.642520740308602E+08,  2.243654917602127E+08, -6.068582143118516E+06,
2451507.372372685, A.D. 1999-Nov-24 20:56:13.0000, -4.649329765322166E+08,  2.230630758065573E+08, -6.110736562623888E+06,
2451508.372372685, A.D. 1999-Nov-25 20:56:13.0000, -4.656105213964307E+08,  2.217590474212853E+08, -6.152846827567130E+06,
2451509.372372685, A.D. 1999-Nov-26 20:56:13.0000, -4.662847046812010E+08,  2.204534164889196E+08, -6.194912647000015E+06,
2451510.372372685, A.D. 1999-Nov-27 20:56:13.0000, -4.669555224808642E+08,  2.191461929050371E+08, -6.236933730450809E+06,
2451511.372372685, A.D. 1999-Nov-28 20:56:13.0000, -4.676229709264640E+08,  2.178373865759209E+08, -6.278909787939087E+06,
2451512.372372685, A.D. 1999-Nov-29 20:56:13.0000, -4.682870461857800E+08,  2.165270074182225E+08, -6.320840529993638E+06,
2451513.372372685, A.D. 1999-Nov-30 20:56:13.0000, -4.689477444633236E+08,  2.152150653586447E+08, -6.362725667671472E+06,
2451514.372372685, A.D. 1999-Dec-01 20:56:13.0000, -4.696050620003081E+08,  2.139015703336451E+08, -6.404564912577182E+06,
2451515.372372685, A.D. 1999-Dec-02 20:56:13.0000, -4.702589950746033E+08,  2.125865322891670E+08, -6.446357976881847E+06,
2451516.372372685, A.D. 1999-Dec-03 20:56:13.0000, -4.709095400006801E+08,  2.112699611803924E+08, -6.488104573340252E+06,
2451517.372372685, A.D. 1999-Dec-04 20:56:13.0000, -4.715566931295522E+08,  2.099518669715191E+08, -6.529804415306956E+06,
2451518.372372685, A.D. 1999-Dec-05 20:56:13.0000, -4.722004508487175E+08,  2.086322596355560E+08, -6.571457216750413E+06,
2451519.372372685, A.D. 1999-Dec-06 20:56:13.0000, -4.728408095821045E+08,  2.073111491541339E+08, -6.613062692265257E+06,
2451520.372372685, A.D. 1999-Dec-07 20:56:13.0000, -4.734777657900230E+08,  2.059885455173305E+08, -6.654620557082951E+06,
2451521.372372685, A.D. 1999-Dec-08 20:56:13.0000, -4.741113159691226E+08,  2.046644587235045E+08, -6.696130527080998E+06,
2451522.372372685, A.D. 1999-Dec-09 20:56:13.0000, -4.747414566523568E+08,  2.033388987791362E+08, -6.737592318790704E+06,
2451523.372372685, A.D. 1999-Dec-10 20:56:13.0000, -4.753681844089546E+08,  2.020118756986739E+08, -6.779005649404079E+06,
2451524.372372685, A.D. 1999-Dec-11 20:56:13.0000, -4.759914958443972E+08,  2.006833995043837E+08, -6.820370236779332E+06,
2451525.372372685, A.D. 1999-Dec-12 20:56:13.0000, -4.766113876004012E+08,  1.993534802262010E+08, -6.861685799445994E+06,
2451526.372372685, A.D. 1999-Dec-13 20:56:13.0000, -4.772278563549053E+08,  1.980221279015824E+08, -6.902952056609280E+06,
2451527.372372685, A.D. 1999-Dec-14 20:56:13.0000, -4.778408988220627E+08,  1.966893525753582E+08, -6.944168728153937E+06,
2451528.372372685, A.D. 1999-Dec-15 20:56:13.0000, -4.784505117522346E+08,  1.953551642995850E+08, -6.985335534647785E+06,
2451529.372372685, A.D. 1999-Dec-16 20:56:13.0000, -4.790566919319879E+08,  1.940195731333962E+08, -7.026452197344884E+06,
2451530.372372685, A.D. 1999-Dec-17 20:56:13.0000, -4.796594361840949E+08,  1.926825891428530E+08, -7.067518438188590E+06,
2451531.372372685, A.D. 1999-Dec-18 20:56:13.0000, -4.802587413675330E+08,  1.913442224007928E+08, -7.108533979814343E+06,
2451532.372372685, A.D. 1999-Dec-19 20:56:13.0000, -4.808546043774880E+08,  1.900044829866776E+08, -7.149498545552321E+06,
2451533.372372685, A.D. 1999-Dec-20 20:56:13.0000, -4.814470221453556E+08,  1.886633809864407E+08, -7.190411859430216E+06,
2451534.372372685, A.D. 1999-Dec-21 20:56:13.0000, -4.820359916387448E+08,  1.873209264923321E+08, -7.231273646175705E+06,
2451535.372372685, A.D. 1999-Dec-22 20:56:13.0000, -4.826215098614818E+08,  1.859771296027630E+08, -7.272083631219126E+06,
2451536.372372685, A.D. 1999-Dec-23 20:56:13.0000, -4.832035738536118E+08,  1.846320004221491E+08, -7.312841540695868E+06,
2451537.372372685, A.D. 1999-Dec-24 20:56:13.0000, -4.837821806914032E+08,  1.832855490607535E+08, -7.353547101449102E+06,
2451538.372372685, A.D. 1999-Dec-25 20:56:13.0000, -4.843573274873490E+08,  1.819377856345276E+08, -7.394200041032076E+06,
2451539.372372685, A.D. 1999-Dec-26 20:56:13.0000, -4.849290113901697E+08,  1.805887202649524E+08, -7.434800087710917E+06,
2451540.372372685, A.D. 1999-Dec-27 20:56:13.0000, -4.854972295848139E+08,  1.792383630788780E+08, -7.475346970467068E+06,
2451541.372372685, A.D. 1999-Dec-28 20:56:13.0000, -4.860619792924594E+08,  1.778867242083636E+08, -7.515840418999888E+06,
2451542.372372685, A.D. 1999-Dec-29 20:56:13.0000, -4.866232577705127E+08,  1.765338137905153E+08, -7.556280163729191E+06,
2451543.372372685, A.D. 1999-Dec-30 20:56:13.0000, -4.871810623126088E+08,  1.751796419673253E+08, -7.596665935798042E+06,
