JDTDB,Calendar Date (TDB),X,Y,Z,
2450778.995266204, A.D. 1997-Nov-26 11:53:11.0000,  4.145999041807078E+08,  4.677462155308148E+08, -1.343605227533850E+07,
2450779.995266204, A.D. 1997-Nov-27 11:53:11.0000,  4.138339948052567E+08,  4.687308720990362E+08, -1.348471744119418E+07,
2450780.995266204, A.D. 1997-Nov-28 11:53:11.0000,  4.130664082987310E+08,  4.697136299441962E+08, -1.353332796538061E+07,
2450781.995266204, A.D. 1997-Nov-29 11:53:11.0000,  4.122971496233248E+08,  4.706944871819141E+08, -1.358188371181318E+07,
2450782.995266204, A.D. 1997-Nov-30 11:53:11.0000,  4.115262237375861E+08,  4.716734419397555E+08, -1.363038454498616E+07,
2450783.995266204, A.D. 1997-Dec-01 11:53:11.0000,  4.107536355964474E+08,  4.726504923571671E+08, -1.367883032997781E+07,
2450784.995266204, A.D. 1997-Dec-02 11:53:11.0000,  4.099793901512644E+08,  4.736256365854164E+08, -1.372722093245646E+07,
2450785.995266204, A.D. 1997-Dec-03 11:53:11.0000,  4.092034923498691E+08,  4.745988727875385E+08, -1.377555621868679E+07,
2450786.995266204, A.D. 1997-Dec-04 11:53:11.0000,  4.084259471366327E+08,  4.755701991382939E+08, -1.382383605553648E+07,
2450787.995266204, A.D. 1997-Dec-05 11:53:11.0000,  4.076467594525394E+08,  4.765396138241414E+08, -1.387206031048262E+07,
2450788.995266204, A.D. 1997-Dec-06 11:53:11.0000,  4.068659342352700E+08,  4.775071150432293E+08, -1.392022885161719E+07,
2450789.995266204, A.D. 1997-Dec-07 11:53:11.0000,  4.060834764192893E+08,  4.784727010054116E+08, -1.396834154765114E+07,
2450790.995266204, A.D. 1997-Dec-08 11:53:11.0000,  4.052993909359348E+08,  4.794363699322907E+08, -1.401639826791644E+07,
2450791.995266204, A.D. 1997-Dec-09 11:53:11.0000,  4.045136827134964E+08,  4.803981200572906E+08, -1.406439888236430E+07,
2450792.995266204, A.D. 1997-Dec-10 11:53:11.0000,  4.037263566772817E+08,  4.813579496257623E+08, -1.411234326156032E+07,
2450793.995266204, A.D. 1997-Dec-11 11:53:11.0000,  4.029374177496532E+08,  4.823158568951163E+08, -1.416023127667364E+07,
2450794.995266204, A.D. 1997-Dec-12 11:53:11.0000,  4.021468708500280E+08,  4.832718401349798E+08, -1.420806279946208E+07,
2450795.995266204, A.D. 1997-Dec-13 11:53:11.0000,  4.013547208948341E+08,  4.842258976273662E+08, -1.425583770225096E+07,
2450796.995266204, A.D. 1997-Dec-14 11:53:11.0000,  4.005609727974125E+08,  4.851780276668437E+08, -1.430355585790750E+07,
2450797.995266204, A.D. 1997-Dec-15 11:53:11.0000,  3.997656314678693E+08,  4.861282285606887E+08, -1.435121713981235E+07,
2450798.995266204, A.D. 1997-Dec-16 11:53:11.0000,  3.989687018128775E+08,  4.870764986290073E+08, -1.439882142182800E+07,
2450799.995266204, A.D. 1997-Dec-17 11:53:11.0000,  3.981701887354409E+08,  4.880228362048084E+08, -1.444636857826889E+07,
2450800.995266204, A.D. 1997-Dec-18 11:53:11.0000,  3.973700971346371E+08,  4.889672396340212E+08, -1.449385848387313E+07,
2450801.995266204, A.D. 1997-Dec-19 11:53:11.0000,  3.965684319053539E+08,  4.899097072754518E+08, -1.454129101377925E+07,
2450802.995266204, A.D. 1997-Dec-20 11:53:11.0000,  3.957651979380389E+08,  4.908502375006814E+08, -1.458866604350835E+07,
2450803.995266204, A.D. 1997-Dec-21 11:53:11.0000,  3.949604001184777E+08,  4.917888286939122E+08, -1.463598344895357E+07,
2450804.995266204, A.D. 1997-Dec-22 11:53:11.0000,  3.941540433276151E+08,  4.927254792517794E+08, -1.468324310637629E+07,
2450805.995266204, A.D. 1997-Dec-23 11:53:11.0000,  3.933461324414190E+08,  4.936601875831363E+08, -1.473044489240795E+07,
2450806.995266204, A.D. 1997-Dec-24 11:53:11.0000,  3.925366723307937E+08,  4.945929521088338E+08, -1.477758868405718E+07,
2450807.995266204, A.D. 1997-Dec-25 11:53:11.0000,  3.917256678615375E+08,  4.955237712615030E+08, -1.482467435872108E+07,
2450808.995266204, A.D. 1997-Dec-26 11:53:11.0000,  3.909131238943356E+08,  4.964526434853530E+08, -1.487170179419768E+07,
2450809.995266204, A.D. 1997-Dec-27 11:53:11.0000,  3.900990452847852E+08,  4.973795672359889E+08, -1.491867086870018E+07,
2450810.995266204, A.D. 1997-Dec-28 11:53:11.0000,  3.892834368834375E+08,  4.983045409802551E+08, -1.496558146087098E+07,
2450811.995266204, A.D. 1997-Dec-29 11:53:11.0000,  3.884663035358555E+08,  4.992275631961020E+08, -1.501243344979426E+07,
2450812.995266204, A.D. 1997-Dec-30 11:53:11.0000,  3.876476500826765E+08,  5.001486323724772E+08, -1.505922671500805E+07,
2450813.995266204, A.D. 1997-Dec-31 11:53:11.0000,  3.868274813596757E+08,  5.010677470092387E+08, -1.510596113651392E+07,
2450814.995266204, A.D. 1998-Jan-01 11:53:11.0000,  3.860058021978267E+08,  5.019849056170846E+08, -1.515263659478509E+07,
2450815.995266204, A.D. 1998-Jan-02 11:53:11.0000,  3.851826174233567E+08,  5.029001067174987E+08, -1.519925297077307E+07,
2450816.995266204, A.D. 1998-Jan-03 11:53:11.0000,  3.843579318577951E+08,  5.038133488427070E+08, -1.524581014591241E+07,
2450817.995266204, A.D. 1998-Jan-04 11:53:11.0000,  3.835317503180134E+08,  5.047246305356438E+08, -1.529230800212413E+07,
2450818.995266204, A.D. 1998-Jan-05 11:53:11.0000,  3.827040776162595E+08,  5.056339503499232E+08, -1.533874642181787E+07,
2450819.995266204, A.D. 1998-Jan-06 11:53:11.0000,  3.818749185601820E+08,  5.065413068498154E+08, -1.538512528789321E+07,
2450820.995266204, A.D. 1998-Jan-07 11:53:11.0000,  3.810442779528503E+08,  5.074466986102260E+08, -1.543144448373964E+07,
2450821.995266204, A.D. 1998-Jan-08 11:53:11.0000,  3.802121605927671E+08,  5.083501242166757E+08, -1.547770389323655E+07,
2450822.995266204, A.D. 1998-Jan-09 11:53:11.0000,  3.793785712738761E+08,  5.092515822652818E+08, -1.552390340075195E+07,
2450823.995266204, A.D. 1998-Jan-10 11:53:11.0000,  3.785435147855649E+08,  5.101510713627389E+08, -1.557004289114138E+07,
2450824.995266204, A.D. 1998-Jan-11 11:53:11.0000,  3.777069959126647E+08,  5.110485901262984E+08, -1.561612224974585E+07,
2450825.995266204, A.D. 1998-Jan-12 11:53:11.0000,  3.768690194354455E+08,  5.119441371837486E+08, -1.566214136239034E+07,
2450826.995266204, A.D. 1998-Jan-13 11:53:11.0000,  3.760295901296096E+08,  5.128377111733919E+08, -1.570810011538148E+07,
2450827.995266204, A.D. 1998-Jan-14 11:53:11.0000,  3.751887127662826E+08,  5.137293107440220E+08, -1.575399839550510E+07,
2450828.995266204, A.D. 1998-Jan-15 11:53:11.0000,  3.743463921120024E+08,  5.146189345548990E+08, -1.579983609002432E+07,
2450829.995266204, A.D. 1998-Jan-16 11:53:11.0000,  3.735026329287069E+08,  5.155065812757239E+08, -1.584561308667699E+07,
2450830.995266204, A.D. 1998-Jan-17 11:53:11.0000,  3.726574399737205E+08,  5.163922495866117E+08, -1.589132927367330E+07,
2450831.995266204, A.D. 1998-Jan-18 11:53:11.0000,  3.718108179997398E+08,  5.172759381780617E+08, -1.593698453969350E+07,
2450832.995266204, A.D. 1998-Jan-19 11:53:11.0000,  3.709627717548183E+08,  5.181576457509301E+08, -1.598257877388555E+07,
2450833.995266204, A.D. 1998-Jan-20 11:53:11.0000,  3.701133059823511E+08,  5.190373710163976E+08, -1.602811186586264E+07,
2450834.995266204, A.D. 1998-Jan-21 11:53:11.0000,  3.692624254210587E+08,  5.199151126959385E+08, -1.607358370570093E+07,
2450835.995266204, A.D. 1998-Jan-22 11:53:11.0000,  3.684101348049706E+08,  5.207908695212883E+08, -1.611899418393743E+07,
2450836.995266204, A.D. 1998-Jan-23 11:53:11.0000,  3.675564388634091E+08,  5.216646402344101E+08, -1.616434319156763E+07,
2450837.995266204, A.D. 1998-Jan-24 11:53:11.0000,  3.667013423209729E+08,  5.225364235874605E+08, -1.620963062004334E+07,
2450838.995266204, A.D. 1998-Jan-25 11:53:11.0000,  3.658448498975201E+08,  5.234062183427542E+08, -1.625485636127049E+07,
2450839.995266204, A.D. 1998-Jan-26 11:53:11.0000,  3.649869663081521E+08,  5.242740232727287E+08, -1.630002030760711E+07,
2450840.995266204, A.D. 1998-Jan-27 11:53:11.0000,  3.641276962631968E+08,  5.251398371599078E+08, -1.634512235186118E+07,
2450841.995266204, A.D. 1998-Jan-28 11:53:11.0000,  3.632670444681920E+08,  5.260036587968642E+08, -1.639016238728881E+07,
2450842.995266204, A.D. 1998-Jan-29 11:53:11.0000,  3.624050156238699E+08,  5.268654869861823E+08, -1.643514030759183E+07,
2450843.995266204, A.D. 1998-Jan-30 11:53:11.0000,  3.615416144261398E+08,  5.277253205404198E+08, -1.648005600691637E+07,
2450844.995266204, A.D. 1998-Jan-31 11:53:11.0000,  3.606768455660730E+08,  5.285831582820690E+08, -1.652490937985078E+07,
2450845.995266204, A.D. 1998-Feb-01 11:53:11.0000,  3.598107137298860E+08,  5.294389990435166E+08, -1.656970032142341E+07,
2450846.995266204, A.D. 1998-Feb-02 11:53:11.0000,  3.589432235989255E+08,  5.302928416670042E+08, -1.661442872710150E+07,
2450847.995266204, A.D. 1998-Feb-03 11:53:11.0000,  3.580743798496521E+08,  5.311446850045885E+08, -1.665909449278903E+07,
2450848.995266204, A.D. 1998-Feb-04 11:53:11.0000,  3.572041871536257E+08,  5.319945279180981E+08, -1.670369751482487E+07,
2450849.995266204, A.D. 1998-Feb-05 11:53:11.0000,  3.563326501774889E+08,  5.328423692790932E+08, -1.674823768998146E+07,
2450850.995266204, A.D. 1998-Feb-06 11:53:11.0000,  3.554597735829536E+08,  5.336882079688223E+08, -1.679271491546321E+07,
2450851.995266204, A.D. 1998-Feb-07 11:53:11.0000,  3.545855620267849E+08,  5.345320428781788E+08, -1.683712908890501E+07,
2450852.995266204, A.D. 1998-Feb-08 11:53:11.0000,  3.537100201607869E+08,  5.353738729076567E+08, -1.688148010837024E+07,
2450853.995266204, A.D. 1998-Feb-09 11:53:11.0000,  3.528331526317888E+08,  5.362136969673058E+08, -1.692576787235048E+07,
2450854.995266204, A.D. 1998-Feb-10 11:53:11.0000,  3.519549640816299E+08,  5.370515139766850E+08, -1.696999227976319E+07,
2450855.995266204, A.D. 1998-Feb-11 11:53:11.0000,  3.510754591471475E+08,  5.378873228648164E+08, -1.701415322995138E+07,
2450856.995266204, A.D. 1998-Feb-12 11:53:11.0000,  3.501946424601629E+08,  5.387211225701348E+08, -1.705825062268209E+07,
2450857.995266204, A.D. 1998-Feb-13 11:53:11.0000,  3.493125186474692E+08,  5.395529120404400E+08, -1.710228435814601E+07,
2450858.995266204, A.D. 1998-Feb-14 11:53:11.0000,  3.484290923308200E+08,  5.403826902328441E+08, -1.714625433695629E+07,
2450859.995266204, A.D. 1998-Feb-15 11:53:11.0000,  3.475443681269185E+08,  5.412104561137201E+08, -1.719016046014860E+07,
2450860.995266204, A.D. 1998-Feb-16 11:53:11.0000,  3.466583506474087E+08,  5.420362086586457E+08, -1.723400262918064E+07,
2450861.995266204, A.D. 1998-Feb-17 11:53:11.0000,  3.457710444988670E+08,  5.428599468523488E+08, -1.727778074593231E+07,
2450862.995266204, A.D. 1998-Feb-18 11:53:11.0000,  3.448824542827969E+08,  5.436816696886469E+08, -1.732149471270618E+07,
2450863.995266204, A.D. 1998-Feb-19 11:53:11.0000,  3.439925845956252E+08,  5.445013761703885E+08, -1.736514443222818E+07,
2450864.995266204, A.D. 1998-Feb-20 11:53:11.0000,  3.431014400287020E+08,  5.453190653093889E+08, -1.740872980764908E+07,
2450865.995266204, A.D. 1998-Feb-21 11:53:11.0000,  3.422090251683040E+08,  5.461347361263661E+08, -1.745225074254587E+07,
2450866.995266204, A.D. 1998-Feb-22 11:53:11.0000,  3.413153445956424E+08,  5.469483876508735E+08, -1.749570714092469E+07,
2450867.995266204, A.D. 1998-Feb-23 11:53:11.0000,  3.404204028868762E+08,  5.477600189212319E+08, -1.753909890722305E+07,
2450868.995266204, A.D. 1998-Feb-24 11:53:11.0000,  3.395242046131318E+08,  5.485696289844592E+08, -1.758242594631416E+07,
2450869.995266204, A.D. 1998-Feb-25 11:53:11.0000,  3.386267543405310E+08,  5.493772168962007E+08, -1.762568816351107E+07,
2450870.995266204, A.D. 1998-Feb-26 11:53:11.0000,  3.377280566302270E+08,  5.501827817206597E+08, -1.766888546457133E+07,
2450871.995266204, A.D. 1998-Feb-27 11:53:11.0000,  3.368281160384511E+08,  5.509863225305318E+08, -1.771201775570372E+07,
2450872.995266204, A.D. 1998-Feb-28 11:53:11.0000,  3.359269371165706E+08,  5.517878384069424E+08, -1.775508494357395E+07,
2450873.995266204, A.D. 1998-Mar-01 11:53:11.0000,  3.350245244111568E+08,  5.525873284393923E+08, -1.779808693531179E+07,
2450874.995266204, A.D. 1998-Mar-02 11:53:11.0000,  3.341208824640672E+08,  5.533847917257155E+08, -1.784102363851812E+07,
2450875.995266204, A.D. 1998-Mar-03 11:53:11.0000,  3.332160158125363E+08,  5.541802273720511E+08, -1.788389496127161E+07,
2450876.995266204, A.D. 1998-Mar-04 11:53:11.0000,  3.323099289892775E+08,  5.549736344928339E+08, -1.792670081213522E+07,
2450877.995266204, A.D. 1998-Mar-05 11:53:11.0000,  3.314026265225882E+08,  5.557650122108109E+08, -1.796944110016018E+07,
2450878.995266204, A.D. 1998-Mar-06 11:53:11.0000,  3.304941129364560E+08,  5.565543596570841E+08, -1.801211573488858E+07,
2450879.995266204, A.D. 1998-Mar-07 11:53:11.0000,  3.295843927506573E+08,  5.573416759711846E+08, -1.805472462635252E+07,
2450880.995266204, A.D. 1998-Mar-08 11:53:11.0000,  3.286734704808393E+08,  5.581269603011794E+08, -1.809726768506896E+07,
2450881.995266204, A.D. 1998-Mar-09 11:53:11.0000,  3.277613506385739E+08,  5.589102118038024E+08, -1.813974482202989E+07,
2450882.995266204, A.D. 1998-Mar-10 11:53:11.0000,  3.268480377313774E+08,  5.596914296446137E+08, -1.818215594868740E+07,
2450883.995266204, A.D. 1998-Mar-11 11:53:11.0000,  3.259335362626820E+08,  5.604706129981699E+08, -1.822450097693315E+07,
2450884.995266204, A.D. 1998-Mar-12 11:53:11.0000,  3.250178507317564E+08,  5.612477610481924E+08, -1.826677981907371E+07,
2450885.995266204, A.D. 1998-Mar-13 11:53:11.0000,  3.241009856335746E+08,  5.620228729877206E+08, -1.830899238780147E+07,
2450886.995266204, A.D. 1998-Mar-14 11:53:11.0000,  3.231829454586365E+08,  5.627959480192336E+08, -1.835113859616521E+07,
2450887.995266204, A.D. 1998-Mar-15 11:53:11.0000,  3.222637346927508E+08,  5.635669853547224E+08, -1.839321835753947E+07,
2450888.995266204, A.D. 1998-Mar-16 11:53:11.0000,  3.213433578167956E+08,  5.643359842157067E+08, -1.843523158559802E+07,
2450889.995266204, A.D. 1998-Mar-17 11:53:11.0000,  3.204218193064758E+08,  5.651029438331918E+08, -1.847717819429058E+07,
2450890.995266204, A.D. 1998-Mar-18 11:53:11.0000,  3.194991236320931E+08,  5.658678634475653E+08, -1.851905809782696E+07,
2450891.995266204, A.D. 1998-Mar-19 11:53:11.0000,  3.185752752583470E+08,  5.666307423084470E+08, -1.856087121066648E+07,
2450892.995266204, A.D. 1998-Mar-20 11:53:11.0000,  3.176502786441740E+08,  5.673915796744988E+08, -1.860261744751528E+07,
2450893.995266204, A.D. 1998-Mar-21 11:53:11.0000,  3.167241382426362E+08,  5.681503748132135E+08, -1.864429672332931E+07,
2450894.995266204, A.D. 1998-Mar-22 11:53:11.0000,  3.157968585008550E+08,  5.689071270006964E+08, -1.868590895332211E+07,
2450895.995266204, A.D. 1998-Mar-23 11:53:11.0000,  3.148684438599907E+08,  5.696618355214527E+08, -1.872745405297670E+07,
2450896.995266204, A.D. 1998-Mar-24 11:53:11.0000,  3.139388987552572E+08,  5.704144996681874E+08, -1.876893193805915E+07,
2450897.995266204, A.D. 1998-Mar-25 11:53:11.0000,  3.130082276159671E+08,  5.711651187416285E+08, -1.881034252463350E+07,
2450898.995266204, A.D. 1998-Mar-26 11:53:11.0000,  3.120764348655966E+08,  5.719136920503749E+08, -1.885168572907588E+07,
2450899.995266204, A.D. 1998-Mar-27 11:53:11.0000,  3.111435249218628E+08,  5.726602189107677E+08, -1.889296146808892E+07,
2450900.995266204, A.D. 1998-Mar-28 11:53:11.0000,  3.102095021968075E+08,  5.734046986467870E+08, -1.893416965871343E+07,
2450901.995266204, A.D. 1998-Mar-29 11:53:11.0000,  3.092743710968811E+08,  5.741471305899699E+08, -1.897531021833926E+07,
2450902.995266204, A.D. 1998-Mar-30 11:53:11.0000,  3.083381360230241E+08,  5.748875140793453E+08, -1.901638306471425E+07,
2450903.995266204, A.D. 1998-Mar-31 11:53:11.0000,  3.074008013707427E+08,  5.756258484613866E+08, -1.905738811595133E+07,
2450904.995266204, A.D. 1998-Apr-01 11:53:11.0000,  3.064623715301775E+08,  5.763621330899723E+08, -1.909832529053366E+07,
2450905.995266204, A.D. 1998-Apr-02 11:53:11.0000,  3.055228508861645E+08,  5.770963673263587E+08, -1.913919450731951E+07,
2450906.995266204, A.D. 1998-Apr-03 11:53:11.0000,  3.045822438182893E+08,  5.778285505391586E+08, -1.917999568554452E+07,
2450907.995266204, A.D. 1998-Apr-04 11:53:11.0000,  3.036405547009323E+08,  5.785586821043228E+08, -1.922072874482384E+07,
2450908.995266204, A.D. 1998-Apr-05 11:53:11.0000,  3.026977879033092E+08,  5.792867614051266E+08, -1.926139360515317E+07,
2450909.995266204, A.D. 1998-Apr-06 11:53:11.0000,  3.017539477895037E+08,  5.800127878321565E+08, -1.930199018690893E+07,
2450910.995266204, A.D. 1998-Apr-07 11:53:11.0000,  3.008090387184955E+08,  5.807367607832994E+08, -1.934251841084820E+07,
2450911.995266204, A.D. 1998-Apr-08 11:53:11.0000,  2.998630650441846E+08,  5.814586796637294E+08, -1.938297819810796E+07,
2450912.995266204, A.D. 1998-Apr-09 11:53:11.0000,  2.989160311154100E+08,  5.821785438858969E+08, -1.942336947020426E+07,
2450913.995266204, A.D. 1998-Apr-10 11:53:11.0000,  2.979679412759660E+08,  5.828963528695149E+08, -1.946369214903077E+07,
2450914.995266204, A.D. 1998-Apr-11 11:53:11.0000,  2.970187998646157E+08,  5.836121060415466E+08, -1.950394615685779E+07,
2450915.995266204, A.D. 1998-Apr-12 11:53:11.0000,  2.960686112151024E+08,  5.843258028361888E+08, -1.954413141633034E+07,
2450916.995266204, A.D. 1998-Apr-13 11:53:11.0000,  2.951173796561580E+08,  5.850374426948586E+08, -1.958424785046673E+07,
2450917.995266204, A.D. 1998-Apr-14 11:53:11.0000,  2.941651095115117E+08,  5.857470250661747E+08, -1.962429538265720E+07,
2450918.995266204, A.D. 1998-Apr-15 11:53:11.0000,  2.932118050998952E+08,  5.864545494059410E+08, -1.966427393666166E+07,
2450919.995266204, A.D. 1998-Apr-16 11:53:11.0000,  2.922574707350489E+08,  5.871600151771274E+08, -1.970418343660873E+07,
2450920.995266204, A.D. 1998-Apr-17 11:53:11.0000,  2.913021107257260E+08,  5.878634218498504E+08, -1.974402380699354E+07,
2450921.995266204, A.D. 1998-Apr-18 11:53:11.0000,  2.903457293756967E+08,  5.885647689013531E+08, -1.978379497267628E+07,
2450922.995266204, A.D. 1998-Apr-19 11:53:11.0000,  2.893883309837512E+08,  5.892640558159840E+08, -1.982349685888064E+07,
2450923.995266204, A.D. 1998-Apr-20 11:53:11.0000,  2.884299198437029E+08,  5.899612820851749E+08, -1.986312939119223E+07,
2450924.995266204, A.D. 1998-Apr-21 11:53:11.0000,  2.874705002443905E+08,  5.906564472074193E+08, -1.990269249555674E+07,
2450925.995266204, A.D. 1998-Apr-22 11:53:11.0000,  2.865100764696810E+08,  5.913495506882489E+08, -1.994218609827897E+07,
2450926.995266204, A.D. 1998-Apr-23 11:53:11.0000,  2.855486527984713E+08,  5.920405920402105E+08, -1.998161012602073E+07,
2450927.995266204, A.D. 1998-Apr-24 11:53:11.0000,  2.845862335046906E+08,  5.927295707828420E+08, -2.002096450579980E+07,
2450928.995266204, A.D. 1998-Apr-25 11:53:11.0000,  2.836228228573017E+08,  5.934164864426483E+08, -2.006024916498822E+07,
2450929.995266204, A.D. 1998-Apr-26 11:53:11.0000,  2.826584251203029E+08,  5.941013385530761E+08, -2.009946403131124E+07,
2450930.995266204, A.D. 1998-Apr-27 11:53:11.0000,  2.816930445527296E+08,  5.947841266544896E+08, -2.013860903284565E+07,
2450931.995266204, A.D. 1998-Apr-28 11:53:11.0000,  2.807266854086561E+08,  5.954648502941444E+08, -2.017768409801850E+07,
2450932.995266204, A.D. 1998-Apr-29 11:53:11.0000,  2.797593519371961E+08,  5.961435090261619E+08, -2.021668915560609E+07,
2450933.995266204, A.D. 1998-Apr-30 11:53:11.0000,  2.787910483825051E+08,  5.968201024115027E+08, -2.025562413473240E+07,
2450934.995266204, A.D. 1998-May-01 11:53:11.0000,  2.778217789837809E+08,  5.974946300179414E+08, -2.029448896486798E+07,
2450935.995266204, A.D. 1998-May-02 11:53:11.0000,  2.768515479752653E+08,  5.981670914200375E+08, -2.033328357582870E+07,
2450936.995266204, A.D. 1998-May-03 11:53:11.0000,  2.758803595862447E+08,  5.988374861991102E+08, -2.037200789777496E+07,
2450937.995266204, A.D. 1998-May-04 11:53:11.0000,  2.749082180410516E+08,  5.995058139432091E+08, -2.041066186121002E+07,
2450938.995266204, A.D. 1998-May-05 11:53:11.0000,  2.739351275590655E+08,  6.001720742470857E+08, -2.044924539697942E+07,
2450939.995266204, A.D. 1998-May-06 11:53:11.0000,  2.729610923547137E+08,  6.008362667121660E+08, -2.048775843626970E+07,
2450940.995266204, A.D. 1998-May-07 11:53:11.0000,  2.719861166374727E+08,  6.014983909465190E+08, -2.052620091060793E+07,
2450941.995266204, A.D. 1998-May-08 11:53:11.0000,  2.710102046118689E+08,  6.021584465648280E+08, -2.056457275186020E+07,
2450942.995266204, A.D. 1998-May-09 11:53:11.0000,  2.700333604774794E+08,  6.028164331883579E+08, -2.060287389223135E+07,
2450943.995266204, A.D. 1998-May-10 11:53:11.0000,  2.690555884289343E+08,  6.034723504449247E+08, -2.064110426426414E+07,
2450944.995266204, A.D. 1998-May-11 11:53:11.0000,  2.680768926559173E+08,  6.041261979688609E+08, -2.067926380083883E+07,
2450945.995266204, A.D. 1998-May-12 11:53:11.0000,  2.670972773431679E+08,  6.047779754009824E+08, -2.071735243517277E+07,
2450946.995266204, A.D. 1998-May-13 11:53:11.0000,  2.661167466704839E+08,  6.054276823885518E+08, -2.075537010081983E+07,
2450947.995266204, A.D. 1998-May-14 11:53:11.0000,  2.651353048127244E+08,  6.060753185852424E+08, -2.079331673167101E+07,
2450948.995266204, A.D. 1998-May-15 11:53:11.0000,  2.641529559398143E+08,  6.067208836510980E+08, -2.083119226195416E+07,
2450949.995266204, A.D. 1998-May-16 11:53:11.0000,  2.631697042167491E+08,  6.073643772524942E+08, -2.086899662623459E+07,
2450950.995266204, A.D. 1998-May-17 11:53:11.0000,  2.621855538036026E+08,  6.080057990620940E+08, -2.090672975941592E+07,
2450951.995266204, A.D. 1998-May-18 11:53:11.0000,  2.612005088555358E+08,  6.086451487588047E+08, -2.094439159674141E+07,
2450952.995266204, A.D. 1998-May-19 11:53:11.0000,  2.602145735228092E+08,  6.092824260277313E+08, -2.098198207379529E+07,
2450953.995266204, A.D. 1998-May-20 11:53:11.0000,  2.592277519507980E+08,  6.099176305601267E+08, -2.101950112650517E+07,
2450954.995266204, A.D. 1998-May-21 11:53:11.0000,  2.582400482800122E+08,  6.105507620533427E+08, -2.105694869114438E+07,
2450955.995266204, A.D. 1998-May-22 11:53:11.0000,  2.572514666461211E+08,  6.111818202107774E+08, -2.109432470433557E+07,
2450956.995266204, A.D. 1998-May-23 11:53:11.0000,  2.562620111799847E+08,  6.118108047418218E+08, -2.113162910305479E+07,
2450957.995266204, A.D. 1998-May-24 11:53:11.0000,  2.552716860076925E+08,  6.124377153618071E+08, -2.116886182463560E+07,
2450958.995266204, A.D. 1998-May-25 11:53:11.0000,  2.542804952506102E+08,  6.130625517919513E+08, -2.120602280677509E+07,
2450959.995266204, A.D. 1998-May-26 11:53:11.0000,  2.532884430254373E+08,  6.136853137593111E+08, -2.124311198753959E+07,
2450960.995266204, A.D. 1998-May-27 11:53:11.0000,  2.522955334442744E+08,  6.143060009967355E+08, -2.128012930537149E+07,
2450961.995266204, A.D. 1998-May-28 11:53:11.0000,  2.513017706147028E+08,  6.149246132428302E+08, -2.131707469909659E+07,
2450962.995266204, A.D. 1998-May-29 11:53:11.0000,  2.503071586398751E+08,  6.155411502419310E+08, -2.135394810793081E+07,
2450963.995266204, A.D. 1998-May-30 11:53:11.0000,  2.493117016186153E+08,  6.161556117440935E+08, -2.139074947148782E+07,
2450964.995266204, A.D. 1998-May-31 11:53:11.0000,  2.483154036455306E+08,  6.167679975051026E+08, -2.142747872978494E+07,
2450965.995266204, A.D. 1998-Jun-01 11:53:11.0000,  2.473182688111249E+08,  6.173783072865043E+08, -2.146413582324758E+07,
2450966.995266204, A.D. 1998-Jun-02 11:53:11.0000,  2.463203012019107E+08,  6.179865408556702E+08, -2.150072069271216E+07,
2450967.995266204, A.D. 1998-Jun-03 11:53:11.0000,  2.453215049005193E+08,  6.185926979858856E+08, -2.153723327942485E+07,
2450968.995266204, A.D. 1998-Jun-04 11:53:11.0000,  2.443218839857866E+08,  6.191967784564742E+08, -2.157367352503663E+07,
2450969.995266204, A.D. 1998-Jun-05 11:53:11.0000,  2.433214425328154E+08,  6.197987820529505E+08, -2.161004137159365E+07,
2450970.995266204, A.D. 1998-Jun-06 11:53:11.0000,  2.423201846129992E+08,  6.203987085671941E+08, -2.164633676152185E+07,
2450971.995266204, A.D. 1998-Jun-07 11:53:11.0000,  2.413181142939996E+08,  6.209965577976365E+08, -2.168255963760680E+07,
2450972.995266204, A.D. 1998-Jun-08 11:53:11.0000,  2.403152356396718E+08,  6.215923295494480E+08, -2.171870994296846E+07,
2450973.995266204, A.D. 1998-Jun-09 11:53:11.0000,  2.393115527099385E+08,  6.221860236347055E+08, -2.175478762103271E+07,
2450974.995266204, A.D. 1998-Jun-10 11:53:11.0000,  2.383070695606148E+08,  6.227776398725294E+08, -2.179079261550152E+07,
2450975.995266204, A.D. 1998-Jun-11 11:53:11.0000,  2.373017902431953E+08,  6.233671780891720E+08, -2.182672487032273E+07,
2450976.995266204, A.D. 1998-Jun-12 11:53:11.0000,  2.362957188046209E+08,  6.239546381180496E+08, -2.186258432966346E+07,
2450977.995266204, A.D. 1998-Jun-13 11:53:11.0000,  2.352888592870414E+08,  6.245400197997131E+08, -2.189837093788746E+07,
2450978.995266204, A.D. 1998-Jun-14 11:53:11.0000,  2.342812157275904E+08,  6.251233229817600E+08, -2.193408463953856E+07,
2450979.995266204, A.D. 1998-Jun-15 11:53:11.0000,  2.332727921581916E+08,  6.257045475186996E+08, -2.196972537933150E+07,
2450980.995266204, A.D. 1998-Jun-16 11:53:11.0000,  2.322635926054055E+08,  6.262836932717782E+08, -2.200529310214850E+07,
2450981.995266204, A.D. 1998-Jun-17 11:53:11.0000,  2.312536210903217E+08,  6.268607601087844E+08, -2.204078775304291E+07,
2450982.995266204, A.D. 1998-Jun-18 11:53:11.0000,  2.302428816284995E+08,  6.274357479038472E+08, -2.207620927724716E+07,
2450983.995266204, A.D. 1998-Jun-19 11:53:11.0000,  2.292313782299506E+08,  6.280086565372384E+08, -2.211155762018424E+07,
2450984.995266204, A.D. 1998-Jun-20 11:53:11.0000,  2.282191148991597E+08,  6.285794858951905E+08, -2.214683272748154E+07,
2450985.995266204, A.D. 1998-Jun-21 11:53:11.0000,  2.272060956351323E+08,  6.291482358697371E+08, -2.218203454498595E+07,
2450986.995266204, A.D. 1998-Jun-22 11:53:11.0000,  2.261923244314636E+08,  6.297149063585759E+08, -2.221716301877785E+07,
2450987.995266204, A.D. 1998-Jun-23 11:53:11.0000,  2.251778052764182E+08,  6.302794972649577E+08, -2.225221809518492E+07,
2450988.995266204, A.D. 1998-Jun-24 11:53:11.0000,  2.241625421530167E+08,  6.308420084975991E+08, -2.228719972079450E+07,
2450989.995266204, A.D. 1998-Jun-25 11:53:11.0000,  2.231465390391215E+08,  6.314024399706166E+08, -2.232210784246364E+07,
2450990.995266204, A.D. 1998-Jun-26 11:53:11.0000,  2.221297999075201E+08,  6.319607916034786E+08, -2.235694240732828E+07,
2450991.995266204, A.D. 1998-Jun-27 11:53:11.0000,  2.211123287260021E+08,  6.325170633209713E+08, -2.239170336280993E+07,
2450992.995266204, A.D. 1998-Jun-28 11:53:11.0000,  2.200941294574291E+08,  6.330712550531776E+08, -2.242639065662128E+07,
2450993.995266204, A.D. 1998-Jun-29 11:53:11.0000,  2.190752060597973E+08,  6.336233667354646E+08, -2.246100423677000E+07,
2450994.995266204, A.D. 1998-Jun-30 11:53:11.0000,  2.180555624862910E+08,  6.341733983084745E+08, -2.249554405156162E+07,
2450995.995266204, A.D. 1998-Jul-01 11:53:11.0000,  2.170352026853300E+08,  6.347213497181256E+08, -2.253001004960120E+07,
2450996.995266204, A.D. 1998-Jul-02 11:53:11.0000,  2.160141306006096E+08,  6.352672209156101E+08, -2.256440217979428E+07,
2450997.995266204, A.D. 1998-Jul-03 11:53:11.0000,  2.149923501711337E+08,  6.358110118573971E+08, -2.259872039134675E+07,
2450998.995266204, A.D. 1998-Jul-04 11:53:11.0000,  2.139698653312429E+08,  6.363527225052353E+08, -2.263296463376486E+07,
2450999.995266204, A.D. 1998-Jul-05 11:53:11.0000,  2.129466800106385E+08,  6.368923528261554E+08, -2.266713485685423E+07,
2451000.995266204, A.D. 1998-Jul-06 11:53:11.0000,  2.119227981344008E+08,  6.374299027924712E+08, -2.270123101071876E+07,
2451001.995266204, A.D. 1998-Jul-07 11:53:11.0000,  2.108982236230052E+08,  6.379653723817824E+08, -2.273525304575917E+07,
2451002.995266204, A.D. 1998-Jul-08 11:53:11.0000,  2.098729603923351E+08,  6.384987615769732E+08, -2.276920091267160E+07,
2451003.995266204, A.D. 1998-Jul-09 11:53:11.0000,  2.088470123536917E+08,  6.390300703662121E+08, -2.280307456244585E+07,
2451004.995266204, A.D. 1998-Jul-10 11:53:11.0000,  2.078203834138024E+08,  6.395592987429490E+08, -2.283687394636351E+07,
2451005.995266204, A.D. 1998-Jul-11 11:53:11.0000,  2.067930774748274E+08,  6.400864467059132E+08, -2.287059901599637E+07,
2451006.995266204, A.D. 1998-Jul-12 11:53:11.0000,  2.057650984343643E+08,  6.406115142591064E+08, -2.290424972320443E+07,
2451007.995266204, A.D. 1998-Jul-13 11:53:11.0000,  2.047364501854524E+08,  6.411345014117997E+08, -2.293782602013406E+07,
2451008.995266204, A.D. 1998-Jul-14 11:53:11.0000,  2.037071366165752E+08,  6.416554081785247E+08, -2.297132785921633E+07,
2451009.995266204, A.D. 1998-Jul-15 11:53:11.0000,  2.026771616116626E+08,  6.421742345790670E+08, -2.300475519316474E+07,
2451010.995266204, A.D. 1998-Jul-16 11:53:11.0000,  2.016465290500923E+08,  6.426909806384569E+08, -2.303810797497383E+07,
2451011.995266204, A.D. 1998-Jul-17 11:53:11.0000,  2.006152428066905E+08,  6.432056463869601E+08, -2.307138615791729E+07,
2451012.995266204, A.D. 1998-Jul-18 11:53:11.0000,  1.995833067517324E+08,  6.437182318600671E+08, -2.310458969554600E+07,
2451013.995266204, A.D. 1998-Jul-19 11:53:11.0000,  1.985507247509417E+08,  6.442287370984825E+08, -2.313771854168642E+07,
2451014.995266204, A.D. 1998-Jul-20 11:53:11.0000,  1.975175006654907E+08,  6.447371621481123E+08, -2.317077265043902E+07,
2451015.995266204, A.D. 1998-Jul-21 11:53:11.0000,  1.964836383519993E+08,  6.452435070600523E+08, -2.320375197617635E+07,
2451016.995266204, A.D. 1998-Jul-22 11:53:11.0000,  1.954491416625341E+08,  6.457477718905752E+08, -2.323665647354174E+07,
2451017.995266204, A.D. 1998-Jul-23 11:53:11.0000,  1.944140144446069E+08,  6.462499567011147E+08, -2.326948609744719E+07,
2451018.995266204, A.D. 1998-Jul-24 11:53:11.0000,  1.933782605411735E+08,  6.467500615582535E+08, -2.330224080307218E+07,
2451019.995266204, A.D. 1998-Jul-25 11:53:11.0000,  1.923418837906320E+08,  6.472480865337079E+08, -2.333492054586226E+07,
2451020.995266204, A.D. 1998-Jul-26 11:53:11.0000,  1.913048880268205E+08,  6.477440317043102E+08, -2.336752528152686E+07,
2451021.995266204, A.D. 1998-Jul-27 11:53:11.0000,  1.902672770790162E+08,  6.482378971519958E+08, -2.340005496603867E+07,
2451022.995266204, A.D. 1998-Jul-28 11:53:11.0000,  1.892290547719317E+08,  6.487296829637837E+08, -2.343250955563152E+07,
2451023.995266204, A.D. 1998-Jul-29 11:53:11.0000,  1.881902249257135E+08,  6.492193892317609E+08, -2.346488900679940E+07,
2451024.995266204, A.D. 1998-Jul-30 11:53:11.0000,  1.871507913559392E+08,  6.497070160530627E+08, -2.349719327629474E+07,
2451025.995266204, A.D. 1998-Jul-31 11:53:11.0000,  1.861107578736150E+08,  6.501925635298557E+08, -2.352942232112738E+07,
2451026.995266204, A.D. 1998-Aug-01 11:53:11.0000,  1.850701282851725E+08,  6.506760317693173E+08, -2.356157609856328E+07,
2451027.995266204, A.D. 1998-Aug-02 11:53:11.0000,  1.840289063924662E+08,  6.511574208836149E+08, -2.359365456612301E+07,
2451028.995266204, A.D. 1998-Aug-03 11:53:11.0000,  1.829870959927704E+08,  6.516367309898862E+08, -2.362565768158096E+07,
2451029.995266204, A.D. 1998-Aug-04 11:53:11.0000,  1.819447008787759E+08,  6.521139622102158E+08, -2.365758540296420E+07,
2451030.995266204, A.D. 1998-Aug-05 11:53:11.0000,  1.809017248385873E+08,  6.525891146716126E+08, -2.368943768855128E+07,
2451031.995266204, A.D. 1998-Aug-06 11:53:11.0000,  1.798581716557202E+08,  6.530621885059845E+08, -2.372121449687156E+07,
2451032.995266204, A.D. 1998-Aug-07 11:53:11.0000,  1.788140451090981E+08,  6.535331838501142E+08, -2.375291578670454E+07,
2451033.995266204, A.D. 1998-Aug-08 11:53:11.0000,  1.777693489730506E+08,  6.540021008456299E+08, -2.378454151707894E+07,
2451034.995266204, A.D. 1998-Aug-09 11:53:11.0000,  1.767240870173112E+08,  6.544689396389786E+08, -2.381609164727250E+07,
2451035.995266204, A.D. 1998-Aug-10 11:53:11.0000,  1.756782630070163E+08,  6.549337003813947E+08, -2.384756613681185E+07,
2451036.995266204, A.D. 1998-Aug-11 11:53:11.0000,  1.746318807027050E+08,  6.553963832288677E+08, -2.387896494547221E+07,
2451037.995266204, A.D. 1998-Aug-12 11:53:11.0000,  1.735849438603202E+08,  6.558569883421075E+08, -2.391028803327805E+07,
2451038.995266204, A.D. 1998-Aug-13 11:53:11.0000,  1.725374562312111E+08,  6.563155158865089E+08, -2.394153536050346E+07,
2451039.995266204, A.D. 1998-Aug-14 11:53:11.0000,  1.714894215621390E+08,  6.567719660321113E+08, -2.397270688767299E+07,
2451040.995266204, A.D. 1998-Aug-15 11:53:11.0000,  1.704408435952840E+08,  6.572263389535590E+08, -2.400380257556370E+07,
2451041.995266204, A.D. 1998-Aug-16 11:53:11.0000,  1.693917260682569E+08,  6.576786348300571E+08, -2.403482238520661E+07,
2451042.995266204, A.D. 1998-Aug-17 11:53:11.0000,  1.683420727141146E+08,  6.581288538453255E+08, -2.406576627788925E+07,
2451043.995266204, A.D. 1998-Aug-18 11:53:11.0000,  1.672918872613806E+08,  6.585769961875526E+08, -2.409663421515906E+07,
2451044.995266204, A.D. 1998-Aug-19 11:53:11.0000,  1.662411734340722E+08,  6.590230620493463E+08, -2.412742615882707E+07,
2451045.995266204, A.D. 1998-Aug-20 11:53:11.0000,  1.651899349517354E+08,  6.594670516276842E+08, -2.415814207097223E+07,
2451046.995266204, A.D. 1998-Aug-21 11:53:11.0000,  1.641381755294876E+08,  6.599089651238664E+08, -2.418878191394717E+07,
2451047.995266204, A.D. 1998-Aug-22 11:53:11.0000,  1.630858988780712E+08,  6.603488027434691E+08, -2.421934565038374E+07,
2451048.995266204, A.D. 1998-Aug-23 11:53:11.0000,  1.620331087039175E+08,  6.607865646963038E+08, -2.424983324319977E+07,
2451049.995266204, A.D. 1998-Aug-24 11:53:11.0000,  1.609798087092217E+08,  6.612222511963840E+08, -2.428024465560609E+07,
2451050.995266204, A.D. 1998-Aug-25 11:53:11.0000,  1.599260025920303E+08,  6.616558624619024E+08, -2.431057985111338E+07,
2451051.995266204, A.D. 1998-Aug-26 11:53:11.0000,  1.588716940463386E+08,  6.620873987152244E+08, -2.434083879353970E+07,
2451052.995266204, A.D. 1998-Aug-27 11:53:11.0000,  1.578168867621969E+08,  6.625168601829005E+08, -2.437102144701600E+07,
2451053.995266204, A.D. 1998-Aug-28 11:53:11.0000,  1.567615844258208E+08,  6.629442470957023E+08, -2.440112777599064E+07,
2451054.995266204, A.D. 1998-Aug-29 11:53:11.0000,  1.557057907197019E+08,  6.633695596886872E+08, -2.443115774523202E+07,
2451055.995266204, A.D. 1998-Aug-30 11:53:11.0000,  1.546495093227098E+08,  6.637927982012929E+08, -2.446111131982708E+07,
2451056.995266204, A.D. 1998-Aug-31 11:53:11.0000,  1.535927439101766E+08,  6.642139628774635E+08, -2.449098846517631E+07,
2451057.995266204, A.D. 1998-Sep-01 11:53:11.0000,  1.525354981539533E+08,  6.646330539658041E+08, -2.452078914698395E+07,
2451058.995266204, A.D. 1998-Sep-02 11:53:11.0000,  1.514777757224300E+08,  6.650500717197551E+08, -2.455051333124188E+07,
2451059.995266204, A.D. 1998-Sep-03 11:53:11.0000,  1.504195802805096E+08,  6.654650163977869E+08, -2.458016098421040E+07,
2451060.995266204, A.D. 1998-Sep-04 11:53:11.0000,  1.493609154895261E+08,  6.658778882635776E+08, -2.460973207239136E+07,
2451061.995266204, A.D. 1998-Sep-05 11:53:11.0000,  1.483017850071160E+08,  6.662886875861889E+08, -2.463922656250110E+07,
2451062.995266204, A.D. 1998-Sep-06 11:53:11.0000,  1.472421924870385E+08,  6.666974146401992E+08, -2.466864442143935E+07,
2451063.995266204, A.D. 1998-Sep-07 11:53:11.0000,  1.461821415789599E+08,  6.671040697057911E+08, -2.469798561625984E+07,
2451064.995266204, A.D. 1998-Sep-08 11:53:11.0000,  1.451216359282172E+08,  6.675086530687820E+08, -2.472725011414385E+07,
2451065.995266204, A.D. 1998-Sep-09 11:53:11.0000,  1.440606791755772E+08,  6.679111650205925E+08, -2.475643788237730E+07,
2451066.995266204, A.D. 1998-Sep-10 11:53:11.0000,  1.429992749570126E+08,  6.683116058581578E+08, -2.478554888833505E+07,
2451067.995266204, A.D. 1998-Sep-11 11:53:11.0000,  1.419374269035065E+08,  6.687099758837892E+08, -2.481458309947124E+07,
2451068.995266204, A.D. 1998-Sep-12 11:53:11.0000,  1.408751386408981E+08,  6.691062754050012E+08, -2.484354048331738E+07,
2451069.995266204, A.D. 1998-Sep-13 11:53:11.0000,  1.398124137897757E+08,  6.695005047343130E+08, -2.487242100748494E+07,
2451070.995266204, A.D. 1998-Sep-14 11:53:11.0000,  1.387492559654168E+08,  6.698926641890460E+08, -2.490122463967425E+07,
2451071.995266204, A.D. 1998-Sep-15 11:53:11.0000,  1.376856687777720E+08,  6.702827540911282E+08, -2.492995134768617E+07,
2451072.995266204, A.D. 1998-Sep-16 11:53:11.0000,  1.366216558314845E+08,  6.706707747669092E+08, -2.495860109943631E+07,
2451073.995266204, A.D. 1998-Sep-17 11:53:11.0000,  1.355572207259383E+08,  6.710567265470008E+08, -2.498717386296958E+07,
2451074.995266204, A.D. 1998-Sep-18 11:53:11.0000,  1.344923670553271E+08,  6.714406097661397E+08, -2.501566960647511E+07,
2451075.995266204, A.D. 1998-Sep-19 11:53:11.0000,  1.334270984087342E+08,  6.718224247630767E+08, -2.504408829829997E+07,
2451076.995266204, A.D. 1998-Sep-20 11:53:11.0000,  1.323614183702187E+08,  6.722021718804876E+08, -2.507242990696135E+07,
2451077.995266204, A.D. 1998-Sep-21 11:53:11.0000,  1.312953305189015E+08,  6.725798514649067E+08, -2.510069440115726E+07,
2451078.995266204, A.D. 1998-Sep-22 11:53:11.0000,  1.302288384290485E+08,  6.729554638666775E+08, -2.512888174977568E+07,
2451079.995266204, A.D. 1998-Sep-23 11:53:11.0000,  1.291619456701484E+08,  6.733290094399185E+08, -2.515699192190164E+07,
2451080.995266204, A.D. 1998-Sep-24 11:53:11.0000,  1.280946558069828E+08,  6.737004885424988E+08, -2.518502488682261E+07,
2451081.995266204, A.D. 1998-Sep-25 11:53:11.0000,  1.270269723996896E+08,  6.740699015360245E+08, -2.521298061403301E+07,
2451082.995266204, A.D. 1998-Sep-26 11:53:11.0000,  1.259588990038175E+08,  6.744372487858294E+08, -2.524085907323709E+07,
2451083.995266204, A.D. 1998-Sep-27 11:53:11.0000,  1.248904391703748E+08,  6.748025306609719E+08, -2.526866023435089E+07,
2451084.995266204, A.D. 1998-Sep-28 11:53:11.0000,  1.238215964458703E+08,  6.751657475342333E+08, -2.529638406750381E+07,
2451085.995266204, A.D. 1998-Sep-29 11:53:11.0000,  1.227523743723484E+08,  6.755268997821165E+08, -2.532403054303840E+07,
2451086.995266204, A.D. 1998-Sep-30 11:53:11.0000,  1.216827764874199E+08,  6.758859877848482E+08, -2.535159963151091E+07,
2451087.995266204, A.D. 1998-Oct-01 11:53:11.0000,  1.206128063242866E+08,  6.762430119263785E+08, -2.537909130369082E+07,
2451088.995266204, A.D. 1998-Oct-02 11:53:11.0000,  1.195424674117634E+08,  6.765979725943810E+08, -2.540650553055969E+07,
2451089.995266204, A.D. 1998-Oct-03 11:53:11.0000,  1.184717632742970E+08,  6.769508701802516E+08, -2.543384228331050E+07,
2451090.995266204, A.D. 1998-Oct-04 11:53:11.0000,  1.174006974319808E+08,  6.773017050791069E+08, -2.546110153334665E+07,
2451091.995266204, A.D. 1998-Oct-05 11:53:11.0000,  1.163292734005689E+08,  6.776504776897814E+08, -2.548828325228027E+07,
2451092.995266204, A.D. 1998-Oct-06 11:53:11.0000,  1.152574946914875E+08,  6.779971884148222E+08, -2.551538741193134E+07,
2451093.995266204, A.D. 1998-Oct-07 11:53:11.0000,  1.141853648118452E+08,  6.783418376604844E+08, -2.554241398432606E+07,
2451094.995266204, A.D. 1998-Oct-08 11:53:11.0000,  1.131128872644415E+08,  6.786844258367245E+08, -2.556936294169566E+07,
2451095.995266204, A.D. 1998-Oct-09 11:53:11.0000,  1.120400655477753E+08,  6.790249533571925E+08, -2.559623425647497E+07,
2451096.995266204, A.D. 1998-Oct-10 11:53:11.0000,  1.109669031560518E+08,  6.793634206392235E+08, -2.562302790130094E+07,
2451097.995266204, A.D. 1998-Oct-11 11:53:11.0000,  1.098934035791890E+08,  6.796998281038277E+08, -2.564974384901148E+07,
2451098.995266204, A.D. 1998-Oct-12 11:53:11.0000,  1.088195703028244E+08,  6.800341761756810E+08, -2.567638207264435E+07,
2451099.995266204, A.D. 1998-Oct-13 11:53:11.0000,  1.077454068083200E+08,  6.803664652831128E+08, -2.570294254543537E+07,
2451100.995266204, A.D. 1998-Oct-14 11:53:11.0000,  1.066709165727688E+08,  6.806966958580946E+08, -2.572942524081779E+07,
2451101.995266204, A.D. 1998-Oct-15 11:53:11.0000,  1.055961030689993E+08,  6.810248683362268E+08, -2.575583013242060E+07,
2451102.995266204, A.D. 1998-Oct-16 11:53:11.0000,  1.045209697655813E+08,  6.813509831567271E+08, -2.578215719406813E+07,
2451103.995266204, A.D. 1998-Oct-17 11:53:11.0000,  1.034455201268306E+08,  6.816750407624146E+08, -2.580840639977795E+07,
2451104.995266204, A.D. 1998-Oct-18 11:53:11.0000,  1.023697576128146E+08,  6.819970415996976E+08, -2.583457772376081E+07,
2451105.995266204, A.D. 1998-Oct-19 11:53:11.0000,  1.012936856793565E+08,  6.823169861185572E+08, -2.586067114041913E+07,
2451106.995266204, A.D. 1998-Oct-20 11:53:11.0000,  1.002173077780412E+08,  6.826348747725333E+08, -2.588668662434605E+07,
2451107.995266204, A.D. 1998-Oct-21 11:53:11.0000,  9.914062735621929E+07,  6.829507080187080E+08, -2.591262415032464E+07,
2451108.995266204, A.D. 1998-Oct-22 11:53:11.0000,  9.806364785701263E+07,  6.832644863176906E+08, -2.593848369332722E+07,
2451109.995266204, A.D. 1998-Oct-23 11:53:11.0000,  9.698637271931906E+07,  6.835762101335999E+08, -2.596426522851393E+07,
2451110.995266204, A.D. 1998-Oct-24 11:53:11.0000,  9.590880537781729E+07,  6.838858799340481E+08, -2.598996873123267E+07,
2451111.995266204, A.D. 1998-Oct-25 11:53:11.0000,  9.483094926297173E+07,  6.841934961901227E+08, -2.601559417701796E+07,
2451112.995266204, A.D. 1998-Oct-26 11:53:11.0000,  9.375280780103759E+07,  6.844990593763695E+08, -2.604114154159012E+07,
2451113.995266204, A.D. 1998-Oct-27 11:53:11.0000,  9.267438441406564E+07,  6.848025699707730E+08, -2.606661080085516E+07,
2451114.995266204, A.D. 1998-Oct-28 11:53:11.0000,  9.159568251990721E+07,  6.851040284547381E+08, -2.609200193090370E+07,
2451115.995266204, A.D. 1998-Oct-29 11:53:11.0000,  9.051670553221908E+07,  6.854034353130708E+08, -2.611731490801075E+07,
2451116.995266204, A.D. 1998-Oct-30 11:53:11.0000,  8.943745686046876E+07,  6.857007910339564E+08, -2.614254970863518E+07,
2451117.995266204, A.D. 1998-Oct-31 11:53:11.0000,  8.835793990993935E+07,  6.859960961089401E+08, -2.616770630941913E+07,
2451118.995266204, A.D. 1998-Nov-01 11:53:11.0000,  8.727815808173516E+07,  6.862893510329041E+08, -2.619278468718854E+07,
2451119.995266204, A.D. 1998-Nov-02 11:53:11.0000,  8.619811477278669E+07,  6.865805563040448E+08, -2.621778481895196E+07,
2451120.995266204, A.D. 1998-Nov-03 11:53:11.0000,  8.511781337585720E+07,  6.868697124238486E+08, -2.624270668190119E+07,
2451121.995266204, A.D. 1998-Nov-04 11:53:11.0000,  8.403725727954863E+07,  6.871568198970671E+08, -2.626755025341150E+07,
2451122.995266204, A.D. 1998-Nov-05 11:53:11.0000,  8.295644986830842E+07,  6.874418792316893E+08, -2.629231551104134E+07,
2451123.995266204, A.D. 1998-Nov-06 11:53:11.0000,  8.187539452243735E+07,  6.877248909389155E+08, -2.631700243253356E+07,
2451124.995266204, A.D. 1998-Nov-07 11:53:11.0000,  8.079409461809817E+07,  6.880058555331249E+08, -2.634161099581575E+07,
2451125.995266204, A.D. 1998-Nov-08 11:53:11.0000,  7.971255352732585E+07,  6.882847735318463E+08, -2.636614117900121E+07,
2451126.995266204, A.D. 1998-Nov-09 11:53:11.0000,  7.863077461803928E+07,  6.885616454557230E+08, -2.639059296039093E+07,
2451127.995266204, A.D. 1998-Nov-10 11:53:11.0000,  7.754876125405550E+07,  6.888364718284779E+08, -2.641496631847468E+07,
2451128.995266204, A.D. 1998-Nov-11 11:53:11.0000,  7.646651679510671E+07,  6.891092531768755E+08, -2.643926123193353E+07,
2451129.995266204, A.D. 1998-Nov-12 11:53:11.0000,  7.538404459686062E+07,  6.893799900306818E+08, -2.646347767964265E+07,
2451130.995266204, A.D. 1998-Nov-13 11:53:11.0000,  7.430134801094542E+07,  6.896486829226245E+08, -2.648761564067462E+07,
2451131.995266204, A.D. 1998-Nov-14 11:53:11.0000,  7.321843038497998E+07,  6.899153323883466E+08, -2.651167509430286E+07,
2451132.995266204, A.D. 1998-Nov-15 11:53:11.0000,  7.213529506261030E+07,  6.901799389663649E+08, -2.653565602000692E+07,
2451133.995266204, A.D. 1998-Nov-16 11:53:11.0000,  7.105194538355370E+07,  6.904425031980245E+08, -2.655955839747751E+07,
2451134.995266204, A.D. 1998-Nov-17 11:53:11.0000,  6.996838468365167E+07,  6.907030256274558E+08, -2.658338220662221E+07,
2451135.995266204, A.D. 1998-Nov-18 11:53:11.0000,  6.888461629493248E+07,  6.909615068015333E+08, -2.660712742757273E+07,
2451136.995266204, A.D. 1998-Nov-19 11:53:11.0000,  6.780064354568477E+07,  6.912179472698411E+08, -2.663079404069209E+07,
2451137.995266204, A.D. 1998-Nov-20 11:53:11.0000,  6.671646976054285E+07,  6.914723475846443E+08, -2.665438202658221E+07,
2451138.995266204, A.D. 1998-Nov-21 11:53:11.0000,  6.563209826058299E+07,  6.917247083008742E+08, -2.667789136609194E+07,
2451139.995266204, A.D. 1998-Nov-22 11:53:11.0000,  6.454753236343004E+07,  6.919750299761262E+08, -2.670132204032439E+07,
2451140.995266204, A.D. 1998-Nov-23 11:53:11.0000,  6.346277538337392E+07,  6.922233131706805E+08, -2.672467403064439E+07,
2451141.995266204, A.D. 1998-Nov-24 11:53:11.0000,  6.237783063148897E+07,  6.924695584475453E+08, -2.674794731868276E+07,
2451142.995266204, A.D. 1998-Nov-25 11:53:11.0000,  6.129270141575289E+07,  6.927137663725282E+08, -2.677114188633972E+07,
2451143.995266204, A.D. 1998-Nov-26 11:53:11.0000,  6.020739104115735E+07,  6.929559375143404E+08, -2.679425771578443E+07,
2451144.995266204, A.D. 1998-Nov-27 11:53:11.0000,  5.912190280980123E+07,  6.931960724447284E+08, -2.681729478944990E+07,
2451145.995266204, A.D. 1998-Nov-28 11:53:11.0000,  5.803624002095532E+07,  6.934341717386389E+08, -2.684025309002411E+07,
2451146.995266204, A.D. 1998-Nov-29 11:53:11.0000,  5.695040597108879E+07,  6.936702359744017E+08, -2.686313260043481E+07,
2451147.995266204, A.D. 1998-Nov-30 11:53:11.0000,  5.586440395384905E+07,  6.939042657339264E+08, -2.688593330382940E+07,
2451148.995266204, A.D. 1998-Dec-01 11:53:11.0000,  5.477823725998980E+07,  6.941362616028981E+08, -2.690865518355063E+07,
2451149.995266204, A.D. 1998-Dec-02 11:53:11.0000,  5.369190917724718E+07,  6.943662241709521E+08, -2.693129822310826E+07,
2451150.995266204, A.D. 1998-Dec-03 11:53:11.0000,  5.260542299016741E+07,  6.945941540318172E+08, -2.695386240614986E+07,
2451151.995266204, A.D. 1998-Dec-04 11:53:11.0000,  5.151878197989790E+07,  6.948200517834103E+08, -2.697634771643156E+07,
2451152.995266204, A.D. 1998-Dec-05 11:53:11.0000,  5.043198942395913E+07,  6.950439180278738E+08, -2.699875413779220E+07,
2451153.995266204, A.D. 1998-Dec-06 11:53:11.0000,  4.934504859601263E+07,  6.952657533715498E+08, -2.702108165413150E+07,
2451154.995266204, A.D. 1998-Dec-07 11:53:11.0000,  4.825796276564357E+07,  6.954855584249012E+08, -2.704333024939516E+07,
2451155.995266204, A.D. 1998-Dec-08 11:53:11.0000,  4.717073519817556E+07,  6.957033338023787E+08, -2.706549990756616E+07,
2451156.995266204, A.D. 1998-Dec-09 11:53:11.0000,  4.608336915452451E+07,  6.959190801222575E+08, -2.708759061266297E+07,
2451157.995266204, A.D. 1998-Dec-10 11:53:11.0000,  4.499586789110100E+07,  6.961327980064485E+08, -2.710960234874377E+07,
2451158.995266204, A.D. 1998-Dec-11 11:53:11.0000,  4.390823465975878E+07,  6.963444880803050E+08, -2.713153509991530E+07,
2451159.995266204, A.D. 1998-Dec-12 11:53:11.0000,  4.282047270778653E+07,  6.965541509724362E+08, -2.715338885034570E+07,
2451160.995266204, A.D. 1998-Dec-13 11:53:11.0000,  4.173258527793571E+07,  6.967617873145355E+08, -2.717516358427927E+07,
2451161.995266204, A.D. 1998-Dec-14 11:53:11.0000,  4.064457560847630E+07,  6.969673977412293E+08, -2.719685928605092E+07,
2451162.995266204, A.D. 1998-Dec-15 11:53:11.0000,  3.955644693327208E+07,  6.971709828899529E+08, -2.721847594010231E+07,
2451163.995266204, A.D. 1998-Dec-16 11:53:11.0000,  3.846820248186757E+07,  6.973725434008487E+08, -2.724001353099588E+07,
2451164.995266204, A.D. 1998-Dec-17 11:53:11.0000,  3.737984547958006E+07,  6.975720799166907E+08, -2.726147204342714E+07,
2451165.995266204, A.D. 1998-Dec-18 11:53:11.0000,  3.629137914759187E+07,  6.977695930828280E+08, -2.728285146223634E+07,
2451166.995266204, A.D. 1998-Dec-19 11:53:11.0000,  3.520280670303897E+07,  6.979650835471472E+08, -2.730415177241725E+07,
2451167.995266204, A.D. 1998-Dec-20 11:53:11.0000,  3.411413135909393E+07,  6.981585519600482E+08, -2.732537295912534E+07,
2451168.995266204, A.D. 1998-Dec-21 11:53:11.0000,  3.302535632504143E+07,  6.983499989744339E+08, -2.734651500768313E+07,
2451169.995266204, A.D. 1998-Dec-22 11:53:11.0000,  3.193648480634599E+07,  6.985394252457050E+08, -2.736757790358526E+07,
2451170.995266204, A.D. 1998-Dec-23 11:53:11.0000,  3.084752000471196E+07,  6.987268314317652E+08, -2.738856163250187E+07,
2451171.995266204, A.D. 1998-Dec-24 11:53:11.0000,  2.975846511813598E+07,  6.989122181930259E+08, -2.740946618028075E+07,
2451172.995266204, A.D. 1998-Dec-25 11:53:11.0000,  2.866932334095265E+07,  6.990955861924181E+08, -2.743029153294870E+07,
2451173.995266204, A.D. 1998-Dec-26 11:53:11.0000,  2.758009786387377E+07,  6.992769360954027E+08, -2.745103767671284E+07,
2451174.995266204, A.D. 1998-Dec-27 11:53:11.0000,  2.649079187402247E+07,  6.994562685699835E+08, -2.747170459796071E+07,
2451175.995266204, A.D. 1998-Dec-28 11:53:11.0000,  2.540140855496236E+07,  6.996335842867184E+08, -2.749229228326008E+07,
2451176.995266204, A.D. 1998-Dec-29 11:53:11.0000,  2.431195108672266E+07,  6.998088839187310E+08, -2.751280071935835E+07,
2451177.995266204, A.D. 1998-Dec-30 11:53:11.0000,  2.322242264581988E+07,  6.999821681417217E+08, -2.753322989318234E+07,
2451178.995266204, A.D. 1998-Dec-31 11:53:11.0000,  2.213282640527669E+07,  7.001534376339778E+08, -2.755357979183713E+07,
2451179.995266204, A.D. 1999-Jan-01 11:53:11.0000,  2.104316553463819E+07,  7.003226930763800E+08, -2.757385040260491E+07,
2451180.995266204, A.D. 1999-Jan-02 11:53:11.0000,  1.995344319998624E+07,  7.004899351524130E+08, -2.759404171294433E+07,
2451181.995266204, A.D. 1999-Jan-03 11:53:11.0000,  1.886366256395205E+07,  7.006551645481689E+08, -2.761415371048903E+07,
2451182.995266204, A.D. 1999-Jan-04 11:53:11.0000,  1.777382678572740E+07,  7.008183819523551E+08, -2.763418638304695E+07,
2451183.995266204, A.D. 1999-Jan-05 11:53:11.0000,  1.668393902107471E+07,  7.009795880562956E+08, -2.765413971859863E+07,
2451184.995266204, A.D. 1999-Jan-06 11:53:11.0000,  1.559400242233608E+07,  7.011387835539376E+08, -2.767401370529643E+07,
2451185.995266204, A.D. 1999-Jan-07 11:53:11.0000,  1.450402013844155E+07,  7.012959691418496E+08, -2.769380833146319E+07,
2451186.995266204, A.D. 1999-Jan-08 11:53:11.0000,  1.341399531491675E+07,  7.014511455192273E+08, -2.771352358559141E+07,
2451187.995266204, A.D. 1999-Jan-09 11:53:11.0000,  1.232393109388988E+07,  7.016043133878902E+08, -2.773315945634171E+07,
2451188.995266204, A.D. 1999-Jan-10 11:53:11.0000,  1.123383061409833E+07,  7.017554734522846E+08, -2.775271593254226E+07,
2451189.995266204, A.D. 1999-Jan-11 11:53:11.0000,  1.014369701089479E+07,  7.019046264194808E+08, -2.777219300318739E+07,
2451190.995266204, A.D. 1999-Jan-12 11:53:11.0000,  9.053533416253036E+06,  7.020517729991727E+08, -2.779159065743691E+07,
2451191.995266204, A.D. 1999-Jan-13 11:53:11.0000,  7.963342958773434E+06,  7.021969139036750E+08, -2.781090888461447E+07,
2451192.995266204, A.D. 1999-Jan-14 11:53:11.0000,  6.873128763688151E+06,  7.023400498479218E+08, -2.783014767420754E+07,
2451193.995266204, A.D. 1999-Jan-15 11:53:11.0000,  5.782893952866069E+06,  7.024811815494622E+08, -2.784930701586583E+07,
2451194.995266204, A.D. 1999-Jan-16 11:53:11.0000,  4.692641644817508E+06,  7.026203097284576E+08, -2.786838689940068E+07,
2451195.995266204, A.D. 1999-Jan-17 11:53:11.0000,  3.602374954698665E+06,  7.027574351076771E+08, -2.788738731478390E+07,
2451196.995266204, A.D. 1999-Jan-18 11:53:11.0000,  2.512096994315918E+06,  7.028925584124935E+08, -2.790630825214735E+07,
2451197.995266204, A.D. 1999-Jan-19 11:53:11.0000,  1.421810872129848E+06,  7.030256803708773E+08, -2.792514970178193E+07,
2451198.995266204, A.D. 1999-Jan-20 11:53:11.0000,  3.315196932591712E+05,  7.031568017133923E+08, -2.794391165413684E+07,
2451199.995266204, A.D. 1999-Jan-21 11:53:11.0000, -7.587734405160166E+05,  7.032859231731883E+08, -2.796259409981874E+07,
2451200.995266204, A.D. 1999-Jan-22 11:53:11.0000, -1.849065430750152E+06,  7.034130454859954E+08, -2.798119702959129E+07,
2451201.995266204, A.D. 1999-Jan-23 11:53:11.0000, -2.939353182329386E+06,  7.035381693901165E+08, -2.799972043437451E+07,
2451202.995266204, A.D. 1999-Jan-24 11:53:11.0000, -4.029633603468367E+06,  7.036612956264181E+08, -2.801816430524370E+07,
2451203.995266204, A.D. 1999-Jan-25 11:53:11.0000, -5.119903605707289E+06,  7.037824249383240E+08, -2.803652863342941E+07,
2451204.995266204, A.D. 1999-Jan-26 11:53:11.0000, -6.210160103909061E+06,  7.039015580718038E+08, -2.805481341031688E+07,
2451205.995266204, A.D. 1999-Jan-27 11:53:11.0000, -7.300400016256558E+06,  7.040186957753639E+08, -2.807301862744522E+07,
2451206.995266204, A.D. 1999-Jan-28 11:53:11.0000, -8.390620264249880E+06,  7.041338388000355E+08, -2.809114427650779E+07,
2451207.995266204, A.D. 1999-Jan-29 11:53:11.0000, -9.480817772703582E+06,  7.042469878993624E+08, -2.810919034935120E+07,
2451208.995266204, A.D. 1999-Jan-30 11:53:11.0000, -1.057098946974373E+07,  7.043581438293885E+08, -2.812715683797598E+07,
2451209.995266204, A.D. 1999-Jan-31 11:53:11.0000, -1.166113228680474E+07,  7.044673073486407E+08, -2.814504373453569E+07,
2451210.995266204, A.D. 1999-Feb-01 11:53:11.0000, -1.275124315862569E+07,  7.045744792181149E+08, -2.816285103133813E+07,
2451211.995266204, A.D. 1999-Feb-02 11:53:11.0000, -1.384131902324611E+07,  7.046796602012565E+08, -2.818057872084486E+07,
2451212.995266204, A.D. 1999-Feb-03 11:53:11.0000, -1.493135682200075E+07,  7.047828510639418E+08, -2.819822679567251E+07,
2451213.995266204, A.D. 1999-Feb-04 11:53:11.0000, -1.602135349951332E+07,  7.048840525744553E+08, -2.821579524859342E+07,
2451214.995266204, A.D. 1999-Feb-05 11:53:11.0000, -1.711130600368815E+07,  7.049832655034664E+08, -2.823328407253656E+07,
2451215.995266204, A.D. 1999-Feb-06 11:53:11.0000, -1.820121128570054E+07,  7.050804906240038E+08, -2.825069326058993E+07,
2451216.995266204, A.D. 1999-Feb-07 11:53:11.0000, -1.929106629998360E+07,  7.051757287114267E+08, -2.826802280600208E+07,
2451217.995266204, A.D. 1999-Feb-08 11:53:11.0000, -2.038086800421213E+07,  7.052689805433948E+08, -2.828527270218432E+07,
2451218.995266204, A.D. 1999-Feb-09 11:53:11.0000, -2.147061335928210E+07,  7.053602468998368E+08, -2.830244294271487E+07,
2451219.995266204, A.D. 1999-Feb-10 11:53:11.0000, -2.256029932928491E+07,  7.054495285629144E+08, -2.831953352134159E+07,
2451220.995266204, A.D. 1999-Feb-11 11:53:11.0000, -2.364992288147566E+07,  7.055368263169897E+08, -2.833654443198705E+07,
2451221.995266204, A.D. 1999-Feb-12 11:53:11.0000, -2.473948098623329E+07,  7.056221409485879E+08, -2.835347566875336E+07,
2451222.995266204, A.D. 1999-Feb-13 11:53:11.0000, -2.582897061701312E+07,  7.057054732463633E+08, -2.837032722592804E+07,
2451223.995266204, A.D. 1999-Feb-14 11:53:11.0000, -2.691838875028859E+07,  7.057868240010684E+08, -2.838709909799063E+07,
2451224.995266204, A.D. 1999-Feb-15 11:53:11.0000, -2.800773236548292E+07,  7.058661940055259E+08, -2.840379127961984E+07,
2451225.995266204, A.D. 1999-Feb-16 11:53:11.0000, -2.909699844488908E+07,  7.059435840546111E+08, -2.842040376570091E+07,
2451226.995266204, A.D. 1999-Feb-17 11:53:11.0000, -3.018618397357852E+07,  7.060189949452436E+08, -2.843693655133340E+07,
2451227.995266204, A.D. 1999-Feb-18 11:53:11.0000, -3.127528593929947E+07,  7.060924274763957E+08, -2.845338963183844E+07,
2451228.995266204, A.D. 1999-Feb-19 11:53:11.0000, -3.236430133236718E+07,  7.061638824491199E+08, -2.846976300276518E+07,
2451229.995266204, A.D. 1999-Feb-20 11:53:11.0000, -3.345322714554977E+07,  7.062333606666026E+08, -2.848605665989581E+07,
2451230.995266204, A.D. 1999-Feb-21 11:53:11.0000, -3.454206037395535E+07,  7.063008629342438E+08, -2.850227059924793E+07,
2451231.995266204, A.D. 1999-Feb-22 11:53:11.0000, -3.563079801492795E+07,  7.063663900597672E+08, -2.851840481707346E+07,
2451232.995266204, A.D. 1999-Feb-23 11:53:11.0000, -3.671943706796169E+07,  7.064299428533646E+08, -2.853445930985418E+07,
2451233.995266204, A.D. 1999-Feb-24 11:53:11.0000, -3.780797453464384E+07,  7.064915221278639E+08, -2.855043407429099E+07,
2451234.995266204, A.D. 1999-Feb-25 11:53:11.0000, -3.889640741863512E+07,  7.065511286989229E+08, -2.856632910728928E+07,
2451235.995266204, A.D. 1999-Feb-26 11:53:11.0000, -3.998473272569785E+07,  7.066087633852329E+08, -2.858214440593836E+07,
2451236.995266204, A.D. 1999-Feb-27 11:53:11.0000, -4.107294746377712E+07,  7.066644270087175E+08, -2.859787996748602E+07,
2451237.995266204, A.D. 1999-Feb-28 11:53:11.0000, -4.216104864313295E+07,  7.067181203947170E+08, -2.861353578931049E+07,
2451238.995266204, A.D. 1999-Mar-01 11:53:11.0000, -4.324903327652007E+07,  7.067698443721347E+08, -2.862911186889073E+07,
2451239.995266204, A.D. 1999-Mar-02 11:53:11.0000, -4.433689837940438E+07,  7.068195997735356E+08, -2.864460820377669E+07,
2451240.995266204, A.D. 1999-Mar-03 11:53:11.0000, -4.542464097019956E+07,  7.068673874351887E+08, -2.866002479156351E+07,
2451241.995266204, A.D. 1999-Mar-04 11:53:11.0000, -4.651225807050531E+07,  7.069132081970446E+08, -2.867536162986982E+07,
2451242.995266204, A.D. 1999-Mar-05 11:53:11.0000, -4.759974670533033E+07,  7.069570629026600E+08, -2.869061871632215E+07,
2451243.995266204, A.D. 1999-Mar-06 11:53:11.0000, -4.868710390328449E+07,  7.069989523990712E+08, -2.870579604854652E+07,
2451244.995266204, A.D. 1999-Mar-07 11:53:11.0000, -4.977432669672990E+07,  7.070388775366318E+08, -2.872089362416637E+07,
2451245.995266204, A.D. 1999-Mar-08 11:53:11.0000, -5.086141212188509E+07,  7.070768391688302E+08, -2.873591144080678E+07,
2451246.995266204, A.D. 1999-Mar-09 11:53:11.0000, -5.194835721888181E+07,  7.071128381521008E+08, -2.875084949610335E+07,
2451247.995266204, A.D. 1999-Mar-10 11:53:11.0000, -5.303515903177913E+07,  7.071468753456438E+08, -2.876570778771421E+07,
2451248.995266204, A.D. 1999-Mar-11 11:53:11.0000, -5.412181460854261E+07,  7.071789516112556E+08, -2.878048631333464E+07,
2451249.995266204, A.D. 1999-Mar-12 11:53:11.0000, -5.520832100099467E+07,  7.072090678131857E+08, -2.879518507071221E+07,
2451250.995266204, A.D. 1999-Mar-13 11:53:11.0000, -5.629467526474608E+07,  7.072372248180145E+08, -2.880980405766103E+07,
2451251.995266204, A.D. 1999-Mar-14 11:53:11.0000, -5.738087445911659E+07,  7.072634234945592E+08, -2.882434327207649E+07,
2451252.995266204, A.D. 1999-Mar-15 11:53:11.0000, -5.846691564705000E+07,  7.072876647137997E+08, -2.883880271194705E+07,
2451253.995266204, A.D. 1999-Mar-16 11:53:11.0000, -5.955279589502949E+07,  7.073099493488278E+08, -2.885318237536511E+07,
2451254.995266204, A.D. 1999-Mar-17 11:53:11.0000, -6.063851227299647E+07,  7.073302782748126E+08, -2.886748226053596E+07,
2451255.995266204, A.D. 1999-Mar-18 11:53:11.0000, -6.172406185427545E+07,  7.073486523689804E+08, -2.888170236578509E+07,
2451256.995266204, A.D. 1999-Mar-19 11:53:11.0000, -6.280944171550609E+07,  7.073650725106062E+08, -2.889584268956369E+07,
2451257.995266204, A.D. 1999-Mar-20 11:53:11.0000, -6.389464893658316E+07,  7.073795395810128E+08, -2.890990323045325E+07,
2451258.995266204, A.D. 1999-Mar-21 11:53:11.0000, -6.497968060060424E+07,  7.073920544635775E+08, -2.892388398716825E+07,
2451259.995266204, A.D. 1999-Mar-22 11:53:11.0000, -6.606453379382480E+07,  7.074026180437394E+08, -2.893778495855817E+07,
2451260.995266204, A.D. 1999-Mar-23 11:53:11.0000, -6.714920560562027E+07,  7.074112312090132E+08, -2.895160614360902E+07,
2451261.995266204, A.D. 1999-Mar-24 11:53:11.0000, -6.823369312845406E+07,  7.074178948490018E+08, -2.896534754144374E+07,
2451262.995266204, A.D. 1999-Mar-25 11:53:11.0000, -6.931799345785113E+07,  7.074226098554091E+08, -2.897900915132192E+07,
2451263.995266204, A.D. 1999-Mar-26 11:53:11.0000, -7.040210369237612E+07,  7.074253771220552E+08, -2.899259097263989E+07,
2451264.995266204, A.D. 1999-Mar-27 11:53:11.0000, -7.148602093361558E+07,  7.074261975448868E+08, -2.900609300492975E+07,
2451265.995266204, A.D. 1999-Mar-28 11:53:11.0000, -7.256974228616346E+07,  7.074250720219898E+08, -2.901951524785814E+07,
2451266.995266204, A.D. 1999-Mar-29 11:53:11.0000, -7.365326485760963E+07,  7.074220014536004E+08, -2.903285770122573E+07,
2451267.995266204, A.D. 1999-Mar-30 11:53:11.0000, -7.473658575853053E+07,  7.074169867421125E+08, -2.904612036496550E+07,
2451268.995266204, A.D. 1999-Mar-31 11:53:11.0000, -7.581970210248199E+07,  7.074100287920861E+08, -2.905930323914155E+07,
2451269.995266204, A.D. 1999-Apr-01 11:53:11.0000, -7.690261100599355E+07,  7.074011285102547E+08, -2.907240632394794E+07,
2451270.995266204, A.D. 1999-Apr-02 11:53:11.0000, -7.798530958856401E+07,  7.073902868055278E+08, -2.908542961970678E+07,
2451271.995266204, A.D. 1999-Apr-03 11:53:11.0000, -7.906779497265838E+07,  7.073775045889975E+08, -2.909837312686783E+07,
2451272.995266204, A.D. 1999-Apr-04 11:53:11.0000, -8.015006428370523E+07,  7.073627827739389E+08, -2.911123684600601E+07,
2451273.995266204, A.D. 1999-Apr-05 11:53:11.0000, -8.123211465009512E+07,  7.073461222758130E+08, -2.912402077782062E+07,
2451274.995266204, A.D. 1999-Apr-06 11:53:11.0000, -8.231394320317951E+07,  7.073275240122658E+08, -2.913672492313415E+07,
2451275.995266204, A.D. 1999-Apr-07 11:53:11.0000, -8.339554707726993E+07,  7.073069889031295E+08, -2.914934928289101E+07,
2451276.995266204, A.D. 1999-Apr-08 11:53:11.0000, -8.447692340963767E+07,  7.072845178704182E+08, -2.916189385815537E+07,
2451277.995266204, A.D. 1999-Apr-09 11:53:11.0000, -8.555806934051389E+07,  7.072601118383288E+08, -2.917435865011153E+07,
2451278.995266204, A.D. 1999-Apr-10 11:53:11.0000, -8.663898201308969E+07,  7.072337717332351E+08, -2.918674366006127E+07,
2451279.995266204, A.D. 1999-Apr-11 11:53:11.0000, -8.771965857351644E+07,  7.072054984836848E+08, -2.919904888942343E+07,
2451280.995266204, A.D. 1999-Apr-12 11:53:11.0000, -8.880009617090642E+07,  7.071752930203954E+08, -2.921127433973292E+07,
2451281.995266204, A.D. 1999-Apr-13 11:53:11.0000, -8.988029195733340E+07,  7.071431562762476E+08, -2.922342001263919E+07,
2451282.995266204, A.D. 1999-Apr-14 11:53:11.0000, -9.096024308783329E+07,  7.071090891862797E+08, -2.923548590990570E+07,
2451283.995266204, A.D. 1999-Apr-15 11:53:11.0000, -9.203994672040497E+07,  7.070730926876808E+08, -2.924747203340852E+07,
2451284.995266204, A.D. 1999-Apr-16 11:53:11.0000, -9.311940001601146E+07,  7.070351677197837E+08, -2.925937838513574E+07,
2451285.995266204, A.D. 1999-Apr-17 11:53:11.0000, -9.419860013858029E+07,  7.069953152240559E+08, -2.927120496718636E+07,
2451286.995266204, A.D. 1999-Apr-18 11:53:11.0000, -9.527754425500470E+07,  7.069535361440911E+08, -2.928295178176939E+07,
2451287.995266204, A.D. 1999-Apr-19 11:53:11.0000, -9.635622953514472E+07,  7.069098314256008E+08, -2.929461883120370E+07,
2451288.995266204, A.D. 1999-Apr-20 11:53:11.0000, -9.743465315182798E+07,  7.068642020164028E+08, -2.930620611791611E+07,
2451289.995266204, A.D. 1999-Apr-21 11:53:11.0000, -9.851281228085078E+07,  7.068166488664099E+08, -2.931771364444163E+07,
2451290.995266204, A.D. 1999-Apr-22 11:53:11.0000, -9.959070410097905E+07,  7.067671729276199E+08, -2.932914141342261E+07,
2451291.995266204, A.D. 1999-Apr-23 11:53:11.0000, -1.006683257939491E+08,  7.067157751541018E+08, -2.934048942760801E+07,
2451292.995266204, A.D. 1999-Apr-24 11:53:11.0000, -1.017456745444688E+08,  7.066624565019825E+08, -2.935175768985298E+07,
2451293.995266204, A.D. 1999-Apr-25 11:53:11.0000, -1.028227475402177E+08,  7.066072179294323E+08, -2.936294620311868E+07,
2451294.995266204, A.D. 1999-Apr-26 11:53:11.0000, -1.038995419718483E+08,  7.065500603966490E+08, -2.937405497047141E+07,
2451295.995266204, A.D. 1999-Apr-27 11:53:11.0000, -1.049760550329856E+08,  7.064909848658425E+08, -2.938508399508318E+07,
2451296.995266204, A.D. 1999-Apr-28 11:53:11.0000, -1.060522839202274E+08,  7.064299923012145E+08, -2.939603328023106E+07,
2451297.995266204, A.D. 1999-Apr-29 11:53:11.0000, -1.071282258331436E+08,  7.063670836689405E+08, -2.940690282929757E+07,
2451298.995266204, A.D. 1999-Apr-30 11:53:11.0000, -1.082038779742750E+08,  7.063022599371492E+08, -2.941769264577091E+07,
2451299.995266204, A.D. 1999-May-01 11:53:11.0000, -1.092792375491309E+08,  7.062355220758977E+08, -2.942840273324549E+07,
2451300.995266204, A.D. 1999-May-02 11:53:11.0000, -1.103543017661864E+08,  7.061668710571486E+08, -2.943903309542269E+07,
2451301.995266204, A.D. 1999-May-03 11:53:11.0000, -1.114290678368767E+08,  7.060963078547422E+08, -2.944958373611179E+07,
2451302.995266204, A.D. 1999-May-04 11:53:11.0000, -1.125035329755917E+08,  7.060238334443687E+08, -2.946005465923151E+07,
2451303.995266204, A.D. 1999-May-05 11:53:11.0000, -1.135776943996661E+08,  7.059494488035362E+08, -2.947044586881188E+07,
2451304.995266204, A.D. 1999-May-06 11:53:11.0000, -1.146515493293679E+08,  7.058731549115376E+08, -2.948075736899614E+07,
2451305.995266204, A.D. 1999-May-07 11:53:11.0000, -1.157250949878825E+08,  7.057949527494161E+08, -2.949098916404408E+07,
2451306.995266204, A.D. 1999-May-08 11:53:11.0000, -1.167983286012930E+08,  7.057148432999259E+08, -2.950114125833467E+07,
2451307.995266204, A.D. 1999-May-09 11:53:11.0000, -1.178712473985542E+08,  7.056328275474938E+08, -2.951121365637049E+07,
2451308.995266204, A.D. 1999-May-10 11:53:11.0000, -1.189438486114605E+08,  7.055489064781792E+08, -2.952120636278248E+07,
2451309.995266204, A.D. 1999-May-11 11:53:11.0000, -1.200161294746064E+08,  7.054630810796332E+08, -2.953111938233510E+07,
2451310.995266204, A.D. 1999-May-12 11:53:11.0000, -1.210880872253372E+08,  7.053753523410575E+08, -2.954095271993238E+07,
2451311.995266204, A.D. 1999-May-13 11:53:11.0000, -1.221597191036903E+08,  7.052857212531703E+08, -2.955070638062504E+07,
2451312.995266204, A.D. 1999-May-14 11:53:11.0000, -1.232310223523255E+08,  7.051941888081719E+08, -2.956038036961788E+07,
2451313.995266204, A.D. 1999-May-15 11:53:11.0000, -1.243019942164431E+08,  7.051007559997219E+08, -2.956997469227740E+07,
2451314.995266204, A.D. 1999-May-16 11:53:11.0000, -1.253726319436911E+08,  7.050054238229275E+08, -2.957948935413983E+07,
2451315.995266204, A.D. 1999-May-17 11:53:11.0000, -1.264429327840620E+08,  7.049081932743465E+08, -2.958892436091900E+07,
2451316.995266204, A.D. 1999-May-18 11:53:11.0000, -1.275128939897794E+08,  7.048090653520099E+08, -2.959827971851280E+07,
2451317.995266204, A.D. 1999-May-19 11:53:11.0000, -1.285825128151830E+08,  7.047080410554717E+08, -2.960755543300864E+07,
2451318.995266204, A.D. 1999-May-20 11:53:11.0000, -1.296517865166127E+08,  7.046051213858836E+08, -2.961675151068589E+07,
2451319.995266204, A.D. 1999-May-21 11:53:11.0000, -1.307207123523031E+08,  7.045003073461033E+08, -2.962586795801574E+07,
2451320.995266204, A.D. 1999-May-22 11:53:11.0000, -1.317892875822943E+08,  7.043935999408320E+08, -2.963490478165591E+07,
2451321.995266204, A.D. 1999-May-23 11:53:11.0000, -1.328575094683730E+08,  7.042850001767806E+08, -2.964386198844120E+07,
2451322.995266204, A.D. 1999-May-24 11:53:11.0000, -1.339253752740514E+08,  7.041745090628588E+08, -2.965273958536884E+07,
2451323.995266204, A.D. 1999-May-25 11:53:11.0000, -1.349928822645933E+08,  7.040621276103723E+08, -2.966153757957757E+07,
2451324.995266204, A.D. 1999-May-26 11:53:11.0000, -1.360600277070930E+08,  7.039478568332200E+08, -2.967025597832352E+07,
2451325.995266204, A.D. 1999-May-27 11:53:11.0000, -1.371268088706037E+08,  7.038316977480700E+08, -2.967889478895196E+07,
2451326.995266204, A.D. 1999-May-28 11:53:11.0000, -1.381932230263156E+08,  7.037136513745019E+08, -2.968745401886794E+07,
2451327.995266204, A.D. 1999-May-29 11:53:11.0000, -1.392592674477692E+08,  7.035937187350991E+08, -2.969593367550772E+07,
2451328.995266204, A.D. 1999-May-30 11:53:11.0000, -1.403249394110856E+08,  7.034719008554846E+08, -2.970433376631311E+07,
2451329.995266204, A.D. 1999-May-31 11:53:11.0000, -1.413902361952010E+08,  7.033481987642955E+08, -2.971265429871038E+07,
2451330.995266204, A.D. 1999-Jun-01 11:53:11.0000, -1.424551550820836E+08,  7.032226134930983E+08, -2.972089528009585E+07,
2451331.995266204, A.D. 1999-Jun-02 11:53:11.0000, -1.435196933569194E+08,  7.030951460762591E+08, -2.972905671782789E+07,
2451332.995266204, A.D. 1999-Jun-03 11:53:11.0000, -1.445838483082556E+08,  7.029657975507774E+08, -2.973713861922586E+07,
2451333.995266204, A.D. 1999-Jun-04 11:53:11.0000, -1.456476172280982E+08,  7.028345689560993E+08, -2.974514099157444E+07,
2451334.995266204, A.D. 1999-Jun-05 11:53:11.0000, -1.467109974119610E+08,  7.027014613339268E+08, -2.975306384213391E+07,
2451335.995266204, A.D. 1999-Jun-06 11:53:11.0000, -1.477739861588732E+08,  7.025664757280319E+08, -2.976090717815277E+07,
2451336.995266204, A.D. 1999-Jun-07 11:53:11.0000, -1.488365807713500E+08,  7.024296131840880E+08, -2.976867100688249E+07,
2451337.995266204, A.D. 1999-Jun-08 11:53:11.0000, -1.498987785553370E+08,  7.022908747495235E+08, -2.977635533559346E+07,
2451338.995266204, A.D. 1999-Jun-09 11:53:11.0000, -1.509605768201340E+08,  7.021502614733984E+08, -2.978396017159018E+07,
2451339.995266204, A.D. 1999-Jun-10 11:53:11.0000, -1.520219728783084E+08,  7.020077744063079E+08, -2.979148552222604E+07,
2451340.995266204, A.D. 1999-Jun-11 11:53:11.0000, -1.530829640456040E+08,  7.018634146003073E+08, -2.979893139491588E+07,
2451341.995266204, A.D. 1999-Jun-12 11:53:11.0000, -1.541435476408486E+08,  7.017171831088609E+08, -2.980629779714757E+07,
2451342.995266204, A.D. 1999-Jun-13 11:53:11.0000, -1.552037209858660E+08,  7.015690809868052E+08, -2.981358473649153E+07,
2451343.995266204, A.D. 1999-Jun-14 11:53:11.0000, -1.562634814053939E+08,  7.014191092903277E+08, -2.982079222060800E+07,
2451344.995266204, A.D. 1999-Jun-15 11:53:11.0000, -1.573228262270086E+08,  7.012672690769588E+08, -2.982792025725430E+07,
2451345.995266204, A.D. 1999-Jun-16 11:53:11.0000, -1.583817527810577E+08,  7.011135614055691E+08, -2.983496885428879E+07,
2451346.995266204, A.D. 1999-Jun-17 11:53:11.0000, -1.594402584005999E+08,  7.009579873363750E+08, -2.984193801967475E+07,
2451347.995266204, A.D. 1999-Jun-18 11:53:11.0000, -1.604983404213535E+08,  7.008005479309478E+08, -2.984882776148331E+07,
2451348.995266204, A.D. 1999-Jun-19 11:53:11.0000, -1.615559961816496E+08,  7.006412442522248E+08, -2.985563808789513E+07,
2451349.995266204, A.D. 1999-Jun-20 11:53:11.0000, -1.626132230223933E+08,  7.004800773645236E+08, -2.986236900720140E+07,
2451350.995266204, A.D. 1999-Jun-21 11:53:11.0000, -1.636700182870288E+08,  7.003170483335558E+08, -2.986902052780473E+07,
2451351.995266204, A.D. 1999-Jun-22 11:53:11.0000, -1.647263793215097E+08,  7.001521582264394E+08, -2.987559265821919E+07,
2451352.995266204, A.D. 1999-Jun-23 11:53:11.0000, -1.657823034742733E+08,  6.999854081117135E+08, -2.988208540707040E+07,
2451353.995266204, A.D. 1999-Jun-24 11:53:11.0000, -1.668377880962176E+08,  6.998167990593511E+08, -2.988849878309515E+07,
2451354.995266204, A.D. 1999-Jun-25 11:53:11.0000, -1.678928305406820E+08,  6.996463321407691E+08, -2.989483279514083E+07,
2451355.995266204, A.D. 1999-Jun-26 11:53:11.0000, -1.689474281634295E+08,  6.994740084288403E+08, -2.990108745216510E+07,
2451356.995266204, A.D. 1999-Jun-27 11:53:11.0000, -1.700015783226311E+08,  6.992998289979020E+08, -2.990726276323506E+07,
2451357.995266204, A.D. 1999-Jun-28 11:53:11.0000, -1.710552783788519E+08,  6.991237949237651E+08, -2.991335873752657E+07,
2451358.995266204, A.D. 1999-Jun-29 11:53:11.0000, -1.721085256950383E+08,  6.989459072837199E+08, -2.991937538432336E+07,
2451359.995266204, A.D. 1999-Jun-30 11:53:11.0000, -1.731613176365065E+08,  6.987661671565442E+08, -2.992531271301681E+07,
2451360.995266204, A.D. 1999-Jul-01 11:53:11.0000, -1.742136515709312E+08,  6.985845756225078E+08, -2.993117073310471E+07,
2451361.995266204, A.D. 1999-Jul-02 11:53:11.0000, -1.752655248683362E+08,  6.984011337633766E+08, -2.993694945419079E+07,
2451362.995266204, A.D. 1999-Jul-03 11:53:11.0000, -1.763169349010845E+08,  6.982158426624169E+08, -2.994264888598415E+07,
2451363.995266204, A.D. 1999-Jul-04 11:53:11.0000, -1.773678790438690E+08,  6.980287034043982E+08, -2.994826903829801E+07,
2451364.995266204, A.D. 1999-Jul-05 11:53:11.0000, -1.784183546737042E+08,  6.978397170755956E+08, -2.995380992105022E+07,
2451365.995266204, A.D. 1999-Jul-06 11:53:11.0000, -1.794683591699178E+08,  6.976488847637913E+08, -2.995927154426163E+07,
2451366.995266204, A.D. 1999-Jul-07 11:53:11.0000, -1.805178899141423E+08,  6.974562075582755E+08, -2.996465391805598E+07,
2451367.995266204, A.D. 1999-Jul-08 11:53:11.0000, -1.815669442903075E+08,  6.972616865498477E+08, -2.996995705265924E+07,
2451368.995266204, A.D. 1999-Jul-09 11:53:11.0000, -1.826155196846326E+08,  6.970653228308157E+08, -2.997518095839942E+07,
2451369.995266204, A.D. 1999-Jul-10 11:53:11.0000, -1.836636134856188E+08,  6.968671174949965E+08, -2.998032564570591E+07,
2451370.995266204, A.D. 1999-Jul-11 11:53:11.0000, -1.847112230840420E+08,  6.966670716377146E+08, -2.998539112510893E+07,
2451371.995266204, A.D. 1999-Jul-12 11:53:11.0000, -1.857583458729455E+08,  6.964651863558016E+08, -2.999037740723953E+07,
2451372.995266204, A.D. 1999-Jul-13 11:53:11.0000, -1.868049792476333E+08,  6.962614627475928E+08, -2.999528450282884E+07,
2451373.995266204, A.D. 1999-Jul-14 11:53:11.0000, -1.878511206056628E+08,  6.960559019129272E+08, -3.000011242270789E+07,
2451374.995266204, A.D. 1999-Jul-15 11:53:11.0000, -1.888967673468381E+08,  6.958485049531438E+08, -3.000486117780754E+07,
2451375.995266204, A.D. 1999-Jul-16 11:53:11.0000, -1.899419168732041E+08,  6.956392729710795E+08, -3.000953077915809E+07,
2451376.995266204, A.D. 1999-Jul-17 11:53:11.0000, -1.909865665890388E+08,  6.954282070710635E+08, -3.001412123788893E+07,
2451377.995266204, A.D. 1999-Jul-18 11:53:11.0000, -1.920307139008478E+08,  6.952153083589168E+08, -3.001863256522870E+07,
2451378.995266204, A.D. 1999-Jul-19 11:53:11.0000, -1.930743562173579E+08,  6.950005779419436E+08, -3.002306477250484E+07,
2451379.995266204, A.D. 1999-Jul-20 11:53:11.0000, -1.941174909495108E+08,  6.947840169289296E+08, -3.002741787114385E+07,
2451380.995266204, A.D. 1999-Jul-21 11:53:11.0000, -1.951601155104566E+08,  6.945656264301336E+08, -3.003169187267113E+07,
2451381.995266204, A.D. 1999-Jul-22 11:53:11.0000, -1.962022273155486E+08,  6.943454075572820E+08, -3.003588678871125E+07,
2451382.995266204, A.D. 1999-Jul-23 11:53:11.0000, -1.972438237823361E+08,  6.941233614235609E+08, -3.004000263098791E+07,
2451383.995266204, A.D. 1999-Jul-24 11:53:11.0000, -1.982849023305589E+08,  6.938994891436070E+08, -3.004403941132447E+07,
2451384.995266204, A.D. 1999-Jul-25 11:53:11.0000, -1.993254603821404E+08,  6.936737918334987E+08, -3.004799714164400E+07,
2451385.995266204, A.D. 1999-Jul-26 11:53:11.0000, -2.003654953611811E+08,  6.934462706107439E+08, -3.005187583397046E+07,
2451386.995266204, A.D. 1999-Jul-27 11:53:11.0000, -2.014050046939509E+08,  6.932169265942687E+08, -3.005567550042883E+07,
2451387.995266204, A.D. 1999-Jul-28 11:53:11.0000, -2.024439858088814E+08,  6.929857609044025E+08, -3.005939615324634E+07,
2451388.995266204, A.D. 1999-Jul-29 11:53:11.0000, -2.034824361365568E+08,  6.927527746628627E+08, -3.006303780475351E+07,
2451389.995266204, A.D. 1999-Jul-30 11:53:11.0000, -2.045203531097038E+08,  6.925179689927372E+08, -3.006660046738598E+07,
2451390.995266204, A.D. 1999-Jul-31 11:53:11.0000, -2.055577341631795E+08,  6.922813450184646E+08, -3.007008415368569E+07,
2451391.995266204, A.D. 1999-Aug-01 11:53:11.0000, -2.065945767339571E+08,  6.920429038658124E+08, -3.007348887630370E+07,
2451392.995266204, A.D. 1999-Aug-02 11:53:11.0000, -2.076308782611090E+08,  6.918026466618541E+08, -3.007681464800224E+07,
2451393.995266204, A.D. 1999-Aug-03 11:53:11.0000, -2.086666361857869E+08,  6.915605745349419E+08, -3.008006148165819E+07,
2451394.995266204, A.D. 1999-Aug-04 11:53:11.0000, -2.097018479511967E+08,  6.913166886146806E+08, -3.008322939026678E+07,
2451395.995266204, A.D. 1999-Aug-05 11:53:11.0000, -2.107365110025669E+08,  6.910709900318968E+08, -3.008631838694578E+07,
2451396.995266204, A.D. 1999-Aug-06 11:53:11.0000, -2.117706227871153E+08,  6.908234799186095E+08, -3.008932848494041E+07,
2451397.995266204, A.D. 1999-Aug-07 11:53:11.0000, -2.128041807540023E+08,  6.905741594079993E+08, -3.009225969762918E+07,
2451398.995266204, A.D. 1999-Aug-08 11:53:11.0000, -2.138371823542796E+08,  6.903230296343786E+08, -3.009511203853041E+07,
2451399.995266204, A.D. 1999-Aug-09 11:53:11.0000, -2.148696250408263E+08,  6.900700917331668E+08, -3.009788552130932E+07,
2451400.995266204, A.D. 1999-Aug-10 11:53:11.0000, -2.159015062682769E+08,  6.898153468408673E+08, -3.010058015978536E+07,
2451401.995266204, A.D. 1999-Aug-11 11:53:11.0000, -2.169328234929351E+08,  6.895587960950556E+08, -3.010319596794081E+07,
2451402.995266204, A.D. 1999-Aug-12 11:53:11.0000, -2.179635741726786E+08,  6.893004406343781E+08, -3.010573295992869E+07,
2451403.995266204, A.D. 1999-Aug-13 11:53:11.0000, -2.189937557668517E+08,  6.890402815985664E+08, -3.010819115008038E+07,
2451404.995266204, A.D. 1999-Aug-14 11:53:11.0000, -2.200233657361513E+08,  6.887783201284724E+08, -3.011057055291319E+07,
2451405.995266204, A.D. 1999-Aug-15 11:53:11.0000, -2.210524015425085E+08,  6.885145573661286E+08, -3.011287118313491E+07,
2451406.995266204, A.D. 1999-Aug-16 11:53:11.0000, -2.220808606489711E+08,  6.882489944548345E+08, -3.011509305564716E+07,
2451407.995266204, A.D. 1999-Aug-17 11:53:11.0000, -2.231087405195964E+08,  6.879816325392777E+08, -3.011723618554470E+07,
2451408.995266204, A.D. 1999-Aug-18 11:53:11.0000, -2.241360386193625E+08,  6.877124727656828E+08, -3.011930058811051E+07,
2451409.995266204, A.D. 1999-Aug-19 11:53:11.0000, -2.251627524141085E+08,  6.874415162819890E+08, -3.012128627880615E+07,
2451410.995266204, A.D. 1999-Aug-20 11:53:11.0000, -2.261888793705136E+08,  6.871687642380507E+08, -3.012319327325696E+07,
2451411.995266204, A.D. 1999-Aug-21 11:53:11.0000, -2.272144169561236E+08,  6.868942177858467E+08, -3.012502158723119E+07,
2451412.995266204, A.D. 1999-Aug-22 11:53:11.0000, -2.282393626394310E+08,  6.866178780796877E+08, -3.012677123661622E+07,
2451413.995266204, A.D. 1999-Aug-23 11:53:11.0000, -2.292637138900058E+08,  6.863397462764014E+08, -3.012844223738939E+07,
2451414.995266204, A.D. 1999-Aug-24 11:53:11.0000, -2.302874681786732E+08,  6.860598235354871E+08, -3.013003460558978E+07,
2451415.995266204, A.D. 1999-Aug-25 11:53:11.0000, -2.313106229777278E+08,  6.857781110192156E+08, -3.013154835728893E+07,
2451416.995266204, A.D. 1999-Aug-26 11:53:11.0000, -2.323331757611661E+08,  6.854946098926748E+08, -3.013298350856546E+07,
2451417.995266204, A.D. 1999-Aug-27 11:53:11.0000, -2.333551240049202E+08,  6.852093213237525E+08, -3.013434007548457E+07,
2451418.995266204, A.D. 1999-Aug-28 11:53:11.0000, -2.343764651870748E+08,  6.849222464830637E+08, -3.013561807408360E+07,
2451419.995266204, A.D. 1999-Aug-29 11:53:11.0000, -2.353971967880528E+08,  6.846333865438286E+08, -3.013681752036390E+07,
2451420.995266204, A.D. 1999-Aug-30 11:53:11.0000, -2.364173162907595E+08,  6.843427426817178E+08, -3.013793843029034E+07,
2451421.995266204, A.D. 1999-Aug-31 11:53:11.0000, -2.374368211806794E+08,  6.840503160746745E+08, -3.013898081979585E+07,
2451422.995266204, A.D. 1999-Sep-01 11:53:11.0000, -2.384557089459264E+08,  6.837561079027364E+08, -3.013994470479149E+07,
2451423.995266204, A.D. 1999-Sep-02 11:53:11.0000, -2.394739770772508E+08,  6.834601193478607E+08, -3.014083010117882E+07,
2451424.995266204, A.D. 1999-Sep-03 11:53:11.0000, -2.404916230680126E+08,  6.831623515937674E+08, -3.014163702486551E+07,
2451425.995266204, A.D. 1999-Sep-04 11:53:11.0000, -2.415086444141264E+08,  6.828628058258018E+08, -3.014236549178004E+07,
2451426.995266204, A.D. 1999-Sep-05 11:53:11.0000, -2.425250386139882E+08,  6.825614832308271E+08, -3.014301551788813E+07,
2451427.995266204, A.D. 1999-Sep-06 11:53:11.0000, -2.435408031683910E+08,  6.822583849971356E+08, -3.014358711920613E+07,
2451428.995266204, A.D. 1999-Sep-07 11:53:11.0000, -2.445559355804358E+08,  6.819535123143874E+08, -3.014408031181416E+07,
2451429.995266204, A.D. 1999-Sep-08 11:53:11.0000, -2.455704333554438E+08,  6.816468663735682E+08, -3.014449511186716E+07,
2451430.995266204, A.D. 1999-Sep-09 11:53:11.0000, -2.465842940008710E+08,  6.813384483669649E+08, -3.014483153560439E+07,
2451431.995266204, A.D. 1999-Sep-10 11:53:11.0000, -2.475975150262300E+08,  6.810282594881561E+08, -3.014508959935650E+07,
2451432.995266204, A.D. 1999-Sep-11 11:53:11.0000, -2.486100939430189E+08,  6.807163009320120E+08, -3.014526931955248E+07,
2451433.995266204, A.D. 1999-Sep-12 11:53:11.0000, -2.496220282646581E+08,  6.804025738947043E+08, -3.014537071272352E+07,
2451434.995266204, A.D. 1999-Sep-13 11:53:11.0000, -2.506333155064348E+08,  6.800870795737214E+08, -3.014539379550663E+07,
2451435.995266204, A.D. 1999-Sep-14 11:53:11.0000, -2.516439531854554E+08,  6.797698191678879E+08, -3.014533858464742E+07,
2451436.995266204, A.D. 1999-Sep-15 11:53:11.0000, -2.526539388206044E+08,  6.794507938773857E+08, -3.014520509700146E+07,
2451437.995266204, A.D. 1999-Sep-16 11:53:11.0000, -2.536632699325097E+08,  6.791300049037774E+08, -3.014499334953481E+07,
2451438.995266204, A.D. 1999-Sep-17 11:53:11.0000, -2.546719440435133E+08,  6.788074534500304E+08, -3.014470335932547E+07,
2451439.995266204, A.D. 1999-Sep-18 11:53:11.0000, -2.556799586776467E+08,  6.784831407205403E+08, -3.014433514356232E+07,
2451440.995266204, A.D. 1999-Sep-19 11:53:11.0000, -2.566873113606108E+08,  6.781570679211524E+08, -3.014388871954536E+07,
2451441.995266204, A.D. 1999-Sep-20 11:53:11.0000, -2.576939996197582E+08,  6.778292362591857E+08, -3.014336410468507E+07,
2451442.995266204, A.D. 1999-Sep-21 11:53:11.0000, -2.587000209840799E+08,  6.774996469434520E+08, -3.014276131650156E+07,
2451443.995266204, A.D. 1999-Sep-22 11:53:11.0000, -2.597053729841932E+08,  6.771683011842769E+08, -3.014208037262410E+07,
2451444.995266204, A.D. 1999-Sep-23 11:53:11.0000, -2.607100531523325E+08,  6.768352001935172E+08, -3.014132129078963E+07,
2451445.995266204, A.D. 1999-Sep-24 11:53:11.0000, -2.617140590223415E+08,  6.765003451845782E+08, -3.014048408884215E+07,
2451446.995266204, A.D. 1999-Sep-25 11:53:11.0000, -2.627173881296665E+08,  6.761637373724313E+08, -3.013956878473184E+07,
2451447.995266204, A.D. 1999-Sep-26 11:53:11.0000, -2.637200380113519E+08,  6.758253779736263E+08, -3.013857539651358E+07,
2451448.995266204, A.D. 1999-Sep-27 11:53:11.0000, -2.647220062060355E+08,  6.754852682063076E+08, -3.013750394234625E+07,
2451449.995266204, A.D. 1999-Sep-28 11:53:11.0000, -2.657232902539458E+08,  6.751434092902259E+08, -3.013635444049191E+07,
2451450.995266204, A.D. 1999-Sep-29 11:53:11.0000, -2.667238876968991E+08,  6.747998024467497E+08, -3.013512690931424E+07,
2451451.995266204, A.D. 1999-Sep-30 11:53:11.0000, -2.677237960782977E+08,  6.744544488988777E+08, -3.013382136727828E+07,
2451452.995266204, A.D. 1999-Oct-01 11:53:11.0000, -2.687230129431288E+08,  6.741073498712473E+08, -3.013243783294886E+07,
2451453.995266204, A.D. 1999-Oct-02 11:53:11.0000, -2.697215358379630E+08,  6.737585065901458E+08, -3.013097632499015E+07,
2451454.995266204, A.D. 1999-Oct-03 11:53:11.0000, -2.707193623109546E+08,  6.734079202835175E+08, -3.012943686216465E+07,
2451455.995266204, A.D. 1999-Oct-04 11:53:11.0000, -2.717164899118407E+08,  6.730555921809720E+08, -3.012781946333206E+07,
2451456.995266204, A.D. 1999-Oct-05 11:53:11.0000, -2.727129161919420E+08,  6.727015235137930E+08, -3.012612414744896E+07,
2451457.995266204, A.D. 1999-Oct-06 11:53:11.0000, -2.737086387041630E+08,  6.723457155149426E+08, -3.012435093356749E+07,
2451458.995266204, A.D. 1999-Oct-07 11:53:11.0000, -2.747036550029927E+08,  6.719881694190700E+08, -3.012249984083512E+07,
2451459.995266204, A.D. 1999-Oct-08 11:53:11.0000, -2.756979626445064E+08,  6.716288864625145E+08, -3.012057088849372E+07,
2451460.995266204, A.D. 1999-Oct-09 11:53:11.0000, -2.766915591863660E+08,  6.712678678833125E+08, -3.011856409587836E+07,
2451461.995266204, A.D. 1999-Oct-10 11:53:11.0000, -2.776844421878224E+08,  6.709051149211998E+08, -3.011647948241740E+07,
2451462.995266204, A.D. 1999-Oct-11 11:53:11.0000, -2.786766092097170E+08,  6.705406288176173E+08, -3.011431706763133E+07,
2451463.995266204, A.D. 1999-Oct-12 11:53:11.0000, -2.796680578144841E+08,  6.701744108157123E+08, -3.011207687113261E+07,
2451464.995266204, A.D. 1999-Oct-13 11:53:11.0000, -2.806587855661528E+08,  6.698064621603420E+08, -3.010975891262460E+07,
2451465.995266204, A.D. 1999-Oct-14 11:53:11.0000, -2.816487900303500E+08,  6.694367840980737E+08, -3.010736321190137E+07,
2451466.995266204, A.D. 1999-Oct-15 11:53:11.0000, -2.826380687743027E+08,  6.690653778771876E+08, -3.010488978884712E+07,
2451467.995266204, A.D. 1999-Oct-16 11:53:11.0000, -2.836266193668414E+08,  6.686922447476749E+08, -3.010233866343582E+07,
2451468.995266204, A.D. 1999-Oct-17 11:53:11.0000, -2.846144393784027E+08,  6.683173859612374E+08, -3.009970985573080E+07,
2451469.995266204, A.D. 1999-Oct-18 11:53:11.0000, -2.856015263810328E+08,  6.679408027712861E+08, -3.009700338588443E+07,
2451470.995266204, A.D. 1999-Oct-19 11:53:11.0000, -2.865878779483905E+08,  6.675624964329376E+08, -3.009421927413815E+07,
2451471.995266204, A.D. 1999-Oct-20 11:53:11.0000, -2.875734916557510E+08,  6.671824682030101E+08, -3.009135754082212E+07,
2451472.995266204, A.D. 1999-Oct-21 11:53:11.0000, -2.885583650800077E+08,  6.668007193400167E+08, -3.008841820635527E+07,
2451473.995266204, A.D. 1999-Oct-22 11:53:11.0000, -2.895424957996756E+08,  6.664172511041601E+08, -3.008540129124591E+07,
2451474.995266204, A.D. 1999-Oct-23 11:53:11.0000, -2.905258813948943E+08,  6.660320647573227E+08, -3.008230681609145E+07,
2451475.995266204, A.D. 1999-Oct-24 11:53:11.0000, -2.915085194474282E+08,  6.656451615630556E+08, -3.007913480157945E+07,
2451476.995266204, A.D. 1999-Oct-25 11:53:11.0000, -2.924904075406684E+08,  6.652565427865672E+08, -3.007588526848814E+07,
2451477.995266204, A.D. 1999-Oct-26 11:53:11.0000, -2.934715432596318E+08,  6.648662096947086E+08, -3.007255823768795E+07,
2451478.995266204, A.D. 1999-Oct-27 11:53:11.0000, -2.944519241909586E+08,  6.644741635559562E+08, -3.006915373014241E+07,
2451479.995266204, A.D. 1999-Oct-28 11:53:11.0000, -2.954315479229084E+08,  6.640804056403923E+08, -3.006567176691017E+07,
2451480.995266204, A.D. 1999-Oct-29 11:53:11.0000, -2.964104120453526E+08,  6.636849372196848E+08, -3.006211236914748E+07,
2451481.995266204, A.D. 1999-Oct-30 11:53:11.0000, -2.973885141497641E+08,  6.632877595670627E+08, -3.005847555811056E+07,
2451482.995266204, A.D. 1999-Oct-31 11:53:11.0000, -2.983658518292017E+08,  6.628888739572908E+08, -3.005476135515940E+07,
2451483.995266204, A.D. 1999-Nov-01 11:53:11.0000, -2.993424226782907E+08,  6.624882816666406E+08, -3.005096978176126E+07,
2451484.995266204, A.D. 1999-Nov-02 11:53:11.0000, -3.003182242931950E+08,  6.620859839728630E+08, -3.004710085949582E+07,
2451485.995266204, A.D. 1999-Nov-03 11:53:11.0000, -3.012932542715839E+08,  6.616819821551596E+08, -3.004315461006027E+07,
2451486.995266204, A.D. 1999-Nov-04 11:53:11.0000, -3.022675102125879E+08,  6.612762774941516E+08, -3.003913105527538E+07,
2451487.995266204, A.D. 1999-Nov-05 11:53:11.0000, -3.032409897167464E+08,  6.608688712718565E+08, -3.003503021709228E+07,
2451488.995266204, A.D. 1999-Nov-06 11:53:11.0000, -3.042136903859434E+08,  6.604597647716678E+08, -3.003085211760017E+07,
2451489.995266204, A.D. 1999-Nov-07 11:53:11.0000, -3.051856098233318E+08,  6.600489592783417E+08, -3.002659677903366E+07,
2451490.995266204, A.D. 1999-Nov-08 11:53:11.0000, -3.061567456332473E+08,  6.596364560779964E+08, -3.002226422378081E+07,
2451491.995266204, A.D. 1999-Nov-09 11:53:11.0000, -3.071270954211110E+08,  6.592222564581289E+08, -3.001785447439080E+07,
2451492.995266204, A.D. 1999-Nov-10 11:53:11.0000, -3.080966567933241E+08,  6.588063617076471E+08, -3.001336755357996E+07,
2451493.995266204, A.D. 1999-Nov-11 11:53:11.0000, -3.090654273571594E+08,  6.583887731169318E+08, -3.000880348423725E+07,
2451494.995266204, A.D. 1999-Nov-12 11:53:11.0000, -3.100334047206538E+08,  6.579694919779246E+08, -3.000416228942654E+07,
2451495.995266204, A.D. 1999-Nov-13 11:53:11.0000, -3.110005864925111E+08,  6.575485195842464E+08, -2.999944399238542E+07,
2451496.995266204, A.D. 1999-Nov-14 11:53:11.0000, -3.119669702820228E+08,  6.571258572313464E+08, -2.999464861652043E+07,
2451497.995266204, A.D. 1999-Nov-15 11:53:11.0000, -3.129325536990183E+08,  6.567015062166798E+08, -2.998977618539643E+07,
2451498.995266204, A.D. 1999-Nov-16 11:53:11.0000, -3.138973343538563E+08,  6.562754678399062E+08, -2.998482672272161E+07,
2451499.995266204, A.D. 1999-Nov-17 11:53:11.0000, -3.148613098574614E+08,  6.558477434030969E+08, -2.997980025232622E+07,
2451500.995266204, A.D. 1999-Nov-18 11:53:11.0000, -3.158244778214139E+08,  6.554183342109396E+08, -2.997469679813799E+07,
2451501.995266204, A.D. 1999-Nov-19 11:53:11.0000, -3.167868358580916E+08,  6.549872415709218E+08, -2.996951638415372E+07,
2451502.995266204, A.D. 1999-Nov-20 11:53:11.0000, -3.177483815808585E+08,  6.545544667934771E+08, -2.996425903440928E+07,
2451503.995266204, A.D. 1999-Nov-21 11:53:11.0000, -3.187091126042880E+08,  6.541200111920850E+08, -2.995892477295157E+07,
2451504.995266204, A.D. 1999-Nov-22 11:53:11.0000, -3.196690265444033E+08,  6.536838760833088E+08, -2.995351362381232E+07,
2451505.995266204, A.D. 1999-Nov-23 11:53:11.0000, -3.206281210189207E+08,  6.532460627867746E+08, -2.994802561098772E+07,
2451506.995266204, A.D. 1999-Nov-24 11:53:11.0000, -3.215863936474737E+08,  6.528065726250916E+08, -2.994246075842375E+07,
2451507.995266204, A.D. 1999-Nov-25 11:53:11.0000, -3.225438420518066E+08,  6.523654069237261E+08, -2.993681909000868E+07,
2451508.995266204, A.D. 1999-Nov-26 11:53:11.0000, -3.235004638559234E+08,  6.519225670108405E+08, -2.993110062957200E+07,
2451509.995266204, A.D. 1999-Nov-27 11:53:11.0000, -3.244562566861919E+08,  6.514780542171134E+08, -2.992530540088943E+07,
2451510.995266204, A.D. 1999-Nov-28 11:53:11.0000, -3.254112181714007E+08,  6.510318698755538E+08, -2.991943342769235E+07,
2451511.995266204, A.D. 1999-Nov-29 11:53:11.0000, -3.263653459427719E+08,  6.505840153213239E+08, -2.991348473368099E+07,
2451512.995266204, A.D. 1999-Nov-30 11:53:11.0000, -3.273186376339412E+08,  6.501344918915765E+08, -2.990745934253889E+07,
2451513.995266204, A.D. 1999-Dec-01 11:53:11.0000, -3.282710908809088E+08,  6.496833009253161E+08, -2.990135727794898E+07,
2451514.995266204, A.D. 1999-Dec-02 11:53:11.0000, -3.292227033219728E+08,  6.492304437632825E+08, -2.989517856360817E+07,
2451515.995266204, A.D. 1999-Dec-03 11:53:11.0000, -3.301734725976518E+08,  6.487759217478609E+08, -2.988892322324190E+07,
2451516.995266204, A.D. 1999-Dec-04 11:53:11.0000, -3.311233963506017E+08,  6.483197362230139E+08, -2.988259128061646E+07,
2451517.995266204, A.D. 1999-Dec-05 11:53:11.0000, -3.320724722255347E+08,  6.478618885342349E+08, -2.987618275955072E+07,
2451518.995266204, A.D. 1999-Dec-06 11:53:11.0000, -3.330206978691401E+08,  6.474023800285174E+08, -2.986969768392426E+07,
2451519.995266204, A.D. 1999-Dec-07 11:53:11.0000, -3.339680709300123E+08,  6.469412120543402E+08, -2.986313607768583E+07,
2451520.995266204, A.D. 1999-Dec-08 11:53:11.0000, -3.349145890585855E+08,  6.464783859616618E+08, -2.985649796485916E+07,
2451521.995266204, A.D. 1999-Dec-09 11:53:11.0000, -3.358602499070762E+08,  6.460139031019231E+08, -2.984978336954722E+07,
2451522.995266204, A.D. 1999-Dec-10 11:53:11.0000, -3.368050511294333E+08,  6.455477648280571E+08, -2.984299231593582E+07,
2451523.995266204, A.D. 1999-Dec-11 11:53:11.0000, -3.377489903812960E+08,  6.450799724944998E+08, -2.983612482829624E+07,
2451524.995266204, A.D. 1999-Dec-12 11:53:11.0000, -3.386920653199565E+08,  6.446105274572083E+08, -2.982918093098682E+07,
2451525.995266204, A.D. 1999-Dec-13 11:53:11.0000, -3.396342736043315E+08,  6.441394310736732E+08, -2.982216064845341E+07,
2451526.995266204, A.D. 1999-Dec-14 11:53:11.0000, -3.405756128949365E+08,  6.436666847029386E+08, -2.981506400523075E+07,
2451527.995266204, A.D. 1999-Dec-15 11:53:11.0000, -3.415160808538656E+08,  6.431922897056160E+08, -2.980789102594173E+07,
2451528.995266204, A.D. 1999-Dec-16 11:53:11.0000, -3.424556751447748E+08,  6.427162474439017E+08, -2.980064173529798E+07,
2451529.995266204, A.D. 1999-Dec-17 11:53:11.0000, -3.433943934328687E+08,  6.422385592815890E+08, -2.979331615809825E+07,
2451530.995266204, A.D. 1999-Dec-18 11:53:11.0000, -3.443322333848901E+08,  6.417592265840850E+08, -2.978591431922942E+07,
2451531.995266204, A.D. 1999-Dec-19 11:53:11.0000, -3.452691926691110E+08,  6.412782507184190E+08, -2.977843624366432E+07,
2451532.995266204, A.D. 1999-Dec-20 11:53:11.0000, -3.462052689553261E+08,  6.407956330532558E+08, -2.977088195646176E+07,
2451533.995266204, A.D. 1999-Dec-21 11:53:11.0000, -3.471404599148475E+08,  6.403113749589056E+08, -2.976325148276573E+07,
2451534.995266204, A.D. 1999-Dec-22 11:53:11.0000, -3.480747632205007E+08,  6.398254778073301E+08, -2.975554484780437E+07,
2451535.995266204, A.D. 1999-Dec-23 11:53:11.0000, -3.490081765466216E+08,  6.393379429721518E+08, -2.974776207688913E+07,
2451536.995266204, A.D. 1999-Dec-24 11:53:11.0000, -3.499406975690534E+08,  6.388487718286597E+08, -2.973990319541425E+07,
2451537.995266204, A.D. 1999-Dec-25 11:53:11.0000, -3.508723239651456E+08,  6.383579657538130E+08, -2.973196822885573E+07,
2451538.995266204, A.D. 1999-Dec-26 11:53:11.0000, -3.518030534137524E+08,  6.378655261262474E+08, -2.972395720277095E+07,
2451539.995266204, A.D. 1999-Dec-27 11:53:11.0000, -3.527328835952308E+08,  6.373714543262770E+08, -2.971587014279765E+07,
2451540.995266204, A.D. 1999-Dec-28 11:53:11.0000, -3.536618121914412E+08,  6.368757517358968E+08, -2.970770707465327E+07,
2451541.995266204, A.D. 1999-Dec-29 11:53:11.0000, -3.545898368857455E+08,  6.363784197387846E+08, -2.969946802413490E+07,
2451542.995266204, A.D. 1999-Dec-30 11:53:11.0000, -3.555169553630077E+08,  6.358794597203023E+08, -2.969115301711807E+07,
